datasets/raw_datasets/Hayden/BOM_gridded_climate/rainfall_variability/varmay.txt
ncols         178
nrows         139
xllcorner     111.875
yllcorner     -44.625
cellsize      0.25
NODATA_value  -9999
[rows 0 to 27 of 139, columns 63 to 125 of 178]
3.793375 3.581528 3.470686 3.450318 3.49332 3.421302 3.265359 3.369419 3.445158 3.440108 3.455133 3.541191 3.758903 4.07651 4.630014 5.028373 4.911996 4.766843 5.05092 4.9929 4.537438 4.506976 4.540753 4.253333 4.120825 4.000374 3.798976 3.711373 3.603465 3.607354 3.282482 3.084297 2.968432 2.888621 3.001263 2.83559 2.760029 2.464043 2.234493 2.137463 2.033348 1.905694 1.949886 1.907985 1.835288 2.054555 2.110669 2.08882 2.164945 2.222199 2.217899 2.290863 2.359175 2.392412 2.284387 2.455583 2.434793 2.514297 2.362721 2.299554 2.185412 1.856578 1.701046
4.068145 3.68812 3.541976 3.482671 3.553012 3.523194 3.41241 3.278097 3.306909 3.161788 3.430746 3.591424 4.030468 4.580922 4.835321 4.588445 4.891458 5.478182 5.097457 5.423831 5.42135 5.229562 4.943411 4.602699 4.186197 3.919384 3.713391 3.677617 3.613872 3.646758 3.321222 3.192915 3.09796 2.941096 2.941834 2.992233 2.910544 2.611768 2.343865 2.171668 2.118731 1.930038 1.912282 2.024451 1.867975 2.035493 2.075409 2.092134 2.189661 2.20948 2.225019 2.173711 2.293049 2.17047 2.129408 2.190615 2.280092 2.213935 2.038597 1.800673 1.814755 1.7415 1.655741
4.327081 3.946174 3.681666 3.585762 3.59658 3.534284 3.404812 3.28737 3.251296 3.917804 3.963474 4.039262 3.908354 4.253927 4.836863 4.703629 4.773018 5.765991 5.447446 5.418847 5.26388 5.14286 4.943669 4.789473 4.323095 3.694967 3.632753 3.568115 3.736614 3.545038 3.559016 3.357991 3.238958 2.951438 3.01186 3.060437 2.989796 2.782408 2.427918 2.293346 2.200221 2.041593 1.930226 1.952158 1.974425 2.024513 2.107959 2.129703 2.117987 2.236895 2.212827 2.182226 2.300551 2.076024 2.012631 2.024653 1.996851 2.176762 2.051386 2.003684 1.749212 1.751737 1.654191
4.588803 4.19783 3.907483 3.724977 3.726333 3.633738 3.317057 2.988878 3.673712 3.933051 3.866888 4.153113 3.641768 3.991414 4.965611 4.457739 4.806623 5.624408 5.900254 5.352355 5.557098 4.837088 5.047799 5.274457 4.524295 3.540867 3.751565 3.760429 3.734651 3.514127 3.484928 3.482193 3.429738 3.17349 3.076928 3.152083 3.035885 2.902164 2.654401 2.464931 2.293708 2.111642 1.996441 1.966171 2.023596 1.986976 2.165708 2.221643 2.167859 2.200824 2.2631 2.240906 2.366176 2.190008 2.180998 2.13649 2.047346 2.04771 1.98826 1.796464 1.748799 1.714714 1.726116
4.988022 4.425447 4.103389 3.962773 3.750865 3.614945 3.225264 3.415356 3.710568 3.809761 3.86049 4.162539 4.007482 3.732043 5.039081 4.513836 4.752152 5.493473 6.18143 5.592026 5.185383 4.890843 5.267796 5.191212 4.76052 4.019116 3.653934 3.593195 3.594028 3.466373 3.576956 3.793043 3.721117 3.303165 3.233382 3.233032 3.281547 3.032963 2.936052 2.719621 2.420615 2.175315 2.030899 1.971452 2.001745 2.040967 2.059368 2.227881 2.310022 2.238765 2.244045 2.316678 2.356677 2.19506 2.093437 2.013284 1.934177 1.707117 1.80769 1.728146 1.693226 1.687237 1.580713
5.144623 4.757854 4.319343 4.157883 3.876646 3.493172 3.209425 3.400719 3.51598 3.892076 4.266995 4.019236 3.810426 3.362523 5.131747 4.593838 4.664817 5.052219 6.02131 5.251054 5.006562 5.355649 5.662267 6.299262 5.679864 4.512411 3.869004 3.383356 3.427668 3.567053 3.667054 3.661945 3.780898 3.371321 3.266128 3.366965 3.252823 3.259816 2.997831 2.851907 2.666047 2.365333 2.127223 2.120234 1.98664 2.001174 2.021606 2.199505 2.399161 2.372521 2.409404 2.395606 2.424042 2.31418 2.205023 2.024647 1.911134 1.567186 1.714 1.744205 1.625502 1.502867 1.483074
5.075389 4.738356 4.509689 4.288724 4.010072 3.601939 3.375055 3.113578 3.818682 3.625134 4.022545 3.567066 3.398571 3.462284 3.998836 4.960666 4.639229 4.793456 5.396913 5.146928 4.735477 5.571398 6.642166 5.995771 5.047452 4.253892 4.051728 3.665795 3.229278 3.538699 3.685686 3.932332 3.562567 3.437735 3.638081 3.459755 3.498 3.494891 3.282844 3.068439 2.783804 2.559279 2.291317 2.194792 2.052014 1.997602 2.06553 2.26193 2.361325 2.471695 2.513092 2.488881 2.353034 2.340582 2.203335 1.967352 1.836564 1.776479 1.638356 1.746753 1.599705 1.462019 1.409763
5.764587 4.797275 4.607569 4.495694 4.247336 3.937126 3.557845 3.801156 3.687001 4.221712 4.063776 3.446398 3.119388 3.330263 3.602597 4.45981 4.793373 4.93785 6.094951 4.887413 4.518109 5.077573 5.697644 5.859554 5.09827 3.966187 4.477493 3.9225 3.728159 3.468633 3.660706 3.958559 3.767271 3.576747 3.75082 3.724505 3.565338 3.682921 3.475711 3.396555 3.090586 2.809919 2.573331 2.303647 2.182309 2.04823 2.11975 2.275809 2.389026 2.535809 2.460682 2.463346 2.531873 2.502246 2.325161 2.37879 2.180429 1.76309 1.628783 1.573738 1.637514 1.600253 1.750062
5.960156 5.532204 4.889118 4.754597 4.451841 4.216473 3.982899 4.239639 4.24255 3.720897 3.888614 3.739363 3.431593 3.980946 3.940039 4.619504 5.54427 5.066476 5.144232 5.43669 5.824021 5.348161 5.756605 5.447541 4.71663 4.332804 4.669465 3.916148 4.052257 3.748184 3.837509 4.324699 4.06379 3.612107 3.724777 3.931003 3.728219 3.827887 3.801682 3.476641 3.255378 2.907327 2.767572 2.443339 2.217585 2.194619 2.139638 2.311592 2.423414 2.61731 2.567626 2.93373 3.059948 3.118719 3.044021 2.903454 2.400042 1.868083 1.692752 1.762632 1.743392 1.873272 1.85506
6.368945 6.185977 5.464031 4.962826 4.745718 4.578226 4.495823 4.704739 4.53945 4.04267 4.110909 4.077083 4.969249 5.772711 4.614532 4.748545 5.54763 5.372714 5.300066 5.883457 6.813646 7.43365 7.099601 5.832164 4.933207 4.518594 4.59147 3.959703 4.149632 4.152921 4.209653 4.412088 3.798487 3.604231 3.642467 3.948758 3.841775 3.9003 3.812909 3.548497 3.340579 2.952016 2.797101 2.532136 2.309453 2.331434 2.363522 2.379469 2.610192 2.716329 2.752784 2.723663 3.862087 3.792653 3.794907 3.820814 3.351353 2.454271 2.246542 1.988707 2.164727 1.975612 2.025067
7.045479 6.097939 5.895593 5.243421 4.857256 4.824437 4.673837 4.818351 4.828275 4.503536 4.188596 4.562966 5.763219 5.177908 4.297079 5.260976 5.342796 4.758128 5.460023 5.630435 6.880322 7.958463 8.672544 7.06401 5.670484 4.568152 4.334965 4.783129 4.896765 4.461028 4.043683 3.794739 3.730241 3.94223 3.723983 3.867458 3.942617 3.689411 3.649046 3.57849 3.35036 3.024014 2.81896 2.49143 2.400631 2.537599 2.51459 2.697954 2.798666 3.050923 3.143134 3.920337 4.438203 5.044513 4.678391 4.225013 4.052017 3.315708 2.615338 2.327463 2.148145 2.080801 2.087726
8.268616 6.664209 5.993101 5.55651 5.161196 4.880875 4.664392 4.852017 4.735003 4.721145 4.062135 3.699357 4.354343 4.619747 4.187212 5.223662 5.305408 4.732185 5.620499 5.932415 5.834818 7.12998 6.564509 6.535836 6.40836 5.002718 4.732245 5.181449 4.563951 3.948912 3.892593 3.390451 3.637752 4.189842 3.520343 3.356353 3.357721 3.656267 3.390156 3.366346 3.186272 3.054696 2.674777 2.550597 2.409455 2.735305 2.920817 3.030727 3.292851 4.060076 3.985899 5.711544 5.820858 6.174144 5.497783 4.60468 4.41169 3.505386 3.012938 2.595356 2.454602 2.224264 2.427062
8.325895 7.67044 6.090254 5.977012 5.829515 5.390629 5.677119 5.55743 5.061921 5.147929 4.785185 4.656316 5.057629 6.531977 6.424127 5.758707 6.854052 6.498206 6.121884 6.237433 6.746757 6.000848 5.843978 5.910734 5.640159 5.456188 5.026247 4.765643 4.715528 4.267591 3.592004 3.359948 3.437565 3.596899 3.426925 3.418099 3.307014 3.205996 3.049759 3.048419 2.992632 2.69906 2.43691 2.479392 2.459491 2.830562 3.112709 3.222769 4.206454 5.014084 4.707334 7.010534 8.431679 8.345547 5.97857 5.203687 4.212559 3.653586 3.512445 2.357432 2.55672 2.575394 2.681755
8.394422 8.805573 7.199142 6.471958 5.860967 6.35886 6.450625 5.949771 5.291615 4.739772 5.698638 6.41747 7.088622 7.781782 9.645336 10.04213 9.144385 8.005564 6.90111 6.633196 5.978652 6.507664 5.589109 5.37357 5.195676 5.238424 5.263827 4.23741 4.071387 4.141908 3.744816 3.415001 3.594818 3.603704 3.196288 3.060594 3.384964 3.310896 3.284349 3.094858 2.819991 2.594173 2.456913 2.515499 2.517524 3.027448 3.231466 3.717941 4.258746 5.764609 5.629257 9.430753 11.11514 9.272996 6.875229 4.712368 4.156286 3.42089 3.299813 2.700636 2.733518 2.615519 2.630402
8.637034 8.938077 8.25298 7.324926 8.136625 8.507579 8.555093 9.052402 6.777113 6.045887 8.27629 8.607195 9.151147 9.385331 12.64717 13.67911 10.22798 7.973118 7.597292 6.991902 6.44236 5.717906 6.371455 6.477507 7.480287 6.826521 5.898449 4.976732 4.873136 4.405727 3.758407 3.45963 3.837878 4.365268 3.925861 3.378928 3.237286 3.612619 3.545808 3.252069 3.051092 2.766206 2.711382 2.737619 2.761344 3.471299 3.756079 4.16775 5.016854 7.054916 10.53316 9.684511 11.77869 10.3136 7.862256 5.215026 3.977828 4.0239 3.727766 3.921314 2.88191 2.5673 2.399576
9.872046 9.31988 7.93738 7.720314 9.635803 10.71509 10.92002 11.91486 9.866587 8.701818 11.14774 11.42226 10.52582 11.69549 11.66274 13.26426 11.59556 8.449775 7.703206 8.711576 10.30376 8.628083 7.574129 8.418438 7.722776 7.405072 6.565164 6.018531 5.456795 5.243933 4.103846 3.594565 4.538119 4.767567 4.578177 3.715112 3.586249 3.50351 3.635285 3.344373 2.8697 2.643341 2.784571 2.823058 3.163006 3.647373 3.968419 5.282809 5.838169 12.59948 19.39161 18.73442 14.84962 15.69054 11.50189 7.088145 4.877019 5.315872 5.218209 5.301925 3.735289 2.94178 2.395354
11.33791 10.24519 9.43885 9.426796 8.65864 11.05138 13.14552 14.3826 13.53721 9.949476 11.70639 17.33695 14.24085 14.44212 14.71955 11.89297 11.08782 9.537837 8.462083 9.216483 9.766864 9.453888 7.93938 8.651296 7.159218 7.22547 7.464039 7.735566 6.420845 5.33522 4.843003 4.028865 4.853256 5.006816 5.216704 4.550114 3.79565 3.552314 3.507354 3.039665 2.801793 2.791207 2.674597 2.983727 3.523962 3.926315 4.350152 6.783046 8.855677 17.32372 27.84785 21.1124 19.27682 17.05062 13.24845 9.818283 6.171143 6.067214 5.369564 5.435792 5.341087 3.667646 2.650348
13.37053 11.13827 11.52096 10.67684 10.0091 12.36805 14.26269 18.26453 20.09609 15.23752 13.07923 16.22574 15.24818 12.29569 11.30303 11.5324 8.76298 9.225636 11.21118 10.16843 8.336532 8.415525 9.284074 9.546124 9.888516 10.90385 10.29222 8.86086 7.750728 6.432839 5.713574 5.077617 4.558541 4.793279 5.523127 4.742153 3.925573 3.723929 3.442118 3.072976 3.154058 2.872796 2.845649 3.31635 4.049903 4.517396 6.647914 8.936742 14.99445 26.31055 39.78648 76.51496 92.80951 102.006 25.6697 9.69048 7.503507 6.044901 6.635042 6.281257 4.866929 4.160953 3.046185
14.16793 13.22608 12.85413 12.64353 11.52595 12.24616 15.3434 18.90082 20.79406 17.69498 13.52673 13.47999 11.07144 10.36001 9.172463 11.16646 10.40489 11.6208 20.53324 12.73143 9.189939 11.0222 12.14126 11.26571 11.23946 10.00845 12.56832 12.50531 8.32669 6.766409 7.397496 5.532254 4.745562 4.773331 4.892435 4.888571 4.22259 3.768504 3.630663 3.364742 3.402749 3.29855 3.261952 3.930444 4.350714 6.046822 8.474294 12.77064 26.91518 58.07558 82.86737 -9999 1783.246 -9999 57.82614 12.87748 7.148046 5.389943 6.29644 5.050158 4.213974 3.189059 2.773948
20.28067 17.77974 13.58258 14.34159 13.17106 13.36552 15.86862 17.44213 22.62 20.82037 15.14367 12.51778 9.956765 9.756922 11.01211 11.22253 12.54877 10.26674 10.4232 10.3123 10.40018 15.63275 21.5953 16.60254 11.57721 18.41488 18.19552 17.77265 9.990786 8.046588 7.558722 6.81753 6.585505 5.102744 4.469781 4.622629 3.991832 3.56408 3.556121 3.452797 3.460638 3.595717 4.072912 4.374396 4.907185 7.544858 12.49155 17.95546 53.32155 78.59988 -9999 -9999 -9999 -9999 66.18226 20.56775 8.224272 5.855466 5.544283 4.344692 3.741719 3.239462 2.849931
21.38222 22.30261 17.89658 16.29038 14.4656 15.97535 16.78754 16.96974 23.32049 35.48695 26.35145 18.71931 15.83717 17.05348 16.73115 15.7493 14.72922 12.14561 12.00017 11.4456 12.22133 19.95068 23.62456 21.00256 18.74395 17.56023 16.99399 15.44125 12.37176 10.45572 9.063725 8.357448 8.226352 6.643445 6.017874 5.29903 4.883799 4.63039 4.497074 4.258777 4.089173 4.414571 4.759275 5.075558 6.204468 9.641717 17.87603 25.60643 44.83796 308.0965 1838.323 -9999 -9999 -9999 77.42095 21.1642 9.677542 5.163336 4.8255 4.336321 3.839063 3.72328 3.134151
16.884 15.91451 16.80563 17.31288 15.72604 14.30593 17.70528 20.22999 26.04198 42.51314 35.60289 26.23374 21.74356 22.28485 19.5877 24.14568 20.11203 16.03624 10.66894 10.91613 14.91177 26.29522 27.46081 22.61866 16.23623 14.31071 15.82613 15.48952 11.19454 12.76161 10.6048 11.09575 10.02251 9.886334 8.999886 8.496423 8.508218 7.132354 5.882297 5.89552 5.214828 5.392961 5.580067 6.043304 7.281686 10.24853 14.02957 22.06843 38.94806 59.77238 78.84019 -9999 -9999 -9999 46.59548 17.75575 9.073664 5.142799 4.427004 3.9274 3.352438 3.605823 3.441459
15.81346 15.15407 13.88875 18.1759 15.96155 16.43935 20.8984 30.99157 31.67283 41.8412 71.35553 51.47686 34.01711 25.39068 26.17497 27.70194 23.49542 17.79922 16.22955 16.46942 20.42228 26.84683 29.29265 21.50326 23.60043 17.21407 17.29157 17.10954 15.16352 17.68356 14.35295 13.61582 12.52049 11.73428 11.59354 11.70536 11.81457 10.21085 8.7331 6.602579 6.73922 6.373284 5.588155 6.572704 7.966209 9.535288 12.65367 20.04891 25.52831 52.26553 70.79629 421.5298 -9999 -9999 39.5621 19.31241 9.000398 6.320084 4.509628 4.266461 3.56198 3.132657 3.16458
14.18194 14.2398 13.98739 16.50147 19.31615 17.83901 24.6712 32.00042 44.48356 37.90749 61.95142 45.84743 23.0189 32.41517 36.46071 24.55267 21.35003 16.89128 16.86238 18.6875 30.49426 30.11578 28.89106 20.393 22.6116 19.11148 20.05147 16.46782 9.989502 13.88192 17.22184 16.41608 15.22862 14.58246 15.35912 16.68327 17.56735 16.25113 10.69113 8.281719 6.945951 7.145705 5.866636 6.001901 6.729742 7.627885 10.31044 12.61115 22.92656 27.61609 29.22381 151.6435 -9999 -9999 26.9993 21.06976 11.58319 7.526957 5.53855 4.515074 3.895199 3.615494 3.422541
13.28744 13.84308 12.76372 16.42378 15.747 16.63255 24.73188 25.81701 32.7494 29.28303 30.67479 25.46563 18.31048 23.76328 31.22332 28.15168 22.48295 19.38864 17.3981 20.66666 22.67611 23.86164 30.92485 18.95845 16.26266 16.97561 20.1686 17.89894 14.5127 12.23584 16.5856 13.88684 14.23818 16.87613 14.34 19.28905 18.72503 17.30907 12.19065 9.701355 6.687567 6.481099 6.268235 6.286143 7.028312 8.331517 8.828542 11.74018 18.63156 17.78831 25.41573 60.01102 2939.721 78.18037 40.78074 15.18102 9.638932 7.533947 5.777726 4.638514 4.281132 3.810306 3.266826
15.68056 12.72607 14.92837 16.73369 17.0433 17.75237 22.23331 24.16906 41.78229 26.26148 23.32911 18.59648 17.21908 19.03934 25.75117 24.19106 25.4073 17.45947 16.44487 18.18682 20.4082 27.26419 24.32483 21.22111 13.38399 14.92897 13.61673 14.31319 15.61238 13.58474 13.66888 17.43778 14.70189 17.13988 15.51273 16.7323 16.00116 14.17205 10.43449 8.464788 7.487948 6.971715 6.406037 6.452089 7.141262 8.048583 8.470587 10.0068 13.97292 18.73698 27.71248 63.1616 58.507 62.68877 22.05439 15.11123 11.20733 8.695745 7.096833 4.919313 4.594217 4.668773 4.100323
12.73577 11.09993 11.83219 15.59417 19.69522 32.34508 19.15662 24.33887 36.78025 32.2011 25.1957 22.37573 15.42876 14.32918 18.10825 20.50291 21.57285 22.93753 24.08595 24.30567 25.48217 17.83586 19.22256 19.67645 16.11986 10.00684 9.417834 10.42441 13.78842 16.63239 13.75207 12.23646 12.93078 13.18336 14.4646 14.54209 12.71797 9.513771 8.005115 6.415341 7.141316 6.838995 6.368431 6.799694 7.497929 8.618042 9.079896 9.538556 12.95368 16.92917 17.03613 29.59847 48.14612 30.54809 22.9133 14.71459 9.723848 7.753083 5.936383 4.803133 4.499417 5.484126 5.898371
13.19278 13.36088 15.19458 24.01442 20.03554 19.61898 13.83384 17.33667 26.92362 23.434 23.60556 21.56478 16.8415 14.56164 17.01149 23.25716 24.84996 20.27885 21.22846 21.00402 16.39058 13.41354 12.53037 12.24368 11.67783 10.1641 8.593956 8.420685 11.53511 16.75879 16.31465 14.55304 14.31175 13.65784 14.45494 11.21902 9.594348 8.621593 7.439911 6.963424 7.638762 6.958601 5.754409 6.336255 6.360088 7.215263 9.949679 12.56458 15.11167 15.07405 14.24287 24.52688 37.06926 23.56553 22.84146 11.00339 9.341726 7.858563 6.325882 5.078119 4.689569 5.629063 5.496106
