datasets/raw_datasets/Hayden/BOM_gridded_climate/rainfall_variability/varmay.txt
ncols         178
nrows         139
xllcorner     111.875
yllcorner     -44.625
cellsize      0.25
NODATA_value  -9999
[rows 56 to 83 of 139, columns 63 to 125 of 178]
2.95674 2.930347 2.997061 3.029363 3.27099 3.234324 3.344639 3.496798 3.575789 3.526336 3.456851 3.526569 3.627707 3.870038 3.930802 3.81139 3.75211 3.688643 3.715752 3.744895 3.104679 2.794838 2.929405 3.133766 3.092292 3.143047 2.833448 2.982803 3.082397 2.783698 2.703164 2.675601 2.711931 2.674237 2.470352 2.632535 2.795622 2.829612 3.154184 3.162835 3.143394 3.349032 3.750326 3.758313 3.955308 3.693081 3.775817 3.930126 3.703669 3.942424 3.759014 3.247967 3.309856 3.12736 3.371998 3.390204 3.278782 3.18531 2.905039 2.869068 2.682737 2.546185 2.59188
2.782679 2.981344 3.018135 3.024327 3.130201 3.183953 3.258895 3.358012 3.504513 3.469234 3.517903 3.436356 3.561682 3.729375 3.843225 3.939032 4.004229 3.846399 3.940361 4.016292 3.681637 3.323736 3.135235 2.925799 2.961933 2.90441 2.720296 2.749045 2.886922 2.826744 2.650398 2.559907 2.646406 2.567983 2.454237 2.540049 2.838067 3.119689 2.943982 3.072153 3.107775 3.39441 3.572335 3.561807 3.685469 3.561878 4.094081 3.698161 3.640459 3.618085 3.900936 3.784356 3.285581 3.091918 3.022071 3.218442 3.227992 2.937462 3.090274 2.908782 2.635722 2.50537 2.543297
2.62354 2.899577 3.054328 3.122862 3.033268 3.01899 3.011506 3.182166 3.390773 3.533377 3.626694 3.507945 3.552606 3.759308 3.911694 3.869094 3.858747 3.945355 3.957357 4.096061 4.204348 3.901654 3.895585 3.41871 3.159626 3.01836 2.869817 2.671515 2.595835 2.63292 2.567662 2.664495 2.606189 2.722306 2.503973 2.643174 2.696896 2.682742 2.660317 2.789067 3.081715 3.398408 3.53922 3.503458 3.35623 3.473777 3.596058 3.985183 3.729621 3.779452 3.692644 3.763031 3.323512 3.208799 3.487847 3.435435 3.269238 3.016745 3.22444 2.873013 2.582993 2.427107 2.477754
2.599826 2.723933 2.865036 2.943841 2.906179 2.908198 3.002144 3.216552 3.527706 3.612829 3.627226 3.677519 3.753644 4.084958 3.879506 3.71744 3.811259 3.918646 3.982536 4.208656 4.370247 4.226093 4.184536 3.737614 3.321157 3.367716 3.085991 3.174376 2.876093 2.901892 2.774557 2.742554 2.727812 2.725722 2.557008 2.726687 2.829005 2.869293 2.776882 2.851074 3.08545 3.499461 3.679252 3.536684 3.41998 3.534035 3.601235 3.611789 3.555352 3.748303 3.843514 3.773661 3.654074 3.490995 3.088616 2.862116 2.862307 2.943795 2.885794 2.904195 2.906121 2.627518 2.313907
2.573788 2.626388 2.777567 2.899602 2.927367 2.9429 2.992616 3.163827 3.462348 3.659626 3.704045 3.756026 3.962192 4.041441 3.864213 3.806057 3.818216 3.977327 4.120942 4.078322 4.148258 4.098813 4.108963 4.040857 3.716606 3.513457 3.401042 3.15781 3.000626 2.87245 2.78634 2.801738 2.700427 2.584715 2.779779 2.96358 2.915219 2.990546 3.002967 3.148968 3.304075 3.635827 3.612117 3.521536 3.290334 3.419031 3.379573 3.29913 3.42819 3.583327 3.777681 3.835233 3.494434 3.338397 3.153251 2.827154 2.735838 2.902651 2.631936 2.61564 2.786859 2.879293 2.714153
2.369228 2.504503 2.591253 2.698134 2.783525 2.875375 2.996589 3.188742 3.379581 3.539028 3.625484 3.714915 3.69832 3.658572 3.629178 3.730206 3.920513 3.941633 3.917141 4.037793 4.317341 4.189428 4.227739 4.12735 3.714216 3.637771 3.512346 3.325866 3.09475 3.004717 2.946616 2.930118 2.747638 2.725833 2.746519 2.821396 2.982587 3.044172 3.049758 3.308923 3.576002 3.895334 3.73298 3.592676 3.376687 3.42447 3.427603 3.349172 3.295749 3.433494 3.558495 3.456868 3.449036 3.425815 3.324391 3.101097 2.800684 2.743805 2.725317 2.575564 2.70966 2.698283 2.564811
2.33138 2.438082 2.446581 2.525623 2.704721 2.799114 2.739033 2.9063 3.149592 3.405574 3.658875 3.684064 3.614397 3.49856 3.488385 3.519267 3.621896 3.778851 3.986576 4.165235 4.170071 4.354542 4.337621 3.981586 3.623403 3.460225 3.444854 3.268384 3.1421 3.051114 3.225275 3.211464 2.959147 2.757876 2.92171 2.86255 2.920804 2.956553 3.036001 3.188975 3.67555 3.647317 3.58777 3.47625 3.21887 3.449617 3.427675 3.393991 3.448755 3.534541 3.848309 3.721358 3.483927 3.576005 3.30205 3.366217 2.999439 2.713306 2.73864 2.599931 2.531182 2.490161 2.527952
2.119502 2.375414 2.422876 2.502116 2.711855 2.573301 2.55435 2.768424 3.052103 3.388216 3.558552 3.555652 3.415089 3.240219 3.197272 3.194886 3.114 3.186038 3.396705 3.614658 3.644284 4.055421 4.176305 3.985558 3.548572 3.45536 3.320659 3.305039 3.267482 3.24816 3.237814 3.21294 3.037715 3.049225 3.041342 3.141831 2.888958 2.926589 2.982243 2.967226 3.301676 3.490992 3.721448 3.423956 3.140088 3.395607 3.43926 3.794039 3.484744 3.499326 3.717972 3.786384 3.73443 3.587051 3.310857 3.292898 3.054573 2.802767 2.545446 2.429199 2.447169 2.529536 2.521113
2.077668 2.139407 2.24332 2.43398 2.402129 2.387645 2.438172 2.626183 2.899164 3.246094 3.36759 3.106309 2.930681 2.947501 2.949065 2.909554 2.911499 2.912957 2.863297 3.260724 3.286296 3.288477 3.652032 3.561329 3.571704 3.155675 3.141571 3.384475 3.655276 3.51793 3.038102 2.990759 3.114829 3.086406 3.026278 3.385032 3.338794 3.115534 2.912269 2.900452 3.006053 3.115242 3.328785 3.4761 3.263194 3.319643 3.188998 3.572417 3.51712 3.486167 3.56205 3.672193 3.444672 3.24451 3.312562 3.131413 3.121513 2.912435 2.79847 2.428738 2.337719 2.55392 2.506009
2.018012 1.949327 2.087896 2.157059 2.232775 2.238912 2.346755 2.41863 2.555215 2.756107 2.927288 2.846756 2.84254 2.860086 2.910311 2.884906 2.898631 2.857665 2.634105 2.778563 2.952149 3.015909 3.159003 3.292447 3.156928 3.604033 3.493477 3.54731 3.693433 3.691275 3.274052 3.290493 3.155088 3.016527 3.11529 3.203319 3.337787 3.23192 2.895652 2.794635 2.995316 3.055411 2.987504 3.007609 3.27124 3.140598 3.046228 3.024115 3.140686 3.363987 3.343495 3.299742 3.377797 3.191636 3.259366 2.973899 2.985987 2.702547 2.641542 2.502971 2.505103 2.630569 2.495152
2.024083 1.943943 1.930512 2.014232 2.067373 2.178033 2.26069 2.459343 2.487716 2.518266 2.612874 2.742527 2.782516 2.795402 2.818432 2.755481 2.695661 2.570817 2.488592 2.725017 2.79949 2.901077 2.975974 3.11807 3.152055 3.261953 3.656418 3.619757 3.644449 3.518801 3.300493 3.24365 3.318411 3.051984 3.149752 3.174186 3.073844 3.099828 2.931428 2.726099 2.808581 2.996333 3.19563 3.153452 3.191055 3.136137 3.048917 2.935124 3.286386 3.28252 3.289295 3.243787 3.310923 3.224352 3.019639 3.002562 3.077283 2.750193 2.656515 2.629057 2.531208 2.621136 2.562298
1.98262 1.93286 1.922027 1.957227 2.064958 2.126643 2.271967 2.388799 2.422992 2.513565 2.55581 2.61737 2.648412 2.620602 2.553955 2.574896 2.629352 2.606806 2.53298 2.592784 2.687824 2.833754 2.968494 3.122766 3.255725 3.217789 3.139731 3.221906 3.206207 3.181232 3.140824 3.087499 3.195408 3.22431 3.124817 3.201428 3.08014 2.847186 2.949982 2.937855 2.85851 3.19782 2.825845 3.091558 3.096244 3.122929 2.756671 2.881256 3.056068 3.211187 3.204926 3.240157 3.240164 3.116622 2.960005 2.966078 2.956381 2.858183 2.729189 2.580236 2.601499 2.703362 2.532679
2.054015 2.057361 2.060205 2.101429 2.153989 2.173678 2.295798 2.409383 2.46957 2.531934 2.580985 2.490353 2.535839 2.494703 2.348837 2.470857 2.521357 2.570782 2.577947 2.503924 2.569671 2.681478 2.892495 3.012156 2.97628 3.057959 2.891453 2.936829 2.932711 2.991609 3.074015 3.190162 3.118146 3.099499 3.03449 3.253294 3.412262 2.864099 2.849688 3.071335 3.505732 3.682839 3.632508 3.36115 3.337787 3.173082 3.042611 2.810861 2.709887 2.878642 2.942257 3.123702 2.929868 2.902799 2.908397 3.242352 3.112133 2.955744 2.928323 2.780713 2.491927 2.53481 2.386072
2.061457 2.1076 2.174395 2.201689 2.214947 2.194686 2.16943 2.284947 2.341727 2.440544 2.592898 2.572961 2.614013 2.515884 2.472578 2.419063 2.417242 2.4906 2.509855 2.476905 2.546138 2.742341 2.907199 2.901727 2.944286 2.956755 2.755816 2.88482 3.100448 3.226532 3.266085 3.307734 3.277617 3.109409 3.170806 3.123966 3.034742 2.878205 2.780623 3.070848 3.810844 4.079495 4.112024 3.732744 3.425758 3.232552 3.155308 2.804951 2.643941 2.517992 2.709903 2.822555 2.892914 2.966218 3.167668 3.266058 3.103117 3.01206 2.897932 2.385916 2.422797 2.463348 2.497978
2.257698 2.215871 2.208189 2.201737 2.262707 2.241349 2.161276 2.058309 2.140186 2.235119 2.421491 2.540592 2.558796 2.515892 2.514601 2.50208 2.515278 2.511994 2.50176 2.571872 2.657976 2.8174 2.91216 2.910379 2.821028 2.851337 2.728084 2.911866 2.969077 2.916233 2.994413 3.229202 2.980877 2.950562 2.899918 2.945827 2.997972 2.855383 2.838655 2.997113 3.685372 3.968576 3.839684 3.786534 3.458261 3.311475 3.378636 2.779254 2.706548 2.603595 2.651918 2.98509 3.172982 3.151135 3.012493 3.078093 2.959258 3.014263 2.647323 2.438624 2.265827 2.245632 2.486955
2.136548 2.181335 2.254773 2.119992 2.111818 2.179625 2.170431 2.126858 2.053135 2.110833 2.19247 2.366599 2.386848 2.339085 2.580584 2.587418 2.525995 2.576611 2.536169 2.56152 2.652254 2.731449 2.838466 2.884938 2.774506 2.798615 2.827764 2.813626 2.823763 2.834374 2.818574 3.005315 2.826001 2.801897 2.862898 2.996251 3.042053 2.789428 2.60304 3.009811 3.382255 3.476998 3.493512 3.364858 3.317679 3.132282 3.020913 2.727663 2.88274 2.81812 2.725156 3.023041 3.567348 3.073919 2.933496 2.96586 3.053347 2.768538 2.667683 2.696096 2.441977 2.395333 2.489172
2.056796 2.083673 2.138304 2.124553 2.098967 2.097288 2.085898 2.060348 1.985171 1.97579 2.037133 2.13912 2.2379 2.291562 2.343412 2.416993 2.418046 2.442623 2.521528 2.518808 2.668138 2.848969 2.987197 2.713527 2.521659 2.689701 2.717493 2.849543 2.92786 2.775682 2.798142 2.814134 2.989703 2.921901 2.92653 3.039618 3.06951 3.028129 2.580018 2.577874 3.183815 3.516586 3.509429 3.312454 3.118671 3.046647 3.079555 2.83533 2.694527 2.614686 2.775861 2.818808 2.922477 3.108952 2.967002 2.953451 2.943202 2.679171 2.595702 2.563807 2.483779 2.629645 2.393777
1.977688 1.952884 1.963079 1.969644 1.964198 1.936501 1.930597 1.875343 1.855673 1.900685 1.958436 1.982791 2.048721 2.206239 2.21573 2.198941 2.346629 2.478667 2.514633 2.592134 2.793842 2.87597 2.862097 2.744346 2.593054 2.645169 2.791357 2.925334 2.948191 2.812637 2.793641 2.803971 2.964606 3.218706 3.337895 3.292514 3.204556 3.218486 2.722578 2.396507 2.674133 2.738575 2.798701 2.796971 2.821428 2.806561 2.920396 2.852581 2.614745 2.443648 2.72379 2.839614 2.829674 2.800586 2.901033 2.811124 2.680223 2.653771 2.510008 2.503305 2.389716 2.471003 2.381536
1.853289 1.788925 1.847416 1.853333 1.90089 1.873116 1.860698 1.862766 1.82875 1.874876 1.879204 1.86582 1.997636 2.006286 1.973392 2.110845 2.236504 2.39342 2.463912 2.529185 2.726955 2.758876 2.708419 2.750488 2.644709 2.994729 2.863365 2.866595 3.054134 2.9108 2.759884 2.832744 3.071586 3.403088 3.517278 3.436485 3.326806 3.444329 2.914145 2.664929 2.695046 2.727235 2.742918 2.788563 2.903097 2.974094 3.161956 2.787929 2.548091 2.607069 2.575354 2.708644 2.568061 2.674313 2.580786 2.583422 2.584617 2.326644 2.181377 2.315419 2.193465 2.22091 2.291998
1.737755 1.738341 1.803297 1.80792 1.868017 1.870797 1.870789 1.909469 1.872605 1.864809 1.842019 1.858708 1.938957 2.001801 2.099786 2.186286 2.279171 2.275412 2.388494 2.385122 2.37026 2.412466 2.456002 2.474944 2.671674 2.815473 2.868191 2.895749 2.907726 2.860046 2.933272 2.93447 2.979266 3.181171 3.466854 3.441237 3.328064 3.33191 2.860583 3.008609 3.105523 3.06221 2.890948 2.847792 3.065211 3.280079 3.229455 3.319105 2.594256 2.406775 2.412663 2.436623 2.504498 2.703274 2.56492 2.388493 2.406518 2.41736 2.332198 2.15999 2.046356 1.999091 2.016381
1.775687 1.739883 1.732432 1.78947 1.817222 1.878636 1.901784 1.880788 1.912697 1.853871 1.809558 1.882829 1.930119 1.990267 2.047668 2.069401 2.123766 2.229084 2.318234 2.349041 2.592631 2.54742 2.412965 2.496271 2.854927 2.667344 2.644256 2.811243 2.832713 2.799133 2.87471 2.867728 2.746549 3.024917 3.349423 3.44565 3.082403 3.027777 2.79991 2.688329 2.736475 2.861926 2.835852 2.795715 3.290943 3.29369 3.411943 3.53646 3.182997 2.587399 2.198712 2.306518 2.496843 2.498432 2.319147 2.281407 2.34186 2.431466 2.286416 2.276685 2.164623 2.025705 1.976414
1.833809 1.781969 1.768185 1.776932 1.831449 1.903857 1.874449 1.874271 1.924831 1.949605 1.936239 1.938097 2.010635 2.037149 2.115664 2.231908 2.298899 2.222101 2.229764 2.270277 2.453936 2.516974 2.529407 2.515208 2.72943 2.778857 2.433284 2.372145 2.472484 2.62961 2.812137 3.099947 2.760489 2.763475 2.839815 3.158043 2.994183 2.751984 2.60165 2.707523 2.635057 2.562278 2.694695 2.616428 2.643924 2.705068 2.958536 3.192762 3.256438 2.694688 2.225425 2.219015 2.334805 2.221629 2.164016 2.139362 2.244827 2.426414 2.249895 2.129699 2.017986 1.93319 1.902663
1.81057 1.828923 1.812113 1.838204 1.866004 1.862247 1.931401 2.008716 2.086677 2.046383 2.005617 2.130315 2.189116 2.170182 2.07886 2.171679 2.246923 2.2711 2.239627 2.152831 2.475446 2.547915 2.538199 2.453267 2.485678 2.507792 2.453754 2.61088 2.5717 2.566881 2.84149 3.315879 3.038294 2.756828 2.668738 2.497072 2.523805 2.466161 2.488543 2.406424 2.331404 2.493943 2.279973 2.038492 2.225768 2.160128 2.392861 2.602302 2.61082 2.390499 2.125604 2.108766 2.119739 1.922424 1.90734 2.0627 2.240126 2.319129 1.999417 1.925468 1.95818 1.92069 2.154276
1.858524 1.896688 1.929474 1.854631 1.887679 1.90028 1.947109 2.073629 2.168061 2.152941 2.111555 2.2129 2.209201 2.060569 2.01368 2.038048 2.032463 2.085693 2.131601 2.177243 2.348361 2.502904 2.411214 2.372617 2.44467 2.398793 2.390562 2.628129 2.718921 2.715568 2.625844 2.734564 2.837321 2.911662 2.740455 2.697453 2.575348 2.532177 2.178444 2.30431 2.267755 2.130608 2.027899 1.76979 1.922581 1.919858 1.806007 2.008559 2.010817 1.970544 1.900552 2.139038 2.048717 1.879427 1.813105 1.970223 2.201076 2.036683 1.880711 1.730008 1.79342 1.919101 1.974617
1.83116 1.949036 1.965909 1.945156 1.93935 1.871448 1.917584 1.992479 2.11009 2.25771 2.159732 2.12807 2.110222 1.963848 1.847404 1.799068 1.769501 1.81878 1.927185 1.909369 1.964842 2.064013 2.039959 2.151099 2.204576 2.411665 2.508302 2.358037 2.472697 2.476581 2.326524 2.392653 2.260531 2.455522 2.425576 2.453503 2.423246 2.264318 2.114285 1.982004 1.801066 1.79073 1.943665 1.702286 1.732287 1.663568 1.737238 1.560538 1.532254 1.568182 1.622044 1.955665 2.007992 1.922859 1.740186 1.730641 1.990431 1.986464 1.794151 1.741525 1.723279 1.783906 1.672715
1.886744 2.001213 2.015409 1.901825 1.925058 1.781621 1.894971 1.930897 2.118618 2.325854 2.331666 2.06409 1.941044 1.940491 1.796726 1.837668 1.776769 1.690309 1.731683 1.831563 2.025876 1.812956 1.929846 2.052001 2.097782 2.047013 2.240352 2.280906 2.243504 2.144201 2.006697 2.079601 2.176428 2.143763 2.222957 2.169704 2.165142 2.030385 1.911198 1.671128 1.591558 1.704384 2.035354 1.707246 1.614616 1.805326 1.880528 1.619123 1.498276 1.522895 1.553931 1.702463 1.891146 1.949363 1.71299 1.783848 1.755681 1.745634 1.636615 1.569968 1.568399 1.569518 1.613668
1.853221 1.941865 1.957209 1.821545 1.754541 1.639033 1.683204 1.739822 1.919599 2.076454 2.116935 1.958461 1.849971 1.791868 1.76258 1.716194 1.685424 1.575136 1.537909 1.576953 1.736168 1.729424 1.675719 1.829308 1.869747 1.947356 2.153148 2.144791 2.154962 2.066161 1.923795 1.98971 2.009727 1.983192 1.922031 1.879974 2.14109 2.006066 1.759416 1.47803 1.315125 1.443252 1.877521 1.683199 1.553462 1.588889 2.04295 1.785716 1.467186 1.525988 1.572982 1.721284 1.940409 2.030219 1.764093 1.608023 1.571529 1.573438 1.647546 1.7229 1.426658 1.430992 1.687471
1.780019 1.795645 1.81555 1.638176 1.572163 1.562751 1.682972 1.604846 1.541149 1.680195 1.764019 1.75235 1.538758 1.546361 1.605891 1.500658 1.447787 1.4574 1.410942 1.455104 1.406971 1.482876 1.383383 1.499293 1.602927 1.690633 1.66234 1.886877 1.981671 1.964841 1.938979 1.854229 1.839793 1.742581 1.784406 1.905592 2.077858 2.151612 1.642634 1.439298 1.279017 1.356298 1.653747 1.608666 1.591712 1.537265 1.646403 1.528799 1.37427 1.463298 1.623756 1.768803 1.862815 1.927675 1.847697 1.789523 1.591158 1.531478 1.572684 1.756752 1.578219 1.411862 1.422041
