datasets/raw_datasets/Hayden/BOM_gridded_climate/rainfall_variability/varmay.txt
ncols         178
nrows         139
xllcorner     111.875
yllcorner     -44.625
cellsize      0.25
NODATA_value  -9999
[rows 56 to 83 of 139, columns 0 to 62 of 178]
1.414066 1.388085 1.386705 1.390945 1.42835 1.530194 1.554622 1.553527 1.628353 1.715805 1.910363 1.906456 1.877029 2.152027 2.315656 2.352305 2.370088 2.516354 2.693174 2.511659 2.602383 2.605086 2.455926 2.436475 2.46587 2.499619 2.709708 2.800567 2.789164 2.681478 2.648882 2.552232 2.811909 2.791052 2.742161 2.611542 2.629595 2.6566 2.864337 2.829779 2.899195 2.925035 2.896158 2.932678 2.9372 2.939087 2.995446 3.000895 3.036874 3.066937 3.175194 3.026208 2.781875 2.572848 2.444315 2.341248 2.291382 2.259431 2.33126 2.474288 2.453077 2.516346 2.735958
1.403567 1.272362 1.290005 1.308071 1.32631 1.318593 1.342704 1.413063 1.51402 1.580788 1.699794 1.76079 1.761038 1.998336 2.413415 2.416495 2.359063 2.560493 2.841648 2.587267 2.586412 2.628192 2.718392 2.709337 2.730748 2.606297 2.932155 2.840668 2.8182 2.817911 2.730019 2.636501 2.562049 2.572392 2.513378 2.55919 2.663226 2.695285 2.762087 2.883556 2.883977 2.883196 2.907688 2.88079 2.902183 2.901641 3.105097 3.247029 3.298851 3.330477 3.322657 3.063405 2.797344 2.650431 2.565532 2.463225 2.323384 2.325213 2.353165 2.299248 2.353362 2.533644 2.603548
1.316446 1.264465 1.267989 1.31288 1.356167 1.333074 1.291142 1.394422 1.465873 1.631069 1.733919 1.711899 1.747826 1.899593 2.118194 2.139422 2.312563 2.317394 2.433421 2.407262 2.475404 2.535823 2.59859 2.726007 2.887558 2.705963 2.611892 2.616754 2.555099 2.396638 2.626272 2.656609 2.766248 2.643554 2.564945 2.657297 2.614172 2.623347 2.705752 2.783545 2.732305 2.913904 2.977195 3.007512 3.012537 3.017835 3.104597 3.080448 3.053514 3.187399 3.228464 3.150836 2.931538 2.593712 2.499222 2.472444 2.357986 2.419971 2.323724 2.304631 2.256933 2.555503 2.498783
1.184261 1.117494 1.110988 1.136586 1.162056 1.175828 1.296021 1.496844 1.481538 1.412049 1.481019 1.555134 1.688469 1.905758 1.837769 2.109195 2.213382 2.210397 2.129784 2.345199 2.283412 2.276779 2.472389 2.745372 2.694128 2.608518 2.487858 2.502113 2.538297 2.385107 2.33881 2.603873 2.863567 2.699776 2.837918 2.743032 2.922372 2.795043 2.634697 2.734604 2.812497 2.906383 3.075361 3.1291 2.974019 3.010724 3.177188 3.142719 3.033047 2.978939 2.993865 3.088823 3.063462 2.714416 2.49953 2.434872 2.322402 2.512597 2.286555 2.213915 2.140531 2.463326 2.460981
1.198592 1.214444 1.1783 1.164526 1.170225 1.16444 1.287617 1.440179 1.419392 1.503588 1.345046 1.390167 1.514649 1.764757 1.749856 1.795113 2.168707 2.247465 2.236001 2.176838 2.268924 2.350816 2.37712 2.383546 2.474884 2.359158 2.254009 2.234315 2.263474 2.322677 2.339544 2.299785 2.758555 2.924088 2.876939 2.672089 2.679637 2.862584 2.929314 2.971401 2.816554 2.880217 3.048759 3.158967 3.063492 3.105802 3.212618 3.283722 3.29205 3.045408 2.970717 2.947677 2.942471 2.786963 2.471692 2.414669 2.41474 2.45934 2.326488 2.225743 2.092548 2.25117 2.308086
1.226034 1.214217 1.220855 1.232182 1.290534 1.341305 1.245215 1.24387 1.267483 1.502039 1.498733 1.335671 1.512659 1.664058 1.767356 1.733426 1.890159 2.247786 2.339022 2.209916 2.268189 2.279685 2.226529 2.218903 2.213315 2.20349 2.25771 2.114511 2.085791 2.135273 2.202994 2.304024 2.322665 2.391089 2.670933 2.628288 2.745435 3.108493 3.167138 3.1771 2.776914 2.724786 2.93247 3.07268 3.245531 3.180809 3.329845 3.340746 3.304404 3.075646 3.058647 3.026083 2.925061 2.752262 2.591797 2.362434 2.494893 2.441801 2.421129 2.287912 2.186983 2.130149 2.285577
1.275886 1.258882 1.243394 1.274133 1.302137 1.281574 1.32786 1.279014 1.313293 1.602391 1.663434 1.400749 1.282672 1.461647 1.595132 1.660039 1.754827 1.841661 2.118407 2.091115 2.096303 2.206517 2.399026 2.341009 2.261882 2.080575 2.209281 2.220415 2.124974 2.218771 2.175805 2.304089 2.308013 2.274351 2.384367 2.596043 2.857354 2.852556 3.080567 3.377251 3.042737 2.769398 2.879233 3.013594 3.209269 3.223919 3.322489 3.256115 3.24512 3.036457 3.037496 3.051343 3.001815 2.822084 2.594714 2.415744 2.588039 2.531142 2.420328 2.317272 2.231567 2.114594 2.099477
1.207372 1.215281 1.230178 1.230839 1.237926 1.287653 1.288004 1.299495 1.275635 1.607222 1.714298 1.334063 1.299872 1.357334 1.500378 1.590623 1.631023 1.609709 1.731289 1.851098 2.044994 2.284573 2.333393 2.261137 1.98377 1.795542 1.871412 2.173958 2.157264 2.02281 2.031207 2.109265 2.257628 2.279311 2.499958 2.485273 2.675155 2.831244 2.847653 2.879898 2.894289 2.821058 2.927011 2.894337 3.027533 3.032603 3.006278 3.100119 3.068202 3.04318 3.315476 3.178491 3.034011 2.995262 2.812119 2.484447 2.554922 2.528964 2.540446 2.351049 2.248372 2.187241 2.043771
1.109468 1.123086 1.142912 1.139023 1.152801 1.133978 1.151423 1.16898 1.257994 1.481395 1.630216 1.426028 1.343864 1.303602 1.479455 1.578753 1.651752 1.670784 1.69098 1.698058 1.855221 2.114182 2.119292 2.1342 2.017901 1.631265 1.617711 1.821443 1.960808 1.981695 2.103027 2.241136 2.365226 2.216707 2.224093 2.192029 2.371071 2.428506 2.570236 2.555824 2.597341 2.563167 2.694433 2.776794 2.921623 2.812064 2.81923 2.998498 2.990366 3.005305 3.147956 3.128871 3.022209 3.034165 2.93911 2.711594 2.54639 2.524963 2.534679 2.381837 2.229254 2.194343 2.079108
1.051054 1.109523 1.096947 1.017443 1.003984 1.026757 1.090749 1.09359 1.130806 1.363675 1.446989 1.347032 1.376833 1.443578 1.406014 1.573875 1.560419 1.5914 1.704092 1.927157 1.875717 1.871887 1.88941 1.911441 1.926778 1.898808 2.070077 1.804284 1.771613 1.881268 2.071893 2.179895 2.358604 2.299042 2.096602 2.110487 2.20468 2.147931 2.532417 2.450504 2.377963 2.58748 2.636894 2.780946 2.805585 2.754041 2.785606 2.837908 2.956529 2.889247 2.919805 2.924075 2.828314 2.875355 2.916192 2.709805 2.594121 2.512921 2.411626 2.363866 2.248907 2.233177 2.117045
1.017596 1.037231 1.038157 1.007196 0.9833856 0.9947876 1.032098 1.006621 1.047969 1.12376 1.170815 1.207028 1.335479 1.475353 1.453685 1.448544 1.536645 1.53276 1.524518 1.553727 1.507817 1.635762 1.528123 1.483586 1.535272 1.891523 1.940671 1.979518 1.685934 1.84835 1.936591 1.944436 1.997935 2.071843 2.043864 1.968604 1.955802 1.99951 2.419706 2.557255 2.585042 2.506097 2.447631 2.636419 2.574775 2.57379 2.60487 2.756891 2.729677 2.800572 2.859453 2.867593 2.821958 2.817167 2.831507 2.692701 2.62061 2.51017 2.427352 2.320835 2.265901 2.207052 2.128507
0.9253138 0.9770845 1.004834 0.9982129 0.9649158 0.999648 0.9553023 0.9774125 0.97845 1.017727 1.045251 1.166909 1.172355 1.268921 1.355368 1.467095 1.466029 1.413627 1.35604 1.44732 1.462612 1.450225 1.394767 1.355706 1.341499 1.665582 1.857564 1.947816 1.577613 1.652337 1.837406 1.848584 1.774009 1.815338 1.770645 1.693491 1.829779 1.99593 2.21164 2.369027 2.433614 2.447183 2.425845 2.498338 2.529184 2.649189 2.640463 2.661179 2.686598 2.770375 2.749475 2.755754 2.787194 2.790544 2.737404 2.729517 2.6697 2.407066 2.5149 2.305201 2.123979 2.16438 2.067584
0.8470372 0.9161991 0.9247948 0.9438393 0.9153447 0.9527774 0.9562526 0.9467871 0.9445636 0.9615189 1.002807 1.051905 1.114554 1.089415 1.157359 1.299232 1.39067 1.422823 1.349136 1.277732 1.396418 1.416844 1.484953 1.459854 1.458423 1.50483 1.535373 1.622831 1.682249 1.519659 1.668503 1.683834 1.693058 1.516456 1.479615 1.499011 1.632214 2.023507 2.394313 2.364757 2.351256 2.238718 2.248138 2.317441 2.346251 2.407786 2.468683 2.505369 2.63149 2.611354 2.654855 2.674287 2.684346 2.700996 2.657311 2.610771 2.622559 2.437186 2.360442 2.2334 2.192098 2.067051 2.065799
0.7900964 0.8312965 0.8708959 0.8900384 0.8857328 0.8702672 0.8886482 0.8800443 0.8889433 0.9092008 0.946253 0.9132187 0.9754295 0.9699809 1.113839 1.280087 1.406981 1.326982 1.407942 1.429794 1.417435 1.374854 1.581908 1.714745 1.65787 1.405681 1.263031 1.35412 1.538625 1.498529 1.539718 1.651859 1.569084 1.774059 1.744951 1.515829 1.662017 1.843917 2.279155 2.315735 2.346919 2.230132 2.148747 2.119826 2.103338 2.344408 2.340884 2.497517 2.516678 2.607775 2.686659 2.77275 2.69577 2.660085 2.687897 2.430119 2.551064 2.420355 2.202701 2.152265 2.203076 2.210853 2.1115
0.778464 0.77351 0.7866 0.8253688 0.8010591 0.7679896 0.806787 0.7838774 0.7842549 0.8129564 0.8444301 0.8525677 0.8893832 0.9425185 1.09072 1.284008 1.166469 1.015676 1.153185 1.313019 1.28892 1.249177 1.486481 1.671264 1.489039 1.283877 1.15042 1.205951 1.281349 1.376043 1.504349 1.571948 1.559516 1.785033 1.752942 1.813748 1.642631 1.883704 2.098532 2.238302 2.248811 2.088759 2.002573 2.01062 1.93354 1.983322 2.167103 2.288447 2.361339 2.503804 2.62673 2.696975 2.686275 2.637138 2.56771 2.656662 2.497275 2.473116 2.288707 2.110604 2.114828 2.205389 2.260546
0.7354106 0.7474675 0.7624657 0.7663235 0.7610459 0.7784671 0.7304906 0.7122703 0.7037652 0.7703995 0.8189854 0.8761666 0.8776649 0.8998432 0.9970223 1.059168 1.09551 1.025046 1.07108 1.18307 1.17969 1.070857 1.234301 1.493095 1.360058 1.2244 1.116561 1.148072 1.1777 1.254938 1.389326 1.43638 1.458436 1.683701 1.683691 1.614014 1.565321 1.816116 2.05863 2.015643 1.96452 1.918187 1.843822 1.904805 1.844381 1.935443 1.998703 2.25571 2.283512 2.395018 2.550083 2.57219 2.555707 2.567184 2.568413 2.585021 2.585955 2.422628 2.191689 2.043164 1.955558 2.002899 2.055026
0.7095084 0.7256688 0.7427649 0.7470842 0.7421058 0.7175223 0.6874151 0.6753293 0.6892431 0.7712436 0.8053635 0.8388655 0.8645021 0.8845313 0.9307618 1.026211 1.025761 1.089487 1.197267 1.22191 1.135694 1.060912 1.148152 1.44112 1.387975 1.406603 1.389912 1.263106 1.344551 1.630823 1.484414 1.341722 1.359564 1.854642 1.520431 1.338692 1.467893 1.574101 1.741304 1.755274 1.711391 1.651277 1.597638 1.65687 1.765735 1.880619 1.964576 2.133544 2.385836 2.382021 2.390515 2.429769 2.501335 2.638689 2.64939 2.571996 2.481626 2.467883 2.229133 2.107893 2.011295 1.997399 2.011597
0.7165818 0.701146 0.703079 0.7210565 0.7127509 0.7048924 0.6994747 0.681151 0.6762322 0.7541401 0.7844863 0.7784774 0.8063813 0.8788298 0.8933465 0.8915412 0.9218602 0.9918681 1.095253 1.116433 1.055406 1.012361 1.184201 1.353928 1.301241 1.256079 1.220859 1.208597 1.370111 1.468193 1.339003 1.244728 1.256781 1.676839 1.612629 1.521755 1.51001 1.453789 1.418348 1.462348 1.5429 1.53879 1.544551 1.664573 1.786056 1.906389 2.045714 2.036493 2.19828 2.260529 2.282732 2.389208 2.500251 2.562795 2.510279 2.4537 2.434907 2.425866 2.355616 2.183542 2.083571 1.941996 1.962877
0.7110147 0.7036997 0.6816485 0.6932169 0.6893159 0.683498 0.6839259 0.6903521 0.693261 0.737278 0.7779787 0.7999677 0.7926719 0.8659059 0.8994116 0.8820415 0.9103285 0.9050955 0.9526185 0.9455186 0.9220844 1.014911 1.033792 1.245229 1.162303 1.103346 1.107786 1.227265 1.318733 1.217876 1.233085 1.194583 1.17185 1.272077 1.207197 1.412169 1.588725 1.552581 1.274981 1.276568 1.374067 1.442874 1.559794 1.635648 1.798452 1.896924 1.840019 1.918095 2.064433 2.051783 2.304943 2.355567 2.459109 2.494762 2.473645 2.481719 2.409294 2.426932 2.330993 2.093423 2.023189 1.958191 1.91127
0.6956639 0.6938189 0.6820689 0.6705227 0.6720765 0.6671523 0.6724362 0.6909075 0.6735576 0.6923846 0.763413 0.8008473 0.8185555 0.8295992 0.8381111 0.9110214 0.9470909 0.9424925 0.8556729 0.8342803 0.8239079 0.9547374 1.046291 1.075078 1.020227 1.007761 1.116049 1.10049 1.17341 1.150275 1.127188 1.154041 1.229896 1.216383 1.249161 1.288779 1.517201 1.60983 1.56613 1.554076 1.437285 1.455678 1.58834 1.571296 1.740817 1.728532 1.696095 1.852679 1.87872 1.968487 2.169317 2.312705 2.324533 2.394622 2.508116 2.51319 2.438575 2.445444 2.246713 2.084906 1.975446 1.933917 1.89577
0.6808497 0.6822968 0.6730499 0.6510453 0.655992 0.6492006 0.6438346 0.6364384 0.6393286 0.650421 0.7125401 0.7455892 0.7944219 0.834771 0.8781334 0.8970149 0.9177788 0.9088681 0.8387379 0.7730226 0.8818066 0.9261259 0.9881335 1.0829 1.067935 0.9745985 0.993793 1.114474 1.056895 1.079806 1.166371 1.195431 1.219468 1.210308 1.243344 1.16482 1.165214 1.443289 1.872397 1.873605 1.518878 1.415063 1.418131 1.512243 1.654664 1.661127 1.682606 1.666261 1.796325 1.894122 2.07888 2.100302 2.16341 2.356062 2.417566 2.449395 2.503736 2.402914 2.165245 2.048006 1.92997 1.853346 1.851151
0.6668499 0.6691207 0.6614334 0.6389779 0.6333314 0.6322427 0.6300913 0.6299826 0.6341296 0.6428892 0.6530188 0.6716812 0.7341006 0.7872427 0.8233577 0.871729 0.9449521 0.9223999 0.87574 0.834951 0.8050983 0.8428413 0.9496538 0.981779 0.9786456 0.9804546 0.9704311 1.037949 1.022946 1.126278 1.244815 1.277112 1.255024 1.207795 1.206465 1.136063 1.124464 1.370725 1.724976 1.970949 1.794112 1.532745 1.538802 1.642722 1.7331 1.766876 1.764169 1.676301 1.713773 1.759477 1.884904 1.916953 2.039382 2.166167 2.253358 2.265119 2.316706 2.289161 2.125164 2.011714 1.888 1.837653 1.846618
0.6625932 0.6627331 0.6648567 0.6443576 0.629826 0.6362326 0.6392077 0.6361763 0.6402521 0.6428747 0.6736313 0.7084744 0.7204908 0.7958656 0.8011008 0.8701435 0.8896109 0.9255332 0.9168421 0.8477859 0.7788031 0.8155426 0.8286832 0.8759153 0.9166815 0.9458544 0.9980245 1.01469 1.054398 1.121264 1.217265 1.262376 1.231759 1.261755 1.250191 1.117321 1.090843 1.224639 1.35994 1.372838 1.475595 1.697993 1.696024 1.74993 1.780708 1.840459 1.759105 1.754495 1.742595 1.764857 1.792432 1.809908 1.885246 1.938224 1.969049 2.025415 2.138209 2.162335 2.094018 2.042824 1.943133 1.900909 1.806429
0.6543994 0.6532713 0.6529955 0.6486518 0.6472785 0.6355836 0.6437823 0.6532916 0.6664081 0.6625203 0.7029011 0.7328944 0.7208356 0.7378822 0.7591274 0.8175673 0.9336526 0.9495617 0.9234264 0.8850537 0.814294 0.7819785 0.8079592 0.8141631 0.841167 0.8734842 0.9368051 1.062438 1.114244 1.104458 1.122725 1.16051 1.184047 1.206926 1.262022 1.168763 1.150374 1.151989 1.200772 1.299674 1.476835 1.630928 1.790466 1.888985 1.819056 1.825639 1.89208 1.832382 1.77951 1.728331 1.763036 1.734517 1.740471 1.807149 1.862479 1.89988 1.963021 2.050406 2.116436 2.027455 1.848952 1.806132 1.843979
0.6314494 0.6344345 0.6356316 0.6345511 0.6397867 0.6390685 0.6364597 0.6403572 0.639955 0.6374245 0.6949157 0.7237809 0.7373971 0.7375758 0.7035664 0.7418945 0.8363149 0.9456387 0.9194339 0.8706678 0.8031021 0.7432417 0.7356917 0.7411993 0.7982656 0.8716 0.9376398 1.023019 1.1011 1.154549 1.112408 1.056992 1.075697 1.087111 1.16087 1.207727 1.267937 1.174165 1.169827 1.235705 1.383811 1.594173 1.648947 1.736576 1.660655 1.734721 1.7424 1.82201 1.802845 1.757883 1.685153 1.715468 1.778702 1.78746 1.785179 1.729535 1.842842 1.990048 2.030564 1.965088 1.837325 1.892524 1.894261
0.6299255 0.6326728 0.6333861 0.6325406 0.624963 0.6322936 0.6106871 0.6204268 0.6123111 0.6293247 0.6716162 0.6675786 0.6926868 0.716349 0.7095798 0.720198 0.7795759 0.8521302 0.8740025 0.9361404 0.8718494 0.7930672 0.7550043 0.7812558 0.8593735 0.8848631 0.8607229 0.9195282 0.9453934 1.009808 1.011749 0.9536991 0.9218539 1.024675 1.094808 1.144149 1.21318 1.21062 1.131353 1.16147 1.197037 1.332398 1.496014 1.646093 1.720544 1.772514 1.799883 1.80589 1.732779 1.724406 1.692702 1.708875 1.722218 1.678231 1.705862 1.706 1.755095 1.866795 1.86055 1.904025 1.806148 1.866712 1.823642
0.6171522 0.6163968 0.6161131 0.6174147 0.6175696 0.6201931 0.6126461 0.6021227 0.616214 0.6180863 0.6256462 0.6285831 0.6437827 0.6986626 0.6996033 0.7257033 0.7850487 0.7953375 0.8232272 0.8436983 0.8635757 0.8464304 0.7996294 0.7857597 0.8764004 0.8610145 0.9138657 0.7696385 0.8205332 0.865552 0.8806695 0.8666602 0.8058439 0.8932011 0.947197 0.9740766 0.9927661 1.129622 1.298771 1.284512 1.13428 1.16053 1.296019 1.47244 1.631531 1.75605 1.726679 1.632223 1.670207 1.609324 1.553924 1.638228 1.644919 1.586892 1.599165 1.633852 1.594477 1.735199 1.683695 1.873699 1.836288 1.835983 1.85025
0.6074462 0.6075252 0.6089934 0.6105737 0.6076321 0.6020894 0.6086301 0.6046371 0.5903282 0.5937143 0.584325 0.5861075 0.5858 0.5810792 0.6589338 0.7061778 0.7471225 0.7849884 0.8015723 0.8340883 0.8289691 0.8396582 0.8121276 0.8317994 0.885321 0.9342216 0.8889434 0.8262447 0.848107 0.8420969 0.8225469 0.785607 0.8079292 0.8284515 0.8543129 0.8940018 0.8512233 0.9364961 1.329331 1.2939 1.071949 1.111282 1.217023 1.319834 1.478897 1.55655 1.439427 1.487883 1.478962 1.531494 1.450285 1.518106 1.646794 1.586012 1.549825 1.567632 1.565216 1.622263 1.605055 1.869224 1.854701 1.830526 1.819949
