datasets/raw_datasets/Hayden/BOM_gridded_climate/rainfall_variability/varmay.txt
ncols         178
nrows         139
xllcorner     111.875
yllcorner     -44.625
cellsize      0.25
NODATA_value  -9999
[rows 28 to 55 of 139, columns 0 to 62 of 178]
2.081049 2.091056 2.091546 2.093029 2.101361 2.103276 2.121994 2.095153 2.083915 2.091193 2.050431 2.10642 2.160876 2.251485 2.378996 2.486651 2.562815 2.657402 2.624785 2.690064 2.8579 3.045686 3.129239 2.971725 2.765272 2.96084 3.090585 2.97607 2.752016 2.82351 3.044905 3.114997 3.181544 3.382252 3.55386 3.787818 3.853366 3.974365 4.358839 5.043485 4.948573 5.867524 5.677697 6.02384 5.188883 4.992865 5.519633 6.343991 7.526423 7.875112 8.483637 8.848008 11.23516 12.16127 10.74725 10.29372 12.58593 15.41536 14.27453 14.43431 18.32386 15.21478 19.33627
2.055949 2.093317 2.102854 2.112051 2.120695 2.117625 2.123306 2.126729 2.113993 2.111302 2.136804 2.116288 2.175276 2.279795 2.400497 2.509395 2.609549 2.642826 2.669197 2.670255 2.857022 2.998184 3.120472 3.006143 2.778708 2.772835 3.027157 3.04402 2.915815 2.770813 2.861395 3.029269 3.060076 3.168285 3.42177 3.711445 3.806213 3.59628 3.679618 4.270526 4.76829 4.684277 4.900643 4.729929 4.690084 4.910803 5.45339 7.263962 7.043105 6.972021 8.62457 10.11303 10.8251 11.77581 12.10268 10.02413 11.59709 13.89479 12.84954 12.40665 16.00891 14.52372 19.54146
2.040765 2.085474 2.13058 2.147295 2.165679 2.156671 2.134632 2.19313 2.17321 2.152508 2.206688 2.188987 2.186062 2.271842 2.348389 2.484808 2.575706 2.606581 2.651634 2.706242 2.769026 2.909223 2.992851 3.082799 2.858684 2.758921 2.840042 3.09717 3.050684 2.860138 2.807148 2.918411 2.999619 3.051814 3.218994 3.544746 3.220006 3.083675 3.398093 3.750937 4.091502 4.380481 4.660773 4.36519 4.040041 4.745592 5.572537 7.430949 7.063739 6.443233 7.967628 10.35338 10.91282 11.13817 11.74504 11.84973 9.461319 11.94673 10.94561 10.23345 10.14188 13.64827 14.86425
2.049987 2.082865 2.140553 2.213251 2.279099 2.290124 2.272819 2.342978 2.331468 2.267464 2.301448 2.284487 2.191659 2.22843 2.290632 2.398001 2.50485 2.597543 2.615865 2.688421 2.771385 2.849012 3.010712 3.107232 2.927118 2.811004 2.82209 2.968557 3.154925 2.968661 2.841264 2.87151 3.016414 2.751602 2.917992 3.098551 3.449464 3.326521 3.247695 3.520581 3.679208 4.378582 4.561376 4.348065 4.218421 5.008564 6.198498 7.188512 7.056738 8.098464 8.40991 9.995416 11.04466 10.96109 10.5681 9.419489 9.057052 9.162186 9.111632 8.726655 9.992099 9.817367 10.7275
2.061496 2.10938 2.134725 2.18967 2.233696 2.268877 2.345125 2.336769 2.409944 2.446221 2.380462 2.321645 2.231936 2.192941 2.25214 2.31525 2.484804 2.55514 2.554044 2.670027 2.742368 2.813642 2.896154 2.987813 3.019712 2.82778 2.856352 2.917525 3.128649 3.100092 2.90507 2.852842 2.953826 2.888979 3.033375 3.21744 3.41262 3.556974 3.489309 3.254514 3.608209 4.148553 4.45115 4.44733 4.801518 4.45036 5.094199 5.909492 7.357739 7.387306 8.653715 11.28742 10.95588 10.16592 10.271 8.472235 7.551214 8.337513 8.575142 7.999874 8.351594 8.273737 8.944292
2.0749 2.114865 2.139111 2.166847 2.202611 2.213874 2.295615 2.399205 2.410156 2.460115 2.418586 2.309663 2.288131 2.180149 2.212686 2.280291 2.352931 2.482749 2.560302 2.59035 2.654935 2.779045 2.873892 2.938802 3.103311 2.855818 2.881735 2.968323 3.052352 3.235844 2.948738 2.871172 2.953985 3.003761 3.246006 3.259427 3.149107 3.626904 3.765448 3.472551 3.397801 3.989908 4.059587 4.152699 3.875337 3.891244 4.208641 4.980251 5.577493 6.849451 8.142276 9.527367 9.467468 11.06902 9.72561 8.339733 7.212882 6.764709 8.222129 8.254095 6.535636 8.173236 10.76703
2.014116 2.082698 2.149872 2.179707 2.22428 2.221142 2.323917 2.396672 2.412128 2.473709 2.464842 2.370377 2.276958 2.207858 2.203651 2.239207 2.296276 2.477713 2.541756 2.534942 2.617124 2.711318 2.819025 2.899562 3.003887 2.921963 2.865553 3.066739 3.194607 3.336093 3.161216 2.984262 3.217004 3.247949 3.517299 3.275113 3.079353 3.398133 3.648171 3.768636 3.453985 3.688521 3.88697 3.806168 3.846451 4.042324 3.940149 4.468897 5.144814 6.637351 7.828472 8.234968 9.249274 9.193981 7.992335 7.41292 7.174886 8.072787 9.806575 9.243135 7.536537 7.990731 9.109395
2.028436 2.100286 2.185056 2.267661 2.269633 2.25838 2.291067 2.350648 2.399626 2.426152 2.482954 2.401762 2.279552 2.256737 2.192347 2.222973 2.274236 2.337416 2.490805 2.530377 2.625761 2.656742 2.785857 2.933942 3.009931 3.064586 3.020648 3.219651 3.313835 3.199462 3.479006 3.289548 3.602847 3.437206 3.687686 3.495933 3.142788 3.029089 3.178734 3.689456 3.562179 3.564306 3.691067 3.747281 3.70423 4.056869 4.11112 4.470226 5.12149 6.593954 8.829106 9.456245 8.076883 8.012107 7.024236 7.810577 10.24352 13.04037 11.51514 10.25847 8.298009 8.625552 8.554241
2.053839 2.16582 2.2428 2.276583 2.291572 2.255742 2.245513 2.289133 2.355062 2.406881 2.45622 2.463956 2.311728 2.270245 2.196445 2.217204 2.263289 2.324845 2.456898 2.496706 2.619633 2.689502 2.841885 3.072938 3.419984 3.439783 3.325325 3.30555 3.364713 3.277331 3.424917 3.44456 3.847063 3.806176 3.846279 3.964099 3.558701 3.18449 3.074578 3.25846 3.211837 3.365627 3.306672 3.41291 3.710576 4.071 4.092544 4.488052 4.744369 5.936807 8.168361 8.812959 9.026143 8.00741 7.41501 9.823722 14.72452 18.20489 14.17988 9.610163 8.39201 8.31695 9.229431
2.101387 2.144364 2.209807 2.25977 2.271241 2.290162 2.259727 2.260322 2.310988 2.361572 2.419953 2.477026 2.395233 2.264159 2.274016 2.246297 2.246169 2.328163 2.395701 2.49469 2.591629 2.820097 3.091069 3.261725 3.334197 3.396391 3.263786 3.211141 3.219964 3.182893 3.416148 3.325011 3.767832 4.235272 4.288795 4.074379 4.353846 3.517692 3.223672 3.016634 3.002738 3.196921 3.134815 3.275015 3.76619 3.738465 3.922263 4.101007 4.400167 4.969791 6.361179 7.023559 7.445858 7.257232 8.48955 11.59296 15.70642 20.08965 13.65582 10.18937 8.64034 9.345253 10.00529
2.171803 2.156432 2.171979 2.238421 2.243218 2.279155 2.283897 2.269743 2.298574 2.349991 2.414139 2.463136 2.447479 2.308954 2.309366 2.214577 2.271852 2.258205 2.380626 2.609428 2.772139 2.970483 3.166414 3.235813 3.39903 3.468514 3.223877 3.132044 3.288148 3.250098 3.408611 3.447149 3.411115 4.19819 4.379321 4.834863 4.054736 4.167556 3.612562 3.138003 3.03922 2.937004 3.040807 3.307651 3.407042 3.272958 3.219766 3.532214 3.82663 4.568613 5.399624 5.90146 6.360293 6.656294 8.155533 9.979924 12.50139 11.92612 10.27368 9.196727 8.517663 10.10613 10.22224
2.170278 2.193465 2.167033 2.188865 2.213797 2.235513 2.309123 2.271045 2.288261 2.329829 2.409562 2.426198 2.443334 2.497496 2.457989 2.317746 2.2591 2.27026 2.336613 2.515316 2.708438 2.860178 3.083727 3.209625 3.511086 3.54245 3.544819 3.425393 3.436654 3.336933 3.429704 3.289585 3.359039 4.476641 4.113009 4.505173 4.560504 4.373434 3.985728 3.629321 3.364713 3.059152 3.004045 3.060486 3.051599 3.085045 2.936823 3.178588 3.520765 3.992119 4.454324 5.217228 5.690513 5.746749 6.834909 8.099724 9.70225 9.94072 8.461803 8.458484 8.413495 8.49194 8.824828
2.103503 2.130844 2.197867 2.162353 2.183601 2.177282 2.249633 2.292859 2.278054 2.305252 2.374841 2.436712 2.502531 2.557156 2.525962 2.429197 2.315314 2.19641 2.28511 2.38357 2.643203 2.82481 3.029299 3.239181 3.409316 3.540188 3.408308 3.380089 3.207353 3.186425 3.280255 3.198505 3.290548 3.595594 4.490193 4.242819 4.394786 4.260486 4.236392 3.680347 3.298616 3.293628 3.019428 3.062913 2.880037 2.958235 2.944688 2.88379 3.176123 3.57173 3.75 4.064994 4.782585 5.463626 5.934316 7.116635 8.109053 8.242051 8.012998 8.158831 7.465953 7.167449 7.30368
2.083487 2.082281 2.125096 2.154832 2.136973 2.128456 2.132741 2.187005 2.264219 2.261265 2.310791 2.44698 2.49315 2.459167 2.454465 2.467565 2.308888 2.284558 2.268907 2.370399 2.522942 2.712727 2.817789 3.119766 3.478466 3.308639 3.589625 3.292143 3.152828 3.502335 3.566611 3.399695 3.482439 3.546692 3.881027 3.980724 4.028489 3.916418 3.696537 3.750323 3.585292 3.232119 2.854917 3.007839 2.997423 2.951071 2.933517 2.878637 2.954088 3.159566 3.349109 3.77281 4.368447 5.005074 5.196255 5.835405 6.539632 7.272875 6.899532 7.357975 6.888604 6.555326 6.67042
2.050025 2.061861 2.067194 2.094518 2.08031 2.073787 2.148085 2.207802 2.245501 2.270412 2.228155 2.356734 2.364972 2.510436 2.442061 2.404294 2.241348 2.273963 2.246423 2.33922 2.45933 2.680322 2.637805 2.860209 3.208556 3.376511 3.859191 3.543312 3.45768 3.386322 3.675352 3.358844 3.47081 3.51316 3.768091 3.610337 3.57062 3.580948 3.39458 3.291021 3.374233 3.003594 2.708932 2.841915 2.874506 2.981811 2.995549 2.864869 2.862957 2.879 3.111847 3.435581 4.005774 4.503368 4.808412 5.156765 6.081236 6.576298 6.264632 6.535523 6.555929 6.377671 6.567512
2.00966 2.033916 2.051569 2.053101 2.144201 2.178259 2.196273 2.245786 2.242585 2.28938 2.297423 2.32438 2.351042 2.385862 2.529909 2.347912 2.324153 2.250321 2.366694 2.472784 2.463343 2.903267 2.848185 2.70958 2.989246 3.119849 3.29468 3.755597 3.660114 3.54778 3.67989 3.735853 3.967369 3.765037 3.566931 3.707741 3.691113 3.49886 3.480715 3.548204 3.207918 2.999708 2.717118 2.651341 2.619608 2.796447 2.850362 2.952004 2.816683 2.843265 2.860432 3.18273 3.600255 4.231606 4.400729 4.627528 5.388899 5.854805 6.055328 5.957012 6.51006 6.268235 6.710409
1.965293 1.969863 1.946664 2.063739 1.996157 2.080086 2.125131 2.17464 2.29464 2.236006 2.305957 2.268082 2.373382 2.266438 2.479462 2.403046 2.408661 2.365744 2.469848 2.46497 2.616359 2.793898 2.543047 2.562788 2.732471 2.941319 2.578067 2.779772 3.062055 3.211792 3.359625 3.615511 3.800481 3.637968 3.334105 3.620334 3.632554 3.579011 3.4459 3.360884 3.298946 3.098949 2.782288 2.61659 2.674164 2.529057 2.742377 2.777196 2.808604 2.848422 2.833648 2.911349 3.266984 3.785442 4.014694 4.282353 4.927022 5.326037 5.639713 5.587856 6.266893 6.06504 6.070457
1.908517 1.907011 1.926679 1.896603 1.914424 1.933082 1.979668 2.120913 2.341875 2.413818 2.285476 2.247196 2.246925 2.364555 2.573343 2.511727 2.339019 2.53468 2.541261 2.607527 2.679042 2.63239 2.626596 2.779775 2.65964 2.800354 2.798569 2.715213 2.69483 3.015368 3.136249 3.660709 3.890213 3.297371 3.216385 3.487831 3.606287 3.67417 3.594084 3.743306 3.517541 3.305938 3.025589 2.814939 2.567258 2.586859 2.486669 2.721853 2.75831 2.673867 2.862003 2.864795 2.979828 3.376974 3.774285 3.892157 4.50801 4.861675 5.158499 5.155239 5.563332 5.785166 5.934313
1.855253 1.860464 1.878393 1.816791 1.789641 1.762017 1.901109 1.998043 2.126011 2.300501 2.29433 2.233828 2.35656 2.555437 2.73815 2.90487 2.791697 2.877097 2.72107 2.687153 2.820155 2.789197 2.88021 3.006761 2.96258 2.870155 2.816721 2.679426 2.603815 2.716611 2.988743 3.213438 3.368064 3.254143 3.449301 3.459182 3.635099 3.719621 3.400821 3.545205 3.396913 3.438211 3.209504 3.000488 2.803992 2.566051 2.56768 2.50561 2.710574 2.76561 2.78695 2.827713 2.893287 3.018582 3.45383 3.566077 4.161211 4.323784 4.781035 4.764368 5.321853 5.409215 5.44449
1.807757 1.830388 1.716964 1.660576 1.750312 1.733739 1.642218 1.831937 2.142848 2.13412 2.198756 2.260378 2.449112 2.658519 2.84097 2.984567 2.975274 2.999401 2.834475 2.803145 2.898976 2.831649 2.974763 3.273408 3.082429 3.085227 2.763945 2.562824 2.609856 2.618067 2.788316 3.005835 2.93464 3.031205 3.247151 3.410318 3.048273 3.427223 3.534325 3.704136 3.483802 3.562623 3.605832 3.152743 2.909573 2.725927 2.589015 2.5574 2.528317 2.654982 2.813467 2.992163 2.858146 2.839205 3.075903 3.202316 3.578032 3.984879 4.393939 4.331288 4.762671 4.970304 5.014132
1.808556 1.738122 1.698083 1.662185 1.668151 1.74884 1.758686 1.684933 1.784816 1.98804 2.12664 2.400561 2.60056 2.826374 2.742575 2.88568 2.877613 2.801501 2.863399 2.743812 2.767381 2.990588 3.090813 3.16849 3.088932 3.034258 2.786353 2.537768 2.468465 2.666022 2.614136 2.737512 2.718094 2.765038 2.861492 2.815978 2.694018 3.018793 3.389028 3.571102 3.662602 3.351662 3.401844 3.202007 3.024741 3.003117 2.827531 2.596922 2.552474 2.516042 2.680945 2.983309 2.851759 2.828163 2.784602 2.923061 2.972776 3.697821 3.875747 3.866313 4.072768 4.278506 4.271644
1.794991 1.65076 1.648324 1.668948 1.64856 1.665212 1.689229 1.778292 1.819779 1.907543 1.991624 2.34569 2.725572 2.837163 2.833089 2.840909 2.828797 2.735168 2.792471 2.604405 2.60752 2.668041 3.082949 3.145633 3.236477 3.001808 2.990293 2.687287 2.775635 2.721642 2.815004 2.736956 3.036828 2.85556 2.911174 2.903932 2.688036 2.769364 2.97257 3.140017 3.418453 3.223924 3.225297 3.081062 3.013711 3.142451 3.033936 2.897034 2.664847 2.606191 2.618304 2.782603 3.080319 2.716045 2.734162 2.678739 2.79032 3.148879 3.452449 3.483242 3.446087 3.472045 3.50642
1.758634 1.67905 1.724031 1.59081 1.552611 1.536543 1.585312 1.493831 1.655867 1.768167 1.926259 2.294545 2.486267 2.794267 2.696321 2.988369 3.208689 2.77454 2.42811 2.360698 2.271517 2.500459 2.808359 3.023464 3.109302 2.9875 2.772115 2.754172 2.729004 2.875526 2.987209 2.945337 2.898925 2.884448 2.979841 2.947233 2.795138 2.668193 2.760489 3.164352 2.940691 2.828766 3.008198 2.842242 2.829329 2.944853 3.004115 2.834088 2.705532 2.607287 2.700474 2.685149 2.748 2.721415 2.586135 2.696234 2.6894 2.868157 3.317733 3.153475 3.017504 3.040058 3.318082
1.76996 1.643748 1.601242 1.5697 1.498969 1.447221 1.477301 1.575406 1.685273 1.733333 2.005013 2.189615 2.421383 2.536122 2.704986 2.707665 2.848268 2.852332 2.372573 2.206595 2.267831 2.447466 2.520199 2.69872 2.812869 3.057771 3.019429 2.871015 2.726344 2.806025 2.702887 2.52098 2.611146 2.618745 2.968344 2.920126 2.765826 2.817373 2.777523 2.931396 2.884516 2.86021 2.809959 2.665336 2.685815 2.7197 2.831508 2.974917 2.691484 2.637118 2.647594 2.742649 2.527435 2.456975 2.601932 2.5672 2.624034 2.554981 2.873548 2.88834 2.788903 2.835036 2.829992
1.697339 1.558198 1.507149 1.448745 1.536569 1.644414 1.586888 1.548584 1.641318 1.75861 2.007841 2.214895 2.366236 2.349101 2.483711 2.519532 2.553523 2.536062 2.301337 2.201157 2.289653 2.383817 2.304836 2.359076 2.255691 2.505867 2.76096 2.899591 3.026149 2.99912 2.706281 2.482771 2.612691 2.626173 2.841382 2.800277 2.805598 2.945784 3.067794 2.873193 2.745826 2.775897 2.714652 2.709357 2.736015 2.786661 2.772895 2.783412 2.9522 2.771776 2.76334 2.722972 2.716936 2.507847 2.310139 2.479841 2.580669 2.541847 2.585504 2.735634 2.816165 2.755105 2.877736
1.636783 1.547135 1.453444 1.439593 1.495952 1.589699 1.658109 1.70502 1.80067 1.826356 2.042828 2.019376 2.179973 2.309859 2.174621 2.445256 2.516397 2.490496 2.327126 2.225876 2.350372 2.454771 2.385127 2.240021 2.205636 2.350149 2.700868 2.66176 2.79466 2.586516 2.59856 2.512764 2.48874 2.482282 2.635142 2.702612 2.855765 3.077096 3.134604 2.906131 2.824231 2.722178 2.635331 2.602616 2.591794 2.516339 2.495422 2.483213 2.704459 3.037866 3.13812 2.956635 2.764688 2.590397 2.249431 2.222516 2.378907 2.471637 2.535116 2.503394 2.668346 2.686877 2.744514
1.530607 1.505398 1.526408 1.478017 1.47732 1.603869 1.634656 1.717336 1.824643 1.895429 2.046228 2.012056 1.970041 2.183136 2.094838 2.192986 2.485141 2.596434 2.666058 2.503795 2.442653 2.57776 2.491071 2.175724 2.15168 2.443366 2.57322 2.501617 2.807228 2.465458 2.636373 2.548508 2.530032 2.373109 2.443768 2.599443 2.835449 2.946349 2.853668 2.800996 2.798424 2.74803 2.642653 2.719185 2.718347 2.68801 2.71754 2.781636 2.866235 2.954156 3.122637 3.10554 2.751571 2.439644 2.242647 2.170426 2.239881 2.381622 2.450265 2.360481 2.458213 2.753816 2.731434
1.435338 1.390409 1.389967 1.425894 1.538124 1.613381 1.659337 1.735871 1.721764 1.861063 1.934082 1.998094 1.889272 2.152643 2.52125 2.342517 2.380532 2.573116 2.517575 2.367536 2.405684 2.522751 2.697538 2.320107 2.267345 2.308223 2.595654 2.664633 2.695049 2.486007 2.499901 2.42238 2.410443 2.545521 2.591752 2.583088 2.642648 2.77269 2.804791 2.679346 2.691873 2.786259 2.768032 2.840824 2.864599 2.859361 2.958585 2.94282 2.882314 2.941683 3.074482 2.963517 2.78616 2.529228 2.252245 2.216178 2.22672 2.312443 2.466807 2.500835 2.392451 2.537673 2.739542
