datasets/raw_datasets/Hayden/BOM_gridded_climate/rainfall_variability/varnov.txt
ncols         178
nrows         139
xllcorner     111.875
yllcorner     -44.625
cellsize      0.25
NODATA_value  -9999
[rows 0 to 27 of 139, columns 0 to 62 of 178]
-9999 -9999 -9999 -9999 -9999 -9999 107.903 21.2881 11.0615 9.515449 7.614125 7.087117 6.479493 6.401964 6.450487 6.633223 6.902019 7.140286 7.308833 7.598177 7.672179 7.76899 7.902115 8.021832 8.156171 8.290642 8.410017 8.411221 8.369967 8.296563 8.33204 8.261141 8.027607 7.675482 7.285846 6.595987 5.788835 4.815812 4.021408 3.414268 2.890493 2.49038 2.192017 1.938616 1.746872 1.561252 1.481001 1.412275 1.29843 1.179037 1.030148 0.9293556 0.8650765 0.7919606 0.7399365 0.6972275 0.6463012 0.6584496 0.6753852 0.6927654 0.6987819 0.7019222 0.756206
-9999 171.3249 287.5606 119.3338 61.76027 37.8171 15.36117 6.587144 5.081882 4.625072 4.588124 4.591859 4.552875 4.535467 4.648658 4.741904 4.863316 5.058738 5.268393 5.355415 5.490324 5.691608 5.786753 5.883613 5.968964 6.065032 6.164468 6.237967 6.224301 6.169623 6.136258 6.11928 6.00911 5.775004 5.560437 4.922441 4.165701 3.48301 2.90976 2.504979 2.224754 1.99521 1.853331 1.647568 1.528165 1.398186 1.320572 1.211452 1.130618 1.052783 0.9422339 0.8643501 0.8129707 0.7350734 0.6988459 0.6630621 0.6675929 0.6835377 0.6853449 0.691075 0.698319 0.7056538 0.7441866
-9999 6.123082 7.860991 8.913037 7.343292 5.848725 4.20172 3.378618 2.995358 2.903007 2.979314 3.027627 3.035925 3.239854 3.464595 3.535018 3.644827 3.734913 3.82309 3.930649 4.066049 4.202498 4.394488 4.48041 4.533609 4.585627 4.654113 4.707362 4.722333 4.683825 4.624382 4.615336 4.567879 4.408202 4.117365 3.530669 2.975713 2.554801 2.220858 1.971897 1.913005 1.786525 1.621634 1.455492 1.349915 1.251142 1.176787 1.147009 1.067579 0.9798247 0.8845509 0.8394672 0.7398843 0.6972529 0.6903455 0.655101 0.6684398 0.6835392 0.6855122 0.6934083 0.6973999 0.7035031 0.7090014
9.897549 5.983134 4.413465 3.229979 3.092494 2.739317 2.470633 2.319927 2.192905 2.207743 2.272267 2.319328 2.439783 2.57665 2.626145 2.641092 2.793923 2.909759 2.89205 2.955818 3.023233 3.089342 3.160539 3.277736 3.376792 3.414855 3.446628 3.493366 3.538814 3.548057 3.513146 3.463575 3.462512 3.314923 2.945551 2.516914 2.202254 1.952608 1.831267 1.730958 1.607945 1.446197 1.379676 1.306656 1.279765 1.205831 1.100509 1.028403 0.9693665 0.9222863 0.8581629 0.7873318 0.7488528 0.7141584 0.6854462 0.6794938 0.6815206 0.6884153 0.6913585 0.6916252 0.6987101 0.6913571 0.6693586
5.076503 4.60137 4.411234 3.731555 3.183753 2.505716 2.349545 2.117558 2.011777 1.962736 1.924076 1.972999 2.076913 2.079823 2.114712 2.16892 2.226998 2.350578 2.484137 2.516989 2.506577 2.498812 2.537989 2.550441 2.600376 2.676472 2.684875 2.687844 2.703671 2.721619 2.704994 2.638311 2.605638 2.482435 2.170035 1.946787 1.858954 1.712228 1.56539 1.435328 1.372401 1.307305 1.262649 1.264701 1.232962 1.158253 1.064934 0.988292 0.9254557 0.8946545 0.8419654 0.7841986 0.7605948 0.7248805 0.7024701 0.6991314 0.7062734 0.7024245 0.7138105 0.7080867 0.6981178 0.6852334 0.6659226
4.637769 4.885555 4.267733 3.567686 2.956037 2.401911 2.191571 2.076145 1.938682 1.876701 1.725953 1.721032 1.728922 1.804064 1.865537 1.920454 1.986151 2.05776 2.091059 2.131797 2.172615 2.189488 2.200687 2.19757 2.199207 2.234203 2.30438 2.325313 2.278318 2.25336 2.251657 2.213752 2.132094 2.09604 1.886877 1.677116 1.544143 1.460672 1.416031 1.421295 1.371998 1.315518 1.250758 1.205681 1.125317 1.059219 0.9985075 0.941712 0.9076312 0.8671467 0.8307132 0.7986492 0.7737889 0.76412 0.7647654 0.7604127 0.7386117 0.7252803 0.7047573 0.6874194 0.6956691 0.6908903 0.6790632
4.504283 4.325645 4.169597 3.539343 2.882074 2.509609 2.19268 2.03896 1.95159 1.819976 1.747159 1.72183 1.73867 1.666313 1.581035 1.636522 1.725025 1.756077 1.82909 1.899097 1.91316 1.983006 2.044198 2.054442 2.048106 2.07178 2.099099 2.140404 2.163651 2.153342 2.133357 2.086818 1.891042 1.711653 1.565397 1.460888 1.479885 1.414786 1.437208 1.386575 1.311583 1.250083 1.197275 1.157141 1.088268 1.032546 0.9812532 0.9467639 0.9181765 0.8906757 0.846118 0.8539616 0.8554863 0.8369932 0.8338116 0.8009938 0.7996467 0.7475647 0.6939524 0.6857794 0.6797429 0.6759625 0.6778705
4.16259 3.942289 3.663975 3.167031 2.706355 2.44856 2.263074 2.140729 1.969082 1.805312 1.737355 1.631001 1.654046 1.646308 1.611993 1.563092 1.514235 1.556596 1.582659 1.595845 1.645136 1.703622 1.76577 1.829071 1.814061 1.820532 1.842419 1.814135 1.802772 1.809187 1.839048 1.798301 1.658248 1.572971 1.484055 1.37929 1.386557 1.356064 1.332214 1.31421 1.283387 1.213547 1.159234 1.135055 1.083582 1.04114 1.006011 0.9675366 0.9361777 0.9375479 0.9262151 0.9451262 0.9438747 0.930909 0.8948506 0.8347433 0.8026648 0.7597655 0.7225851 0.6736859 0.6631987 0.6637106 0.684826
4.024597 3.746329 3.410536 2.919446 2.663265 2.45188 2.268117 2.101214 1.981658 1.835843 1.718509 1.661832 1.603459 1.615556 1.644001 1.578845 1.540589 1.523662 1.529955 1.507225 1.469856 1.47491 1.502001 1.541177 1.583598 1.618042 1.626342 1.657851 1.675062 1.611672 1.611348 1.551524 1.440784 1.334736 1.286537 1.243825 1.227198 1.220205 1.214178 1.187177 1.170866 1.149222 1.126777 1.101903 1.074427 1.0534 1.010663 0.9897388 0.990649 1.004081 1.018498 1.02399 0.9946131 0.9406965 0.9214551 0.8693677 0.8234788 0.7789898 0.7462155 0.6917195 0.6634375 0.6475798 0.6777662
3.783442 3.568407 3.269892 2.874169 2.61636 2.459013 2.30602 2.119047 1.997131 1.87262 1.769211 1.689274 1.656373 1.626525 1.623305 1.673372 1.563864 1.530002 1.531392 1.538539 1.553101 1.561188 1.535669 1.488853 1.447833 1.455232 1.473917 1.489717 1.480725 1.430232 1.375826 1.248681 1.195962 1.17118 1.14598 1.15169 1.126084 1.082821 1.092161 1.10313 1.107458 1.105447 1.106048 1.107576 1.087974 1.072788 1.063333 1.047573 1.057639 1.056808 1.057676 1.047714 1.000336 0.9873322 0.9321578 0.8929944 0.8600631 0.8166799 0.7576562 0.7294189 0.6773443 0.6456267 0.6617895
3.630282 3.448154 3.19625 2.878174 2.624396 2.472794 2.324348 2.191426 2.033867 1.953069 1.833387 1.734953 1.697176 1.649542 1.634078 1.678741 1.67765 1.558271 1.564098 1.538799 1.547688 1.562285 1.55182 1.534929 1.508127 1.477534 1.457631 1.410006 1.367694 1.262233 1.244904 1.206515 1.184719 1.22874 1.172925 1.134513 1.101334 1.090826 1.078364 1.090886 1.102949 1.112377 1.127521 1.14925 1.147478 1.165141 1.148366 1.11756 1.092688 1.056076 1.03874 1.038029 1.008109 0.9816055 0.9532406 0.939683 0.9018776 0.8431371 0.7902493 0.7572007 0.7143607 0.6761169 0.6539065
3.471048 3.365426 3.144938 2.907331 2.666191 2.506836 2.366885 2.242486 2.108239 2.006104 1.949691 1.82305 1.739692 1.702491 1.6538 1.665105 1.692348 1.631632 1.566327 1.601456 1.584688 1.559164 1.558432 1.541433 1.520538 1.495234 1.379882 1.34241 1.243846 1.286922 1.222203 1.317818 1.267833 1.236027 1.213364 1.169421 1.122169 1.09668 1.099181 1.110881 1.136554 1.171189 1.194282 1.178031 1.200781 1.200366 1.188213 1.134428 1.091438 1.068781 1.039735 1.015636 1.016651 0.9974984 0.9890186 0.9586695 0.9383951 0.878004 0.8540542 0.8128264 0.7602556 0.7292204 0.685224
3.367602 3.294858 3.132725 2.932395 2.713587 2.559536 2.424443 2.296631 2.178218 2.061494 2.006146 1.920673 1.833245 1.769698 1.678623 1.648282 1.684341 1.713464 1.622001 1.598138 1.59406 1.598497 1.571357 1.580269 1.495043 1.371649 1.345126 1.318269 1.286 1.342528 1.36229 1.323049 1.29301 1.246645 1.213998 1.182111 1.149167 1.114219 1.108844 1.151384 1.201252 1.252105 1.25149 1.202543 1.186943 1.203546 1.183093 1.155355 1.089296 1.079184 1.040411 0.9898916 0.9829578 1.005085 1.009421 1.025539 1.019888 0.9994602 0.9753682 0.919094 0.8474232 0.7910077 0.7159522
3.285149 3.229786 3.132643 2.968262 2.757908 2.59428 2.475381 2.346487 2.236596 2.111683 2.048296 1.995001 1.90859 1.84498 1.759155 1.680246 1.67 1.682199 1.695601 1.602254 1.605474 1.62195 1.621068 1.53022 1.451116 1.426468 1.343075 1.315016 1.312548 1.327467 1.312503 1.310829 1.280584 1.237496 1.209077 1.176194 1.139851 1.126018 1.159105 1.211679 1.245838 1.309091 1.304066 1.249263 1.208218 1.194795 1.207243 1.171894 1.099202 1.066025 1.065245 1.003322 0.9798593 1.011657 1.046818 1.086506 1.080949 1.08818 1.066722 0.9763317 0.9290343 0.8373865 0.7883809
3.225716 3.19935 3.136799 3.001569 2.802072 2.637549 2.516134 2.404227 2.282114 2.163562 2.09029 2.051389 1.981194 1.905349 1.825299 1.733194 1.675735 1.675554 1.700258 1.660926 1.567496 1.550904 1.488597 1.449036 1.413096 1.366906 1.357406 1.361954 1.322408 1.318166 1.330018 1.335335 1.317911 1.259896 1.227181 1.198035 1.174914 1.182873 1.206688 1.261304 1.312935 1.348492 1.341891 1.3198 1.283535 1.244134 1.220295 1.179841 1.140026 1.053362 1.06008 1.032015 1.018766 1.080824 1.08586 1.174942 1.206005 1.17871 1.084338 1.018679 1.00224 0.9333549 0.8305697
3.207047 3.170015 3.145569 3.028813 2.848465 2.679022 2.554614 2.455187 2.31677 2.213718 2.142148 2.103534 2.035219 1.956014 1.890605 1.812283 1.717375 1.67519 1.68886 1.648191 1.514569 1.452766 1.493373 1.432171 1.407483 1.421893 1.399515 1.394545 1.368739 1.325408 1.338569 1.362168 1.364953 1.314298 1.27132 1.249482 1.256493 1.25516 1.271689 1.310929 1.326174 1.345706 1.356238 1.325637 1.297124 1.268801 1.230572 1.204018 1.191572 1.142579 1.058932 1.073072 1.067692 1.124886 1.140648 1.168068 1.220714 1.130347 1.06189 0.9949821 0.9695954 0.9686035 0.8822062
3.236886 3.160754 3.105373 3.033486 2.890092 2.722023 2.587355 2.485404 2.358077 2.262717 2.188128 2.13135 2.102776 2.010621 1.944372 1.874779 1.798969 1.690089 1.615801 1.556382 1.478195 1.41762 1.44551 1.472394 1.416961 1.431973 1.436757 1.419463 1.420534 1.373335 1.341378 1.369262 1.380326 1.359282 1.326532 1.289896 1.281002 1.272111 1.262066 1.28394 1.291793 1.296326 1.297573 1.299981 1.281977 1.280491 1.248697 1.204695 1.172285 1.178291 1.117366 1.112272 1.110875 1.134093 1.153086 1.176386 1.163187 1.100191 1.072218 1.004039 0.9787782 0.9415916 0.9176201
3.300643 3.166722 3.096667 3.050933 2.913456 2.762197 2.61047 2.512085 2.397405 2.30183 2.222359 2.160311 2.138613 2.086912 1.97076 1.867625 1.814043 1.69788 1.639036 1.593486 1.512681 1.464832 1.425068 1.47301 1.469512 1.446983 1.447702 1.453515 1.451093 1.449685 1.393581 1.367779 1.396424 1.415287 1.36777 1.331135 1.297699 1.278947 1.25338 1.254314 1.265052 1.263836 1.265854 1.280925 1.291142 1.294394 1.273618 1.214353 1.215405 1.225169 1.191144 1.213609 1.197458 1.17043 1.152546 1.157201 1.146307 1.100706 1.048738 1.015974 0.9960086 0.9499068 0.8935311
3.288245 3.192595 3.083493 3.039581 2.927077 2.786443 2.639755 2.533023 2.436234 2.342399 2.249175 2.241725 2.18104 2.122604 2.028973 1.878496 1.860678 1.829694 1.687568 1.627442 1.582687 1.506644 1.453369 1.460542 1.483537 1.481503 1.47749 1.473196 1.475039 1.49157 1.476762 1.43196 1.401843 1.436098 1.432983 1.384154 1.331726 1.28249 1.257892 1.238183 1.232804 1.235138 1.235366 1.247818 1.288295 1.321138 1.3002 1.31753 1.261188 1.301514 1.374199 1.346811 1.282174 1.191185 1.16053 1.179839 1.094552 1.069201 1.034065 1.026305 0.9733387 0.9033219 0.8540477
3.293926 3.220942 3.068584 2.994143 2.963364 2.814505 2.663895 2.555964 2.488117 2.382935 2.417547 2.408704 2.337553 2.245457 2.148246 2.00311 1.94159 1.897149 1.815151 1.670798 1.621989 1.552919 1.504918 1.463214 1.50688 1.518411 1.514272 1.507395 1.49313 1.494549 1.552268 1.509473 1.469329 1.485654 1.514147 1.456365 1.385807 1.318573 1.28647 1.254199 1.227506 1.222727 1.212522 1.223295 1.286625 1.376184 1.370751 1.353726 1.371717 1.466635 1.499583 1.490153 1.43953 1.294203 1.184069 1.144218 1.079299 1.038037 0.9928471 0.9981526 0.9420264 0.8946288 0.8796445
3.286471 3.225172 3.105586 2.970184 2.936809 2.809734 2.66793 2.638102 2.675119 2.658242 2.5933 2.510044 2.397037 2.293027 2.207239 2.072427 1.9688 1.948134 1.885504 1.758541 1.662049 1.60021 1.533711 1.514996 1.513909 1.551152 1.553678 1.54669 1.53975 1.571796 1.630028 1.603276 1.569614 1.552575 1.583214 1.531323 1.44729 1.373276 1.320434 1.285572 1.245868 1.241626 1.260903 1.26666 1.308366 1.388409 1.431877 1.402162 1.453822 1.503806 1.534314 1.533314 1.459523 1.324119 1.194804 1.127664 1.078202 1.038579 1.022092 1.012193 0.906034 0.8823322 0.9177003
3.24149 3.195418 3.099003 2.961736 2.840051 2.833516 2.985598 2.966888 2.885876 2.718434 2.636075 2.553462 2.462126 2.344304 2.257855 2.155057 2.036929 1.946036 1.942173 1.873809 1.734742 1.6408 1.608719 1.562614 1.552317 1.602891 1.577268 1.582178 1.643002 1.665667 1.733018 1.699184 1.673313 1.623792 1.585756 1.592858 1.516594 1.43234 1.350636 1.301428 1.27924 1.353222 1.431504 1.429349 1.416022 1.402058 1.438535 1.428713 1.446576 1.487582 1.491877 1.494624 1.439194 1.272303 1.15552 1.102886 0.9806654 0.9409584 0.900129 0.8732558 0.8728503 0.8988721 0.9852835
3.190402 3.134614 2.982139 2.899068 3.032356 2.954288 3.017595 3.002341 2.984736 2.808856 2.629112 2.589447 2.503342 2.413133 2.310156 2.228041 2.12424 2.012449 1.944991 1.944841 1.851028 1.76257 1.673335 1.6216 1.584743 1.609799 1.641973 1.646641 1.716545 1.785394 1.849942 1.826753 1.785705 1.693346 1.620078 1.58248 1.563651 1.494574 1.397092 1.310854 1.394812 1.541742 1.582751 1.56452 1.489285 1.50929 1.517667 1.48927 1.419436 1.416144 1.401041 1.347456 1.310518 1.152586 1.032636 0.9622101 0.8939913 0.8465631 0.8421355 0.8761006 0.8796707 0.882908 1.005631
3.105143 3.023297 2.989461 3.113611 3.051281 2.938048 2.955927 3.011016 2.978218 2.908419 2.678834 2.624371 2.548716 2.474247 2.381058 2.288366 2.204186 2.096707 1.977917 1.965768 1.989648 1.892967 1.781845 1.677143 1.64628 1.649011 1.694144 1.78223 1.917367 1.898267 1.910747 1.886998 1.865244 1.774635 1.680014 1.607753 1.579486 1.550046 1.455409 1.327697 1.521605 1.60708 1.617599 1.603076 1.612743 1.608302 1.543562 1.523666 1.533065 1.378219 1.304946 1.255052 1.201031 1.041143 0.9171706 0.8566418 0.8037406 0.8047256 0.830986 0.8611918 0.9087346 0.9426286 0.9959398
3.061663 3.141235 3.184295 3.069769 3.057489 3.018846 2.898524 3.004546 2.993846 2.967804 2.782333 2.630684 2.616103 2.540087 2.47329 2.380959 2.286309 2.209355 2.093044 2.018167 2.036299 2.011446 1.911704 1.824419 1.745912 1.731822 1.750179 1.803681 1.951936 1.941129 1.937904 1.927633 1.854212 1.812995 1.762218 1.663573 1.594687 1.582797 1.505857 1.415295 1.538813 1.54636 1.605185 1.654805 1.628169 1.567505 1.526212 1.502108 1.417815 1.316011 1.249147 1.161752 1.075733 0.9235353 0.8681449 0.8318218 0.837986 0.9055338 0.9515509 0.8950418 0.9411669 0.9932981 0.9907938
3.207879 3.18564 3.167312 3.079301 3.06661 3.039496 2.921286 2.948652 3.010892 2.991323 2.924459 2.724461 2.693058 2.632991 2.564305 2.51404 2.441415 2.344177 2.264395 2.174392 2.136171 2.110895 1.984573 1.953328 1.880845 1.837966 1.792098 1.880826 1.908058 1.972334 2.001136 1.971209 1.90236 1.803758 1.788272 1.744033 1.647329 1.576578 1.544869 1.534725 1.525172 1.473472 1.508153 1.587599 1.580113 1.481772 1.50876 1.354561 1.281487 1.184367 1.116369 1.012058 0.9908221 0.9003935 0.8183457 0.8227284 0.8434996 0.910668 0.9424681 0.9662657 0.9745018 1.032326 1.032945
3.236471 3.203363 3.170237 3.10893 3.072143 3.056778 3.024733 2.890847 3.005451 3.047153 3.035161 2.93476 2.817641 2.758666 2.713772 2.678778 2.657722 2.630568 2.551728 2.429085 2.399372 2.405828 2.263063 2.151992 2.059671 1.908475 1.865749 1.877372 1.912189 1.945061 1.992319 2.02316 1.967564 1.866687 1.799842 1.777183 1.712811 1.648596 1.670321 1.620131 1.557515 1.544149 1.519714 1.363681 1.520426 1.387255 1.344049 1.266896 1.155248 1.113276 1.026442 1.036905 1.029995 0.8973499 0.7567986 0.7627386 0.8128069 0.9122192 0.9102683 0.9775689 0.9955761 1.042045 1.088504
3.262269 3.184497 3.1622 3.134246 3.062884 3.068714 3.067384 2.99146 2.944614 3.056611 3.122057 3.106198 3.105451 3.093231 2.997216 2.957314 2.980241 3.003974 3.01674 3.004204 2.847328 2.747034 2.577121 2.332938 2.200768 2.035533 1.947188 1.825076 1.92717 1.93503 1.957911 1.966176 2.01841 1.949769 1.885024 1.816186 1.795333 1.728863 1.796216 1.761366 1.702566 1.714241 1.673445 1.431222 1.279806 1.260466 1.298812 1.25245 1.210205 1.147046 1.071138 1.05969 1.033502 0.998401 0.9038748 0.7604306 0.8039225 0.8656904 0.9570751 0.9652809 0.9973608 1.070172 1.030958
