datasets/raw_datasets/Hayden/BOM_gridded_climate/rainfall_variability/varnov.txt
ncols         178
nrows         139
xllcorner     111.875
yllcorner     -44.625
cellsize      0.25
NODATA_value  -9999
[rows 84 to 111 of 139, columns 0 to 62 of 178]
1.484539 1.468273 1.448685 1.440213 1.450293 1.494849 1.531963 1.604524 1.631639 1.642164 1.586519 1.662205 1.657824 1.70315 1.782202 1.752326 1.567551 1.595389 1.472413 1.621181 1.84406 2.111811 1.976111 1.902266 1.907528 1.86016 1.654098 1.771393 1.692557 1.526605 1.382237 1.373359 1.401178 1.571176 1.624448 1.802481 1.846038 1.89477 1.961158 1.969631 1.810839 1.901267 1.776493 1.785466 1.685966 1.673681 1.659331 1.718764 1.920443 1.788435 1.746041 1.903717 2.107617 2.069874 2.019984 2.067292 2.065713 1.967442 2.042449 2.130901 2.146353 2.190754 2.100454
1.437369 1.437616 1.4324 1.432545 1.450092 1.483828 1.539927 1.645887 1.687181 1.658581 1.624844 1.637619 1.600778 1.640641 1.647869 1.769552 1.842651 1.620067 1.582627 1.701485 1.767604 2.024925 2.025256 1.915687 1.827535 1.910258 1.933348 1.877606 1.832157 1.630809 1.404348 1.459677 1.490405 1.468727 1.672382 1.772034 1.67452 1.800866 1.770798 1.812968 1.69374 1.729447 1.777403 1.751228 1.688661 1.657268 1.621681 1.584658 1.627655 1.646631 1.705439 1.768405 2.030014 1.946325 2.060844 2.034717 2.031645 1.987985 1.955664 2.033762 2.093601 2.164066 1.942198
1.372428 1.378824 1.38926 1.399727 1.424268 1.461783 1.522384 1.540812 1.553847 1.58902 1.557794 1.564881 1.596494 1.516403 1.707634 1.909799 1.859374 1.675537 1.579272 1.7702 1.675105 1.837323 1.784805 1.862391 1.896847 2.036792 2.015119 1.836091 1.800926 1.647849 1.469431 1.360029 1.414371 1.440662 1.510904 1.710339 1.812042 1.8655 1.821644 1.83638 1.814918 1.817157 1.761321 1.808523 1.920192 1.684541 1.652807 1.572023 1.529593 1.652477 1.588168 1.592494 1.8089 1.814743 1.815092 1.915201 1.931743 1.947639 1.922703 1.883182 2.007619 1.971739 1.931477
1.350899 1.338562 1.329346 1.326672 1.348454 1.381401 1.450485 1.443216 1.449253 1.440392 1.507415 1.469072 1.460539 1.437975 1.614358 1.866622 1.92405 1.823835 1.843878 1.868477 1.843582 1.701883 1.710811 1.71961 2.055253 2.222792 2.047771 1.915996 1.581339 1.497933 1.440365 1.362121 1.407921 1.31815 1.401501 1.534427 1.606565 1.719391 1.783289 1.8219 1.738327 1.800767 1.810238 1.85773 2.011893 1.893831 1.706687 1.630693 1.692881 1.706625 1.702427 1.791245 1.718287 1.752942 1.764751 1.76848 1.802964 1.761362 1.861498 1.849472 1.883062 1.839505 1.877088
1.367993 1.376552 1.366567 1.358976 1.35202 1.36831 1.366539 1.322289 1.322683 1.315726 1.357764 1.389048 1.314445 1.370542 1.480892 1.594433 1.751805 1.769159 1.745325 1.719779 1.720454 1.702025 1.745605 1.702185 1.81957 2.142246 1.966666 1.863695 1.702645 1.546622 1.432207 1.334635 1.333767 1.279471 1.262043 1.267089 1.378081 1.483796 1.618999 1.676624 1.680413 1.696777 1.671304 1.791955 1.844318 1.776266 1.786486 1.874793 1.915686 1.722367 1.709499 1.728408 1.780174 1.637511 1.747494 1.797471 1.770122 1.840109 1.943219 1.784082 1.764655 1.7497 1.823755
1.255016 1.283927 1.309932 1.322892 1.329467 1.327998 1.333417 1.354874 1.331115 1.311164 1.314572 1.324527 1.316226 1.369678 1.481052 1.665782 1.629452 1.66304 1.625619 1.764629 1.859064 1.817256 1.817354 1.813589 1.848784 1.832021 2.060225 1.924797 1.626479 1.568363 1.588395 1.522038 1.436003 1.45972 1.35966 1.226572 1.266412 1.409157 1.412698 1.457054 1.45127 1.347203 1.46983 1.657635 1.686179 1.732087 1.782269 1.858208 1.927734 1.791593 1.639053 1.681615 1.730123 1.713144 1.555834 1.739301 1.809829 1.813268 1.770022 1.726643 1.669815 1.754858 1.797914
1.211186 1.222614 1.233486 1.249948 1.25682 1.257377 1.295959 1.352489 1.362596 1.381141 1.369548 1.378741 1.306676 1.34315 1.494493 1.654881 1.584313 1.474755 1.595167 1.834388 1.919428 1.718916 1.759146 1.955054 1.96864 2.023665 1.796723 1.732555 1.643863 1.645156 1.627126 1.52377 1.388394 1.453065 1.365049 1.24892 1.194086 1.193076 1.214263 1.225205 1.208934 1.240137 1.259688 1.470564 1.524424 1.57099 1.549632 1.735521 1.739213 1.706856 1.7003 1.577805 1.640939 1.635309 1.597236 1.59115 1.632445 1.620157 1.635088 1.710554 1.6423 1.756109 1.799073
1.19073 1.193089 1.196618 1.20381 1.198227 1.223763 1.285486 1.338286 1.322434 1.328383 1.357832 1.34096 1.291411 1.320467 1.378739 1.424196 1.523682 1.469328 1.715574 1.762349 1.672295 1.794722 1.809582 1.826101 2.072732 2.041732 1.704947 1.596698 1.739578 1.734484 1.772065 1.748489 1.536893 1.478442 1.378844 1.195033 1.15386 1.132387 1.190834 1.306481 1.149095 1.043052 1.045139 1.159518 1.288061 1.271233 1.366793 1.459038 1.511875 1.547346 1.522605 1.599654 1.601157 1.598738 1.560611 1.492441 1.61777 1.579828 1.565081 1.614722 1.545885 1.649317 1.719772
1.192219 1.189615 1.190127 1.194903 1.210063 1.246277 1.297269 1.318951 1.297796 1.297494 1.293823 1.318971 1.276004 1.278809 1.248809 1.435611 1.377729 1.413889 1.427486 1.571746 1.618554 1.703352 1.969837 1.898014 1.820336 1.984092 2.005324 1.773774 1.755833 1.878661 1.852419 1.870863 1.597508 1.470291 1.425196 1.286369 1.15729 1.154291 1.338724 1.286335 1.165771 1.022765 1.011533 1.064467 1.180719 1.241051 1.233494 1.241517 1.329935 1.403115 1.412445 1.475329 1.464236 1.445581 1.464101 1.427651 1.471206 1.521622 1.529966 1.566845 1.533665 1.499916 1.551917
1.213026 1.207567 1.206269 1.209428 1.196031 1.249813 1.251489 1.256947 1.266147 1.221994 1.203167 1.282536 1.291235 1.305411 1.409474 1.571108 1.457391 1.39887 1.452757 1.578506 1.72899 1.907882 2.138222 2.056482 1.86157 2.109879 2.090914 1.749093 1.644478 1.638845 1.736058 1.70873 1.635015 1.508896 1.370751 1.293893 1.284537 1.23435 1.302817 1.38278 1.200909 0.9988523 1.004405 1.04995 1.020712 1.099789 1.157422 1.189322 1.25574 1.283305 1.312717 1.31894 1.338045 1.346821 1.402957 1.325261 1.345407 1.365964 1.418242 1.42438 1.361606 1.434615 1.487033
1.180997 1.183232 1.181208 1.181391 1.188213 1.195122 1.236014 1.233214 1.222361 1.23026 1.218007 1.252284 1.474613 1.523474 1.560457 1.553574 1.510357 1.452381 1.367081 1.527579 1.748802 1.756196 1.983626 1.957011 1.922623 2.07857 2.086493 1.705406 1.573389 1.523285 1.544341 1.627313 1.723238 1.627875 1.500844 1.454496 1.324517 1.279604 1.355008 1.445602 1.179131 1.029049 1.0405 1.134677 1.082871 1.071718 1.158589 1.288246 1.285276 1.31832 1.318702 1.311908 1.281523 1.350357 1.288861 1.274067 1.296011 1.242283 1.301338 1.268484 1.337525 1.371403 1.496959
1.194013 1.198376 1.192378 1.189033 1.190783 1.191049 1.205501 1.188506 1.169525 1.143141 1.146345 1.224523 1.428734 1.518557 1.583116 1.5274 1.496259 1.372612 1.351193 1.468517 1.601291 1.682824 1.700777 1.849348 1.974503 1.909227 1.943519 1.730605 1.458259 1.504378 1.50994 1.681908 1.616369 1.56118 1.431557 1.387999 1.331611 1.42813 1.327718 1.53853 1.307363 1.110086 1.069163 1.305047 1.250247 1.20182 1.130781 1.203905 1.247464 1.262161 1.269445 1.220699 1.254446 1.25263 1.205227 1.209772 1.115031 1.140188 1.185208 1.20783 1.26927 1.35012 1.480904
1.184514 1.203228 1.219667 1.201234 1.179649 1.199807 1.174226 1.15628 1.126003 1.086972 1.085943 1.144796 1.25819 1.302183 1.274377 1.300714 1.351287 1.354259 1.328619 1.294708 1.447664 1.583209 1.63963 1.673271 1.753212 1.857303 1.709125 1.639217 1.604606 1.409538 1.370457 1.509611 1.524629 1.596076 1.355622 1.247642 1.309638 1.390021 1.234097 1.170934 1.233227 1.199416 1.218614 1.277285 1.252759 1.257705 1.217989 1.167244 1.215739 1.231328 1.223179 1.191799 1.160088 1.178096 1.169316 1.174646 1.112606 1.072988 1.084356 1.125253 1.190937 1.298098 1.404681
1.179337 1.165094 1.16354 1.186339 1.187496 1.184289 1.154488 1.133252 1.103722 1.038248 1.008948 1.035698 1.100668 1.087438 1.080928 1.212652 1.244055 1.265645 1.360737 1.211568 1.33554 1.376444 1.511936 1.517927 1.528846 1.599535 1.679936 1.61855 1.627937 1.458308 1.528535 1.367376 1.376377 1.468321 1.489544 1.268114 1.276984 1.420439 1.275164 1.292053 1.324889 1.394588 1.387689 1.280743 1.263881 1.225329 1.269161 1.216811 1.18835 1.179945 1.1885 1.191885 1.136241 1.147979 1.148745 1.164095 1.142784 1.071639 1.031534 1.07517 1.129121 1.252209 1.342262
1.160534 1.141733 1.137116 1.142817 1.148956 1.137188 1.133345 1.111721 1.094514 1.045622 1.011609 1.009891 1.03647 0.9722415 0.9460239 1.091894 1.175789 1.24627 1.26208 1.27676 1.251136 1.27894 1.317561 1.377569 1.350762 1.36282 1.463665 1.524708 1.455785 1.541923 1.623535 1.524864 1.329647 1.304057 1.329994 1.244596 1.21235 1.353041 1.311282 1.335556 1.366477 1.378187 1.321342 1.249643 1.283216 1.268661 1.238878 1.246423 1.212396 1.215886 1.22604 1.158005 1.101545 1.104808 1.150857 1.152065 1.165588 1.088663 1.044861 1.028457 1.076091 1.182946 1.282421
1.143445 1.135837 1.132799 1.127669 1.114733 1.087756 1.098378 1.06494 1.059139 1.091619 1.088411 1.053378 1.030041 0.9380471 0.9310936 1.011163 1.151682 1.168864 1.182326 1.226138 1.20987 1.176509 1.194492 1.215762 1.110468 1.260908 1.268322 1.312835 1.375049 1.48237 1.561434 1.543067 1.45998 1.172382 1.185717 1.148289 1.15889 1.292704 1.295473 1.281876 1.301343 1.314125 1.258708 1.242049 1.264916 1.218832 1.220266 1.269653 1.240899 1.235991 1.182618 1.106893 1.081167 1.08916 1.101793 1.170911 1.176969 1.132811 1.064416 1.047388 1.06917 1.15879 1.274781
1.133049 1.130799 1.127825 1.123049 1.104576 1.087808 1.100809 1.102381 1.076596 1.08296 1.137529 1.142148 1.111608 1.022093 0.9180543 0.943326 1.013517 1.084086 1.085758 1.113376 1.195622 1.075422 1.144959 1.104639 1.088841 1.130017 1.179153 1.133721 1.310649 1.356128 1.437855 1.4935 1.394285 1.203218 1.138304 1.113292 1.157395 1.273424 1.28058 1.276244 1.272982 1.268479 1.221892 1.204784 1.24244 1.231999 1.217953 1.232138 1.237701 1.193672 1.156831 1.117291 1.078295 1.059601 1.082649 1.119185 1.187186 1.178192 1.113294 1.047609 1.09824 1.176169 1.276759
1.147612 1.133545 1.130132 1.126437 1.109884 1.074737 1.098362 1.08702 1.075433 1.076805 1.043332 1.081475 1.070788 1.02289 0.9681567 1.013687 1.061031 1.185802 1.219293 1.194172 1.132011 1.059761 1.063298 1.049189 1.091657 1.094352 1.148742 1.118905 1.147085 1.287679 1.308297 1.298159 1.256112 1.187997 1.115091 1.131956 1.162073 1.186655 1.286664 1.277933 1.260404 1.245053 1.199279 1.176075 1.213621 1.221674 1.193433 1.173126 1.160542 1.159436 1.16088 1.137028 1.100646 1.056939 1.052163 1.088247 1.152784 1.198425 1.149597 1.068987 1.078243 1.157959 1.211711
1.162002 1.155422 1.141685 1.129861 1.107837 1.082461 1.081491 1.079618 1.087814 1.056927 1.027828 1.006034 1.010435 1.001984 1.021411 1.097841 1.117744 1.231829 1.22903 1.191004 1.097806 1.005884 1.027926 1.047747 1.043981 1.090335 1.113849 1.146877 1.112974 1.079905 1.170872 1.247598 1.232408 1.166847 1.116467 1.148836 1.105699 1.171412 1.213201 1.239921 1.269951 1.255258 1.230546 1.191919 1.171773 1.171159 1.145472 1.113266 1.111016 1.13064 1.14932 1.154436 1.125566 1.089753 1.057649 1.056011 1.102971 1.17015 1.183937 1.135973 1.109678 1.10341 1.161726
1.16976 1.158639 1.15376 1.14003 1.114333 1.093271 1.073444 1.095851 1.09583 1.089513 1.091698 1.070737 1.053424 1.041006 1.046459 1.113851 1.149241 1.17147 1.154681 1.159929 1.141343 1.034699 1.033152 1.033809 1.052905 1.052532 1.092899 1.083962 1.116953 1.07875 1.093419 1.17039 1.145535 1.102617 1.07753 1.158955 1.152485 1.15828 1.166963 1.19989 1.213553 1.219369 1.207234 1.169476 1.150479 1.141501 1.12451 1.112655 1.109087 1.128161 1.134305 1.171401 1.153295 1.124551 1.093039 1.056722 1.086353 1.13662 1.137701 1.168293 1.132063 1.131328 1.131419
1.170658 1.163447 1.155388 1.140378 1.12686 1.110842 1.095877 1.090605 1.107991 1.127396 1.100567 1.078916 1.088241 1.116849 1.137828 1.173436 1.179989 1.147272 1.127019 1.134505 1.125511 1.094015 1.071726 1.038058 1.007314 1.04674 1.074198 1.083017 1.093239 1.099959 1.099497 1.105256 1.088361 1.078475 1.115475 1.173564 1.1661 1.178507 1.172082 1.176049 1.198231 1.213912 1.205803 1.155429 1.123079 1.143189 1.125985 1.113743 1.118436 1.127507 1.143781 1.17059 1.181184 1.149644 1.114583 1.054904 1.071404 1.104975 1.111548 1.095284 1.127893 1.151452 1.069386
1.164388 1.159511 1.153249 1.145771 1.134909 1.120573 1.112121 1.10919 1.115046 1.130391 1.136343 1.124931 1.132367 1.169037 1.134336 1.118125 1.142538 1.130735 1.141814 1.137446 1.108433 1.08731 1.062473 1.03777 1.031142 1.041722 1.072896 1.0792 1.083 1.065785 1.068117 1.082314 1.111768 1.115373 1.14168 1.17523 1.1833 1.185307 1.189622 1.179382 1.196693 1.224424 1.211609 1.16159 1.119516 1.120459 1.13107 1.129468 1.121054 1.124858 1.143532 1.176962 1.195039 1.175824 1.133906 1.093184 1.070998 1.088421 1.083519 1.03764 1.058879 1.078237 1.101195
1.157308 1.149588 1.143371 1.136304 1.130558 1.12603 1.126516 1.127414 1.129411 1.147825 1.157245 1.162393 1.165144 1.155738 1.148568 1.12946 1.124319 1.094244 1.079855 1.080225 1.089244 1.101207 1.073186 1.044182 1.04603 1.094867 1.072156 1.050253 1.032238 1.040578 1.047181 1.055566 1.075084 1.109239 1.135728 1.167696 1.197691 1.196634 1.20716 1.195164 1.192399 1.226709 1.219805 1.16568 1.126376 1.09637 1.14173 1.140072 1.123017 1.133003 1.145407 1.177912 1.191749 1.186928 1.152556 1.131427 1.102724 1.098115 1.076976 1.05276 1.045563 1.067097 1.046663
1.151844 1.150957 1.14996 1.146127 1.141619 1.142982 1.145016 1.139933 1.14661 1.156894 1.168299 1.173818 1.178931 1.179523 1.157216 1.145338 1.132761 1.142481 1.140049 1.132706 1.106397 1.07255 1.065211 1.103162 1.115606 1.103513 1.062797 1.04037 1.040639 1.046108 1.049407 1.045182 1.049014 1.066219 1.093644 1.148574 1.16877 1.213385 1.222311 1.20573 1.205532 1.222323 1.233228 1.172988 1.133725 1.096611 1.134905 1.142583 1.131921 1.137881 1.139178 1.155985 1.174012 1.174075 1.165461 1.153982 1.123875 1.102303 1.068412 1.051261 1.017235 1.021184 0.997211
1.173049 1.157651 1.15126 1.149263 1.153196 1.161742 1.163571 1.162073 1.170498 1.179486 1.171773 1.171819 1.176662 1.171129 1.150079 1.138134 1.144544 1.14064 1.143304 1.135828 1.126436 1.137399 1.154281 1.149137 1.132996 1.078449 1.043441 1.041348 1.046903 1.048876 1.052047 1.050996 1.044986 1.040948 1.061405 1.088161 1.139262 1.196736 1.23418 1.227515 1.222531 1.236255 1.229389 1.182377 1.141957 1.097894 1.10971 1.152639 1.146005 1.143331 1.153703 1.140288 1.125716 1.110139 1.098254 1.099001 1.092492 1.083699 1.061232 1.01736 1.0326 0.9783849 1.001327
1.174636 1.179091 1.168717 1.15504 1.160462 1.16838 1.176932 1.183153 1.186272 1.201215 1.190528 1.178595 1.172494 1.161457 1.141379 1.140563 1.14608 1.139503 1.133519 1.11974 1.132321 1.150799 1.135379 1.126524 1.125383 1.080026 1.050433 1.044526 1.052251 1.053504 1.047773 1.061662 1.050559 1.039002 1.036773 1.053565 1.09579 1.158409 1.217436 1.241289 1.240421 1.244841 1.234341 1.195906 1.151456 1.102085 1.087217 1.137611 1.155656 1.147257 1.13523 1.114012 1.102007 1.09811 1.08535 1.087198 1.090979 1.089971 1.064042 1.028222 1.032258 0.9996774 1.000572
1.165934 1.183858 1.188508 1.187796 1.183852 1.181877 1.187297 1.198517 1.204019 1.22226 1.212698 1.197517 1.175311 1.158406 1.142461 1.14583 1.150752 1.141087 1.129665 1.121752 1.135834 1.139713 1.124588 1.103748 1.105312 1.086929 1.055891 1.055591 1.058702 1.063584 1.058609 1.066708 1.063208 1.05262 1.041988 1.045911 1.061558 1.115014 1.19434 1.234613 1.238018 1.242137 1.238095 1.20434 1.173787 1.122215 1.075047 1.067801 1.059956 1.069429 1.087687 1.093997 1.109075 1.118742 1.099786 1.096293 1.094734 1.085734 1.056197 1.022135 1.024647 1.018773 0.9738585
1.168113 1.180847 1.199406 1.198082 1.203834 1.205654 1.207573 1.213365 1.224722 1.230525 1.223934 1.210164 1.186472 1.160858 1.154218 1.154508 1.149616 1.149227 1.131113 1.121264 1.133994 1.140267 1.128661 1.103687 1.082809 1.083838 1.06764 1.065045 1.067895 1.067731 1.075141 1.073352 1.073848 1.066804 1.057597 1.05769 1.049127 1.082585 1.153442 1.217573 1.242191 1.233414 1.242611 1.210896 1.199717 1.177262 1.140311 1.104189 1.060053 1.022624 1.000328 1.015504 1.037493 1.058856 1.080423 1.101164 1.090692 1.084782 1.053372 1.021971 1.011178 1.026456 0.9468017
