datasets/raw_datasets/Hayden/BOM_gridded_climate/rainfall_variability/varnov.txt
ncols         178
nrows         139
xllcorner     111.875
yllcorner     -44.625
cellsize      0.25
NODATA_value  -9999
[rows 0 to 27 of 139, columns 63 to 125 of 178]
0.7329258 0.682174 0.6601096 0.6629928 0.660219 0.6625113 0.6698217 0.672879 0.6734322 0.6730649 0.6802235 0.6843525 0.6809022 0.6719626 0.6530237 0.6406518 0.6511451 0.6669255 0.6748047 0.7050771 0.691311 0.7084111 0.6887421 0.690788 0.7044407 0.7025906 0.7231637 0.7447917 0.7656485 0.7795894 0.7734199 0.7684616 0.7677754 0.7552147 0.7583211 0.7463904 0.7671005 0.7731863 0.7850232 0.7754709 0.7774152 0.7910993 0.7840823 0.781234 0.7517434 0.7109987 0.7285667 0.7406762 0.7581543 0.7497619 0.759733 0.779747 0.7768479 0.7699959 0.805823 0.8323848 0.8395045 0.8911554 0.9063355 0.8878624 0.8844675 0.9208693 0.9062571
0.7068713 0.6709728 0.6667709 0.6574425 0.6609024 0.6633101 0.6695034 0.6766811 0.6942175 0.6976554 0.6888137 0.6864557 0.6958822 0.6888025 0.6668375 0.677389 0.666725 0.6939288 0.7328629 0.7374247 0.7440669 0.7439482 0.7219817 0.7306187 0.7216974 0.7187536 0.7249529 0.7450387 0.7691131 0.785264 0.7819341 0.7767465 0.7500238 0.7410815 0.7534159 0.7617614 0.7895905 0.8010138 0.7899711 0.7783155 0.7702543 0.7899383 0.7799588 0.7708439 0.768108 0.6952254 0.699276 0.7107635 0.7211198 0.7320759 0.7445908 0.774323 0.772221 0.7557607 0.7546599 0.7975671 0.7814578 0.8236825 0.8663236 0.8820246 0.8860142 0.905736 0.9160916
0.6852829 0.6736358 0.6629229 0.6566074 0.659524 0.6691548 0.677963 0.7184743 0.7050893 0.7283162 0.7270689 0.7340369 0.6775594 0.6841242 0.708981 0.7148331 0.7212439 0.745796 0.768841 0.7891954 0.7822413 0.7651694 0.7557788 0.7452234 0.7596881 0.7346469 0.7531741 0.7601289 0.7818889 0.7945013 0.7791236 0.7784452 0.7242941 0.7259848 0.7530185 0.75444 0.7891287 0.8028194 0.7963911 0.7898155 0.7638354 0.7776521 0.7822263 0.7698078 0.7450994 0.7060571 0.6862824 0.7039697 0.7118651 0.7202055 0.7247922 0.7408527 0.7589532 0.7526842 0.7214908 0.7257688 0.7496343 0.8165058 0.872542 0.8789695 0.9244053 0.9571702 0.8790759
0.6668303 0.6637735 0.6570583 0.6542779 0.6589818 0.6758139 0.7097055 0.7091022 0.7456319 0.7449172 0.742696 0.7521096 0.7186792 0.7059693 0.7023417 0.7545496 0.7449659 0.7802092 0.828361 0.8181768 0.8224782 0.8102137 0.8156402 0.7841332 0.8004791 0.7930185 0.7594001 0.7649063 0.78944 0.7565432 0.754318 0.7584714 0.7259582 0.7079389 0.7277905 0.7295814 0.774847 0.8073497 0.8068902 0.8000782 0.7741761 0.7733592 0.7719417 0.7683479 0.7313239 0.7108943 0.7131314 0.7086827 0.7066042 0.7131364 0.7051679 0.7238945 0.7338015 0.7493779 0.7217597 0.6907799 0.7313739 0.8008822 0.8674285 0.8823544 0.8883352 0.8663282 0.8339127
0.6737458 0.650723 0.6516478 0.6543552 0.6591492 0.6910565 0.7335529 0.7546904 0.7623835 0.736267 0.757756 0.7461087 0.752275 0.7104234 0.7187277 0.7466158 0.7834537 0.759788 0.7987408 0.7860652 0.8185031 0.8202975 0.81499 0.8812901 0.8704516 0.827194 0.8366401 0.8138248 0.8067747 0.7892137 0.7529083 0.7516694 0.712944 0.7009664 0.7046842 0.7118281 0.7595201 0.8163428 0.8182641 0.7952906 0.7739183 0.7803663 0.7792943 0.7573229 0.7332806 0.7259951 0.736358 0.7321335 0.7126979 0.7103567 0.702186 0.7061307 0.725464 0.7297565 0.7182059 0.699187 0.7332941 0.7572453 0.7715962 0.7922773 0.8201263 0.8294381 0.8697287
0.6695024 0.6501538 0.629847 0.6437063 0.6600657 0.6961863 0.7443756 0.7374723 0.7786012 0.775428 0.7645008 0.7572152 0.7536628 0.7318671 0.7050286 0.7047731 0.7663362 0.7552142 0.7758665 0.7546409 0.7929142 0.7877427 0.8928738 0.9671743 0.9312456 0.8889416 0.8616328 0.8608237 0.8548419 0.8056794 0.7741362 0.7289599 0.7365305 0.7101669 0.7190636 0.7248446 0.7790784 0.8162653 0.8268158 0.8192918 0.7964067 0.775546 0.7766887 0.7586447 0.7309783 0.7111323 0.7537575 0.7444803 0.7388784 0.7318218 0.7296951 0.7368252 0.7377219 0.7459849 0.7437596 0.7408676 0.7390501 0.7188891 0.7726794 0.8265612 0.8526585 0.8505551 0.8630385
0.6700169 0.6572728 0.6344483 0.6280901 0.6437795 0.6938405 0.7589507 0.7485883 0.7480678 0.7831566 0.784647 0.7885743 0.7579446 0.6997919 0.6315902 0.6602063 0.6911874 0.7209262 0.719257 0.7004955 0.7240331 0.7577175 0.8832629 0.9520184 0.9476275 0.8828239 0.857915 0.901367 0.8966083 0.823813 0.7707847 0.7622358 0.7485467 0.7466904 0.7215143 0.7312865 0.8240475 0.8321739 0.8519989 0.854657 0.8199778 0.7726253 0.7726933 0.7580503 0.7290253 0.7167396 0.7328901 0.7523613 0.7466915 0.748988 0.766501 0.7626507 0.7442394 0.727765 0.7354536 0.7419834 0.7633729 0.7719017 0.8064819 0.8195622 0.8331727 0.8288379 0.8926558
0.6758972 0.6634383 0.6492063 0.6313914 0.6299519 0.6709718 0.736663 0.730262 0.7386837 0.7302727 0.7368331 0.7185612 0.7130702 0.6612769 0.5748361 0.562779 0.5780757 0.6346971 0.6256791 0.6038017 0.6021187 0.6904078 0.7644288 0.8554335 0.8709765 0.8540913 0.8992488 0.955642 0.9523243 0.8320293 0.7814111 0.7888604 0.7862516 0.758555 0.7350035 0.7476387 0.8279018 0.8549808 0.8693586 0.8533965 0.8297152 0.7844516 0.773849 0.7585002 0.7337732 0.7245273 0.7296714 0.743372 0.7394169 0.7468637 0.7435828 0.7300035 0.7162295 0.7106727 0.7181091 0.7173672 0.745141 0.7837052 0.8228417 0.8122475 0.8476692 0.8425144 0.9196742
0.6775373 0.6731659 0.6620678 0.6354474 0.6367137 0.660376 0.6890869 0.7048763 0.6988329 0.7112808 0.6997997 0.6782629 0.6412927 0.5944657 0.561646 0.5420324 0.5546691 0.6007962 0.5622115 0.5456417 0.5799264 0.6137838 0.6359506 0.714771 0.8035359 0.8280023 0.915861 0.984918 0.9598718 0.8268479 0.7837504 0.7702585 0.7656689 0.7662634 0.7188959 0.7913218 0.8410245 0.861596 0.8741655 0.8884901 0.8279509 0.7917394 0.7752203 0.7648092 0.7418562 0.731001 0.7258686 0.7254547 0.7268896 0.7219322 0.7026889 0.6806684 0.7161334 0.7180589 0.708762 0.7211967 0.7153914 0.7698717 0.8129517 0.8920289 0.9267107 0.8982115 0.9191911
0.658221 0.6728492 0.6719213 0.6553445 0.6406414 0.659512 0.6875537 0.6831354 0.6795169 0.6885728 0.7060344 0.6837101 0.716461 0.6289974 0.571119 0.5427375 0.5357954 0.5410167 0.5564407 0.5349956 0.6010288 0.6520492 0.6430058 0.6198112 0.7104114 0.7964723 0.8856605 0.9935998 0.9177614 0.8718703 0.8659202 0.7638618 0.7381058 0.7520316 0.8028074 0.8373523 0.9048506 0.8905665 0.8769623 0.8977671 0.8447063 0.7914103 0.7761759 0.7657809 0.7469636 0.7318542 0.7088158 0.685028 0.6970181 0.6796157 0.6682858 0.6745147 0.6702936 0.7078083 0.7149156 0.7342317 0.7236062 0.7586175 0.7401828 0.7822334 0.8018245 0.9021621 0.8932978
0.6569714 0.6559165 0.6689678 0.6671119 0.6577982 0.6726059 0.6872327 0.6850248 0.6845981 0.714093 0.7308237 0.7125688 0.6967078 0.6493689 0.5721698 0.5291598 0.5633817 0.5380409 0.5370697 0.5504677 0.6346817 0.6961997 0.6652463 0.652642 0.6307781 0.7180211 0.8430554 0.9312199 0.9003684 0.8690729 0.8699318 0.7700793 0.7454752 0.7720045 0.8415066 0.8748705 0.8712353 0.8933049 0.881753 0.8969175 0.8723465 0.7723815 0.7639146 0.7594158 0.7299425 0.7145381 0.7034002 0.6854919 0.677412 0.6648998 0.6601254 0.6711231 0.7226195 0.7218035 0.7633352 0.8057586 0.7842312 0.8045828 0.7658081 0.7667487 0.8180146 0.9165266 0.9460717
0.667061 0.6594775 0.6597694 0.666535 0.6805877 0.689256 0.6861089 0.6847175 0.7019103 0.7333295 0.7525294 0.7379998 0.7228315 0.6419271 0.5859955 0.5744047 0.5960182 0.5463001 0.546313 0.5660073 0.5792956 0.6642941 0.7197642 0.7006182 0.6807554 0.6739731 0.7365569 0.8492196 0.8255624 0.8676319 0.8638197 0.8543538 0.8139922 0.8310762 0.8338786 0.8915705 0.9329096 0.9200426 0.9065577 0.9280059 0.8739784 0.8115894 0.751759 0.7467707 0.7274284 0.7138516 0.6988562 0.6924823 0.6777472 0.6557639 0.6542318 0.686883 0.7314644 0.7375273 0.7522029 0.7537348 0.7980887 0.7889158 0.8019607 0.7763288 0.7737843 0.8148891 0.9911447
0.674081 0.6831334 0.6690627 0.6783307 0.7101181 0.7390887 0.7088363 0.7118375 0.7151639 0.6986485 0.7050192 0.7258493 0.6898711 0.6454136 0.5822448 0.5646084 0.5709226 0.5819583 0.5640969 0.5668119 0.5795127 0.6128419 0.6701758 0.6983861 0.6800669 0.6318437 0.6797585 0.7538741 0.8318281 0.8430649 0.8287548 0.8817036 0.8160228 0.8146604 0.8885693 0.9548262 0.9810589 0.9544293 0.9524536 0.9195077 0.8749849 0.8466328 0.7601603 0.7404842 0.6996799 0.6825095 0.6978611 0.6832203 0.682907 0.6643478 0.6758299 0.7045253 0.791049 0.7954602 0.8052197 0.8241016 0.7894723 0.7809594 0.8068672 0.8160933 0.8432307 0.9493761 0.9892399
0.7010803 0.7062376 0.7198954 0.7323223 0.7499661 0.7468867 0.7617617 0.7155204 0.7354134 0.7148188 0.6687448 0.6444592 0.5890845 0.5617626 0.5541422 0.5602372 0.60316 0.5973521 0.5868735 0.6030415 0.6035845 0.5919049 0.595284 0.6231549 0.6053404 0.6185967 0.6717616 0.7637033 0.8249564 0.8120337 0.8776682 0.8688781 0.8420924 0.881198 0.9496412 1.033991 1.090472 1.025664 0.9878144 0.965655 0.8819159 0.8144698 0.7518197 0.7205944 0.6877526 0.671418 0.6845113 0.6614423 0.6846609 0.6918507 0.6948758 0.7296832 0.8134507 0.8534428 0.8465083 0.8475571 0.8193432 0.7703798 0.7819307 0.7905484 0.8392668 0.8934163 0.965577
0.7350388 0.7122954 0.7432148 0.7119401 0.7353304 0.7937824 0.7940444 0.7628087 0.7017811 0.6788085 0.6594333 0.62629 0.5713721 0.5613224 0.5488614 0.6161263 0.5927987 0.5729719 0.6177033 0.6179257 0.6281443 0.6069456 0.6181481 0.6471438 0.6969872 0.7348186 0.7390903 0.7839615 0.8200111 0.8501049 0.8758711 0.9335963 0.9689497 1.021962 1.025205 1.084776 1.174678 1.200207 1.07833 1.003571 0.8746998 0.8378083 0.7308974 0.7051845 0.6740667 0.6604812 0.6674747 0.6463413 0.6738207 0.7105458 0.6976261 0.7561795 0.822179 0.8738355 0.8816 0.9085204 0.8793587 0.8294663 0.7938988 0.792346 0.7911221 0.8959435 0.9826155
0.7780104 0.7317165 0.7305512 0.765791 0.8455703 0.9100687 0.8776302 0.8050266 0.7701185 0.669435 0.6308851 0.6219264 0.5876619 0.5741885 0.6143044 0.5796115 0.6456549 0.6346762 0.600378 0.6397663 0.6294933 0.6544458 0.6588875 0.731196 0.8227003 0.8458471 0.8611137 0.8583054 0.8946647 0.9356699 1.004227 1.032459 1.085282 1.023814 1.079908 1.13445 1.192508 1.25733 1.18259 1.018056 0.9283727 0.8369902 0.7734594 0.7072093 0.6603584 0.6446962 0.6447446 0.6517814 0.6654847 0.7140618 0.6985672 0.7831399 0.7913472 0.8447999 0.8630192 0.8804818 0.8672176 0.8437539 0.7809572 0.8096048 0.8378738 0.9038458 1.037744
0.8047219 0.7471464 0.7998431 0.8338678 0.9212112 0.9824812 1.00053 0.9149444 0.8052808 0.6939389 0.6786831 0.6828507 0.6263333 0.6077176 0.6201516 0.626485 0.5943655 0.6443361 0.639808 0.6277802 0.6958163 0.6862185 0.6915851 0.7769098 0.8818285 0.9316867 0.902922 0.9530036 1.021956 1.090372 1.178743 1.217283 1.188663 1.149231 1.118472 1.08316 1.161749 1.231179 1.206024 1.057705 0.9324673 0.827685 0.8216516 0.7400209 0.6912061 0.6288776 0.6361386 0.6454675 0.6609167 0.6861776 0.7271808 0.7543575 0.7576771 0.8086041 0.8350623 0.8265316 0.8113635 0.7818712 0.7879409 0.8176674 0.835326 0.9354162 1.015202
0.8145131 0.8108062 0.82576 0.8319596 0.896192 0.9434964 1.02968 0.9603732 0.8675092 0.7724986 0.6734991 0.6690754 0.6592937 0.6318889 0.6185357 0.6197754 0.6191465 0.6738585 0.703503 0.7518605 0.8055966 0.791432 0.7510514 0.7834945 0.9282877 0.9269255 0.930217 1.01853 1.11682 1.234695 1.330856 1.33556 1.249839 1.189291 1.159597 1.127371 1.087101 1.175435 1.148523 1.026416 0.9766888 0.8963944 0.8536304 0.8016407 0.7331738 0.6511118 0.6351967 0.6523375 0.6699441 0.6828514 0.7324437 0.7494138 0.7797133 0.7894614 0.7958143 0.7855648 0.7644839 0.7476169 0.7916619 0.8225524 0.8570755 0.9516082 0.9706315
0.8806331 0.8869204 0.8942633 0.8465391 0.8223181 0.9159021 0.9223127 0.9401203 0.8653088 0.7787007 0.6878022 0.6392202 0.6443374 0.6144421 0.5984313 0.6190622 0.6534638 0.7660981 0.7715055 0.8233994 0.8674687 0.8499741 0.8062509 0.808022 0.896812 0.9127055 1.01577 1.032733 1.201224 1.28928 1.390003 1.459468 1.409315 1.266698 1.195478 1.079288 1.080874 1.117184 1.109522 1.101094 1.040083 0.9426494 0.8788794 0.7895458 0.7453949 0.7395026 0.6806161 0.6638508 0.6847984 0.6995813 0.7310201 0.7580361 0.8361731 0.8596355 0.874694 0.8847466 0.8320763 0.7755368 0.7524165 0.7766388 0.8547918 0.9112304 0.9377776
0.9265731 0.9728854 0.9570634 0.9162262 0.8492501 0.878826 0.883573 0.903504 0.828524 0.8051365 0.8027974 0.7359314 0.657958 0.6463721 0.6491413 0.6541421 0.6866981 0.76066 0.8046183 0.8119071 0.8492862 0.8868945 0.885008 0.8370243 0.8709409 0.9711264 1.030841 1.094575 1.234406 1.293165 1.408566 1.460952 1.472404 1.307414 1.212133 1.086729 1.090216 1.125401 1.109436 1.087859 1.011207 0.9558401 0.8798919 0.8260104 0.811098 0.7967523 0.7608293 0.7052566 0.694992 0.7084988 0.7405168 0.8209299 0.9047002 0.9197409 0.9392689 0.9160435 0.8743953 0.8117591 0.7671214 0.7897303 0.8086579 0.9082842 0.9957714
1.016271 1.006477 0.9942057 0.9509789 0.8859456 0.8973017 0.9069238 0.900184 0.8715402 0.8797169 0.832836 0.7913569 0.795512 0.7104081 0.7071175 0.6902684 0.6583517 0.7258003 0.7870811 0.7724268 0.8262767 0.8868589 0.8987558 0.9143314 0.9460657 0.9712985 1.053747 1.128512 1.292893 1.399146 1.412171 1.34593 1.277364 1.184375 1.095428 1.063213 1.103958 1.10959 1.07981 1.064757 1.049655 0.9977697 0.9272314 0.8767997 0.8614072 0.8451087 0.8298006 0.7550392 0.7334774 0.7402816 0.7758808 0.8445949 0.92055 0.9361565 0.9840205 0.9626189 0.9208071 0.8422531 0.8173153 0.7466998 0.8161738 0.8662145 0.926576
1.038843 1.054592 1.019854 0.9785418 0.8579276 0.8764006 0.9231316 0.8829117 0.8801711 0.8759575 0.8292312 0.8156496 0.8565584 0.791354 0.7859097 0.7833707 0.78655 0.7022096 0.7516857 0.7312791 0.7808827 0.7994847 0.9012069 0.9229588 0.9152814 0.9707749 1.073487 1.144641 1.291194 1.341677 1.344524 1.334745 1.285743 1.228427 1.145423 1.110453 1.052138 1.050488 1.072533 1.068114 1.057137 0.981353 0.9647587 0.9393982 0.9139244 0.8631735 0.827397 0.8314601 0.7726394 0.7842306 0.8085367 0.88976 0.9575177 0.9838529 0.9501426 0.9849985 0.9550396 0.8970991 0.8268188 0.807281 0.7893948 0.8187885 0.8727508
1.097647 1.129126 1.06563 0.9764578 0.8705071 0.8448589 0.8963621 0.8536671 0.9073191 0.870482 0.8107139 0.8270542 0.8667594 0.8349478 0.8443654 0.8500417 0.8966675 0.8034174 0.7187517 0.7206603 0.7864658 0.8388114 0.8981637 0.8988034 0.9082644 0.8960226 1.012344 1.077318 1.269114 1.33127 1.337802 1.338371 1.262406 1.255844 1.235443 1.15032 1.157179 1.164321 1.166457 1.123511 1.086301 1.000379 0.9585173 0.9996798 0.9824829 0.9602219 0.9177034 0.8469573 0.7858924 0.8096309 0.8339528 0.8914599 0.9567937 0.9933497 0.9463405 0.9376587 0.8968011 0.8741672 0.8583674 0.8375486 0.8491805 0.7719588 0.8105839
1.082685 1.085287 1.072604 1.016923 0.9312278 0.8309079 0.8283038 0.8209767 0.8288794 0.8380753 0.8138552 0.8345867 0.8487846 0.8285785 0.8607253 0.8615447 0.8430959 0.8116868 0.768717 0.7486412 0.8057712 0.8662415 0.8886665 0.8886974 0.8609276 0.8938804 0.9237818 1.09656 1.170396 1.248228 1.329842 1.417591 1.292769 1.277462 1.324171 1.271056 1.221108 1.200634 1.213948 1.184801 1.083958 1.038128 0.9991807 1.024674 1.035858 1.049063 1.076038 1.037434 0.89681 0.8147969 0.8459418 0.8827947 0.904101 0.9132901 0.926995 0.8942958 0.8949036 0.9002502 0.8947685 0.9473597 0.9538083 0.7785048 0.8120742
1.088276 1.081555 1.007535 0.961997 0.8762214 0.857626 0.8042249 0.8207442 0.8292038 0.8486567 0.9046711 0.8273993 0.8590312 0.8007811 0.8096744 0.843393 0.8431172 0.8595129 0.8047421 0.7899747 0.8210284 0.8469176 0.8748884 0.8595986 0.9139559 0.9583181 0.940999 1.003425 1.131969 1.17453 1.272004 1.346643 1.348937 1.34872 1.298228 1.205182 1.166965 1.173771 1.176265 1.174562 1.083462 1.037026 1.008127 1.057809 1.075894 1.126486 1.16262 1.129671 1.070264 0.9021853 0.8650765 0.8847669 0.908195 0.8946859 0.8969074 0.8783422 0.8958827 0.9338425 0.9724324 1.0156 1.013679 0.8616782 0.8093691
1.118708 1.075836 1.003357 0.9517531 0.8239408 0.8257236 0.8181819 0.846023 0.8462524 0.8500463 0.8543791 0.8671352 0.8413479 0.8114315 0.8274291 0.888595 0.8892032 0.892859 0.8771184 0.8263992 0.8394718 0.8728524 0.9531419 0.9450334 0.9479924 0.9530542 0.963972 1.052272 1.082284 1.131101 1.186154 1.269275 1.284595 1.300706 1.2402 1.16954 1.219603 1.107746 1.059908 1.047943 1.048319 1.010064 1.032164 1.074459 1.130893 1.177446 1.249675 1.181485 1.067057 1.024018 0.8922525 0.9393765 0.9480951 0.9549193 0.9291317 0.9388025 0.9623834 1.021944 1.025045 1.018985 1.02362 0.8576499 0.8308001
1.065097 0.9894271 1.00626 0.9292386 0.9030681 0.8699759 0.8874801 0.8624404 0.8608623 0.8328403 0.8328623 0.8357164 0.8791153 0.9114541 0.909107 0.8974749 0.9353791 0.9070376 0.913325 0.8810458 0.8965647 0.9169683 0.992551 0.9979575 1.019732 1.019556 0.9999312 0.9998937 1.093098 1.159877 1.099911 1.161407 1.211678 1.262467 1.206791 1.181833 1.130704 1.062993 1.090302 1.058151 1.039929 1.005791 1.074661 1.109277 1.137175 1.185767 1.217759 1.198663 1.11667 1.060382 0.9673619 0.9890313 1.005342 0.9633754 0.9698364 0.99714 1.08024 1.023708 1.034428 0.9688556 0.9421319 0.8702501 0.8097469
1.051458 1.050079 1.049845 0.9760203 0.8669348 0.9097708 0.8965758 0.9160362 0.9693056 0.9036232 0.898439 0.854205 0.8883194 0.9499566 0.9740763 0.9676701 0.971333 0.9149078 0.9357167 0.9251074 0.9551679 0.9463169 0.9480868 0.9647226 1.004716 1.075776 1.05922 0.9901471 1.082084 1.111639 1.130808 1.130389 1.192929 1.185468 1.163533 1.145683 1.096025 1.065671 1.119222 1.086861 1.087351 1.117895 1.169505 1.18462 1.217327 1.193567 1.214323 1.159558 1.08435 1.036772 1.043281 1.072488 1.057329 0.9977226 1.003143 1.078862 1.105902 1.040364 0.9683933 0.9158618 0.8254858 0.8411053 0.851581
