datasets/raw_datasets/Hayden/BOM_gridded_climate/rainfall_variability/varnov.txt
ncols         178
nrows         139
xllcorner     111.875
yllcorner     -44.625
cellsize      0.25
NODATA_value  -9999
[rows 56 to 83 of 139, columns 0 to 62 of 178]
9.055145 12.29901 13.52732 15.18827 16.11405 13.46553 8.530899 6.448431 5.284835 5.109133 3.572474 2.936857 3.012764 3.299069 3.227714 2.732508 2.6396 3.089368 3.318787 3.325602 3.129127 2.778694 2.553024 2.605173 2.442514 2.205845 2.130799 1.967624 1.864147 1.897634 1.920694 2.179287 2.522695 2.77287 2.717665 2.667747 2.506416 2.324276 2.096089 2.076804 2.026023 1.947282 1.849307 1.779723 1.728953 1.720783 1.767942 1.742742 1.659412 1.58578 1.523828 1.444653 1.476699 1.389184 1.335019 1.318234 1.287611 1.364295 1.405139 1.447376 1.478439 1.49309 1.522032
8.974212 12.67659 12.09784 11.81107 12.05712 9.009843 6.377089 5.550123 4.602989 4.654855 4.092054 3.305314 3.13992 3.106634 3.426616 3.00393 2.726253 2.946883 3.415164 3.027311 2.740343 2.86879 2.836415 2.658347 2.671062 2.564458 2.33898 2.327332 2.187912 2.10484 2.130161 2.151371 2.383482 2.574396 2.842578 2.997007 2.754499 2.39174 2.295392 2.1957 2.088617 1.988081 2.006288 1.923284 1.82741 1.811556 1.840502 1.780699 1.627958 1.617991 1.628185 1.576433 1.485219 1.377333 1.29352 1.163963 1.251759 1.264925 1.301022 1.338194 1.360575 1.40307 1.407888
8.868101 10.33285 10.43943 10.93798 9.22759 7.477718 5.905973 5.964484 4.550332 4.435274 4.449171 3.979977 3.304042 3.603284 3.519264 3.042111 2.801808 2.835845 3.084864 3.014469 2.966341 2.928931 2.781295 2.722989 2.774024 2.892853 2.440936 2.310219 2.478661 2.252978 2.027307 2.004565 2.024638 2.283235 2.407954 2.480824 2.290308 2.412052 2.224917 2.172329 2.193266 2.088547 1.911567 1.893328 1.966246 1.903688 1.871495 1.871019 1.83258 1.752414 1.723261 1.686103 1.545453 1.363421 1.326737 1.305624 1.282488 1.257231 1.238319 1.228245 1.285136 1.309171 1.315783
8.4646 9.452133 8.607781 7.595409 7.640352 5.833718 6.89641 8.025041 4.38664 4.078889 4.175867 3.745392 3.49906 3.24074 3.209959 2.914612 2.860667 2.949815 2.880138 2.982602 2.723529 2.740697 2.907911 2.861403 2.945084 2.712612 2.497596 2.394681 2.464309 2.424628 2.439155 2.285343 2.183374 2.202777 2.392995 2.351435 2.277706 2.245203 2.16982 2.250019 2.327134 2.347694 2.226274 2.142517 2.104321 2.139175 2.021726 1.979796 1.975203 1.928603 1.898521 1.851184 1.699654 1.541477 1.469273 1.434092 1.391624 1.386112 1.346416 1.407409 1.336604 1.380388 1.373189
8.181941 9.60355 8.207788 6.856652 5.738437 5.399915 5.060034 5.759292 4.893468 4.339947 3.57243 3.270609 3.748919 3.450526 2.818126 2.95565 3.159416 3.165172 3.327699 3.131593 3.019002 2.936934 2.830802 2.836925 2.782039 2.680207 2.492291 2.494498 2.800071 2.943448 2.881108 2.647201 2.544458 2.693199 2.58451 2.294437 2.257158 2.110967 2.1375 2.124104 2.26976 2.367823 2.343675 2.216127 2.39711 2.380837 2.19367 2.113767 2.149391 2.096856 2.064451 1.980415 1.851527 1.763371 1.689935 1.620155 1.588846 1.542382 1.497007 1.558232 1.602923 1.512096 1.483712
8.415465 10.19024 9.328526 7.652179 6.781858 6.567107 5.498424 4.778154 5.580276 5.758592 3.833585 3.320898 3.797436 3.780296 3.191072 3.217299 3.417941 3.608632 3.715367 3.239178 3.198701 3.258376 2.710334 2.723819 2.577279 2.671151 2.684827 2.59653 2.739344 2.890522 3.025065 3.301666 3.268614 2.916687 2.665493 2.329232 2.452444 2.292439 2.151251 2.131041 2.250924 2.377289 2.437074 2.501746 2.485536 2.479683 2.392575 2.29818 2.292627 2.352337 2.278361 2.161569 2.056939 1.934386 1.855517 1.798281 1.746888 1.733088 1.674687 1.69924 1.642896 1.609268 1.588623
9.242612 11.15823 10.19158 9.490367 10.11695 8.104403 5.894201 4.246795 4.034512 4.983258 4.71802 3.761503 3.344176 3.690797 3.225901 3.238601 3.736331 3.735618 3.745164 3.436339 3.167494 2.95136 2.687459 2.81669 2.739112 2.715479 2.633062 2.710566 2.728258 2.858972 3.10769 3.375587 3.202793 3.031342 2.609174 2.252118 2.449071 2.367871 2.310081 2.197438 2.097063 2.209866 2.452931 2.557172 2.66103 2.762312 2.736964 2.591156 2.462296 2.504511 2.440336 2.409425 2.275767 2.050112 1.924985 1.894928 1.913586 1.877948 1.796567 1.872264 1.886364 1.74014 1.720272
9.799894 11.95309 13.5491 13.37074 13.71844 11.16118 7.474834 4.7102 4.069288 4.556499 4.598533 3.720178 3.422178 3.328052 3.498005 3.716669 3.899078 3.679219 3.293169 3.287232 3.183309 3.269621 3.268334 3.217902 3.02964 2.790998 2.591112 2.887132 2.646811 2.77256 2.982714 3.443746 3.041746 2.750407 2.531533 2.455495 2.24099 2.545802 2.40998 2.342197 2.394413 2.577774 2.531204 2.54243 2.744494 2.950177 2.940783 2.729362 2.630156 2.57741 2.583708 2.568344 2.453491 2.148877 1.924998 1.972353 2.039625 1.932147 1.832819 1.987991 2.02686 1.957743 1.809083
9.618755 11.68786 14.28543 14.63965 13.5086 9.535061 7.846595 5.159321 3.937554 3.965502 4.107314 3.499793 3.595995 3.421658 3.741941 4.045736 4.036634 3.805085 3.685996 3.931242 3.293193 3.572298 3.819618 4.022853 3.446101 2.94363 2.711076 2.500125 2.654993 2.802326 2.930062 2.842921 2.782661 2.684703 2.779181 2.749348 2.512618 2.605991 2.644216 2.552638 2.549819 2.516047 2.720311 2.764825 2.841996 2.991588 2.871836 2.745265 2.686487 2.741231 2.623376 2.552052 2.445594 2.305568 2.03041 2.037137 2.114342 2.097081 1.950917 2.00559 2.097135 2.018099 1.857577
7.447811 10.32298 11.47798 12.61318 10.50265 8.605762 7.048358 5.164828 4.382252 5.246193 3.884717 3.185145 3.151239 3.577222 3.984928 4.255538 3.589292 3.374016 3.495414 3.717263 3.313505 3.208472 3.943218 3.793794 3.684417 3.411448 3.208341 2.719004 2.741607 2.886476 2.709247 2.818681 3.05429 2.906316 3.001155 2.893657 2.585768 2.540917 2.898484 2.8794 2.858189 2.655565 2.639491 2.878152 2.963135 2.863384 2.766894 2.71739 2.754324 2.608009 2.603334 2.58056 2.508227 2.365947 2.195136 2.136248 2.099684 2.165307 2.027843 1.978987 2.065047 1.971113 1.929671
5.285995 7.57799 9.286422 9.376024 11.36579 10.28302 7.006363 5.375399 4.614856 4.574502 3.306406 2.842343 2.555774 2.61716 3.489203 3.439931 3.088165 2.948149 2.797185 2.982226 3.058661 3.168511 3.331334 3.103916 3.176125 3.254403 3.337697 3.255651 2.862397 2.989804 2.878978 2.891289 2.963499 3.083035 3.104884 2.84899 2.707743 2.811233 3.13569 3.209607 2.983844 2.843223 2.833334 2.956147 3.074149 2.986953 2.955122 2.957901 2.620788 2.593179 2.539929 2.575439 2.538431 2.409025 2.288504 2.267485 2.156612 2.265766 2.112553 1.959115 2.066167 1.933321 1.911156
4.282507 5.859913 6.76143 8.363464 10.83792 9.482368 6.79225 4.790334 3.726848 3.306686 2.807333 2.336625 2.225007 2.26229 2.658335 2.910954 2.888889 2.628103 2.397135 2.550655 3.162008 3.392283 3.085933 2.970051 2.917377 3.104662 3.385045 3.221328 2.762027 2.851877 3.152226 2.923731 3.080642 2.96362 2.674369 2.587859 2.687251 2.81988 2.944422 3.275604 3.161283 2.943847 3.082536 3.053023 2.943861 2.821943 2.734015 2.597922 2.564122 2.537763 2.575234 2.704607 2.624795 2.435389 2.407266 2.303484 2.203276 2.195897 2.106129 2.004779 1.951317 1.882451 1.860328
3.25945 4.058508 4.949631 5.289965 5.664243 6.311009 5.181771 4.346793 3.305051 2.982153 2.400016 2.177351 2.040139 2.222999 2.389639 2.490211 2.51211 2.625168 2.522835 2.489585 3.046253 3.356982 3.277233 3.15236 3.005632 2.87795 3.17594 2.969501 2.862347 2.747195 2.889821 2.953414 2.812113 2.881755 2.751204 2.474659 2.629833 2.827079 3.081557 3.133554 2.910168 2.957833 3.090863 3.161198 3.077785 2.960743 2.865779 2.66814 2.536548 2.507565 2.51738 2.576408 2.574537 2.407324 2.27559 2.261817 2.239825 2.221831 2.020589 2.020055 1.835399 1.764179 1.700468
2.594316 2.844808 3.556381 3.41905 3.059377 3.158208 2.940934 2.812276 2.49683 2.232332 1.930416 1.780236 2.055205 2.164523 2.416161 2.808323 2.62977 2.469944 2.690338 2.654572 2.930841 3.134331 2.991367 3.056443 2.967414 2.829087 2.74987 2.615264 2.531433 2.573634 2.666889 2.729747 2.729954 2.823278 2.919626 2.664253 2.723574 2.884235 3.109367 3.303823 3.201327 3.0261 2.925303 2.969142 3.080678 3.061687 2.964609 2.704076 2.594508 2.472499 2.480739 2.487812 2.509901 2.378164 2.283861 2.215377 2.196568 2.195291 2.096566 1.95347 1.782577 1.568408 1.53278
2.102642 2.274878 2.477823 2.596522 2.518863 2.408413 2.207867 1.989014 1.9617 1.916097 1.878621 1.966249 1.839407 1.861193 2.271117 2.776796 2.510385 1.983923 2.164683 2.473198 2.770411 2.667011 2.767205 2.889045 2.735864 2.465366 2.241168 2.147371 2.247624 2.442827 2.500238 2.561749 2.575199 2.503362 2.830061 2.667238 2.666647 2.92718 3.424104 3.399626 3.37887 3.109482 2.869902 2.854875 2.941741 2.855932 2.884453 2.732613 2.580381 2.461989 2.369667 2.358623 2.396148 2.280116 2.221593 2.176573 2.15664 2.118545 2.047806 1.795588 1.664354 1.540364 1.573963
2.025061 2.045633 2.005489 2.087839 2.100291 2.028177 2.074314 1.899701 1.811802 1.686514 1.794216 1.932452 1.969073 1.76651 1.937908 2.542916 2.384324 1.872354 1.861864 2.298648 2.420979 2.337533 2.414793 2.654009 2.746094 2.581539 2.365652 2.349149 2.308357 2.286839 2.368382 2.461067 2.507582 2.420014 2.567122 2.507755 2.553296 2.718768 3.184845 3.312763 3.096511 2.719338 2.604659 2.580508 2.673525 2.587328 2.524277 2.778215 2.538246 2.434973 2.342396 2.301472 2.339445 2.22352 2.231294 2.127544 2.117766 2.162887 2.037919 1.849564 1.641714 1.569366 1.621974
1.874515 1.887484 1.836063 1.905451 1.833711 1.762421 1.839729 1.785476 1.593228 1.831321 1.944773 2.061629 2.173103 2.009938 1.942783 2.203627 2.22354 2.002102 2.010326 2.243347 2.093104 2.072045 2.175493 2.772973 2.612382 2.588038 2.76579 2.583296 2.423676 2.385599 2.375214 2.13975 2.311329 2.419501 2.446167 2.60815 2.351748 2.429303 2.78355 2.916595 2.8096 2.69778 2.553349 2.505808 2.368439 2.404753 2.262626 2.359292 2.588549 2.442083 2.378042 2.276077 2.222342 2.241368 2.228372 2.195709 2.132269 2.068358 2.014239 1.978825 1.853412 1.776254 1.650114
1.681851 1.623255 1.577932 1.681595 1.646363 1.633324 1.733909 1.622044 1.534101 1.741272 1.999343 1.943921 2.18468 2.009936 2.210799 2.059631 2.159897 2.266973 2.195463 2.139688 1.968024 1.935488 2.068785 2.181146 2.19331 2.441217 2.441716 2.577935 2.508118 2.383584 2.260159 2.120478 2.129586 2.336466 2.205721 2.134351 2.18871 2.180815 2.322097 2.557759 2.440919 2.317626 2.362424 2.35775 2.287381 2.161958 2.135158 2.141444 2.343025 2.424669 2.304915 2.205864 2.170105 2.216608 2.215824 2.20144 2.095444 2.001586 1.971158 2.031814 1.934871 1.919423 1.786395
1.515384 1.468174 1.473148 1.535069 1.565527 1.613321 1.646097 1.526953 1.535671 1.56793 1.991927 1.958545 1.878151 2.036092 2.131143 2.291317 2.136502 2.045202 2.072021 1.944283 1.809847 1.870597 1.94423 1.835831 1.961122 2.189258 2.331793 2.398728 2.648604 2.341893 2.176611 2.068053 2.139411 2.124959 2.06231 1.950967 2.065814 2.187591 2.16655 2.107235 2.312445 2.411079 2.342218 2.313946 2.2447 2.162268 2.203446 2.279741 2.295006 2.202663 2.140887 2.01286 2.082818 2.086304 2.141613 2.176053 2.169062 2.052756 1.923339 1.93881 1.90872 1.918915 1.89667
1.410884 1.411626 1.414829 1.441681 1.495473 1.496871 1.506029 1.511276 1.454477 1.52638 1.76852 2.216727 1.967695 2.063185 2.100939 2.075874 2.034128 1.792468 1.730052 1.760806 1.802459 1.959582 1.798603 1.781766 1.909555 2.003416 2.227888 2.255523 2.271749 2.407978 2.128673 2.315677 2.326058 2.285481 2.080591 2.009059 2.093224 2.08453 2.219802 2.198992 2.16382 2.380885 2.460833 2.271943 2.162882 2.232724 2.296274 2.352166 2.320683 2.149588 2.011629 1.902657 1.955343 2.020827 2.07581 2.02784 2.077415 2.042844 1.911495 1.942901 1.958819 1.896009 1.923864
1.360005 1.329815 1.340965 1.430105 1.497903 1.5047 1.465901 1.467586 1.495233 1.549265 1.588687 1.968101 1.861832 1.950594 1.974962 1.93368 2.04875 1.83079 1.606575 1.630794 1.635643 1.800969 1.735075 1.710755 1.830073 1.858288 2.114816 2.352558 2.317289 2.217788 2.085353 2.147376 2.197088 2.157156 2.004671 1.904284 1.864042 2.091033 2.370332 2.299605 2.056979 2.028816 2.162253 2.150318 2.071687 2.121086 2.216413 2.253584 2.093204 1.9982 1.883238 1.788494 1.86973 1.984307 1.887746 1.997685 1.974232 1.957338 1.956141 1.952918 1.937743 1.943752 1.984741
1.333079 1.294798 1.276621 1.386058 1.480011 1.494849 1.476652 1.466827 1.550477 1.530164 1.4777 1.59458 1.753097 1.792068 1.98201 1.896529 2.081036 1.862471 1.801995 1.799596 1.787008 1.673587 1.720668 1.689044 1.707414 1.823389 1.953167 2.315653 2.225699 1.954264 2.027848 2.02527 2.139011 2.00862 1.918039 1.890756 1.806265 2.007349 2.213227 2.306143 2.136981 2.128358 2.069932 2.065431 2.033392 2.117094 2.114966 2.10527 1.941949 1.878017 1.890901 1.823954 1.882102 1.877899 1.848531 1.911595 1.944109 1.975725 2.009569 1.993865 1.983358 1.949696 1.983635
1.34846 1.3226 1.319773 1.369542 1.4695 1.521969 1.463567 1.441987 1.431868 1.590979 1.543469 1.490023 1.475606 1.5075 1.755504 1.941481 1.908314 1.953448 1.766343 1.819087 1.779432 1.732144 1.786157 1.867507 1.755494 1.838672 2.033526 2.120619 2.037677 1.897213 1.871778 1.839793 2.051457 1.967036 2.004754 2.052595 1.866126 1.835827 1.934358 1.798597 1.918823 1.82536 1.948188 1.898098 1.976735 1.901684 1.852719 1.85514 1.847613 1.873686 1.835957 1.797813 1.79883 1.950542 1.934344 1.904579 1.890939 1.951104 1.949056 1.993613 1.971676 1.946764 2.025642
1.382523 1.391106 1.386935 1.396399 1.412251 1.516308 1.534977 1.526606 1.53438 1.618639 1.638673 1.561916 1.540728 1.501752 1.389115 1.866178 2.151857 1.820374 2.069136 1.969895 1.764825 1.783271 1.870523 1.805782 1.782322 1.745344 1.816381 1.944526 1.756549 1.795444 1.724338 1.75938 1.867378 1.897657 1.935773 2.01795 2.048058 1.884612 1.988637 1.927785 1.904705 1.938773 1.855766 1.851748 1.875148 1.888988 1.815228 1.831644 1.778703 1.826557 1.8116 1.910516 1.885997 1.881118 1.903279 1.997634 2.006959 2.034652 2.153733 2.065599 2.039818 2.042686 2.081255
1.42112 1.420015 1.429931 1.418038 1.466858 1.44324 1.52508 1.521588 1.5531 1.624511 1.671776 1.658756 1.48789 1.472457 1.329724 1.510934 1.878921 2.14868 2.093964 2.252219 2.105743 1.782374 1.647634 1.556198 1.434981 1.63302 1.778802 1.801364 1.688523 1.731728 1.643232 1.615437 1.719931 1.957137 2.008587 1.997764 2.018974 1.944021 1.923269 2.108718 2.096185 2.145208 1.931167 1.904521 1.866687 1.840018 1.81425 1.770446 1.679936 1.804373 1.908409 1.834636 1.805591 1.901345 1.95954 2.006012 1.962859 2.048621 2.152349 2.196771 2.045095 2.092606 2.157034
1.483135 1.475818 1.472128 1.462614 1.486682 1.443217 1.512194 1.59913 1.590844 1.673946 1.678095 1.451154 1.395631 1.429323 1.4756 1.441726 1.735212 1.614049 1.949986 2.048905 2.124221 2.025084 1.69132 1.588171 1.599688 1.708287 1.567455 1.525482 1.477935 1.425195 1.531794 1.487258 1.531012 1.865304 2.061182 2.049667 2.21575 2.256514 2.262972 2.340988 2.227516 2.152812 2.079504 1.975212 1.811599 1.809569 1.804307 1.821457 1.802907 1.855529 1.923001 1.888549 1.839899 1.93166 2.016135 2.042233 1.948085 1.974881 2.145417 2.11542 2.054723 2.025618 2.113663
1.528758 1.519989 1.501066 1.502436 1.518532 1.522232 1.574096 1.511364 1.531525 1.541702 1.521249 1.558547 1.526898 1.5232 1.498114 1.649891 1.751269 1.79117 1.531416 1.71877 1.913386 1.987794 1.831802 1.690458 1.71208 1.631759 1.753104 1.461538 1.409908 1.478607 1.453091 1.460004 1.554963 1.767451 1.87898 1.960696 2.140454 2.320525 2.399556 2.202117 2.117927 1.99478 2.0697 1.943947 1.930102 1.801471 1.787481 1.8315 1.937135 1.883055 1.969807 1.987075 1.915985 1.926298 1.982434 2.101486 1.913334 1.867088 2.15985 2.171352 2.117076 2.099607 2.085831
1.54 1.536527 1.530848 1.520363 1.520802 1.516923 1.464215 1.517127 1.534899 1.507111 1.508727 1.55798 1.559548 1.612299 1.558212 1.746556 1.761399 1.610267 1.582949 1.543248 1.946504 2.048291 2.090361 1.955858 1.746145 1.731382 1.681088 1.527651 1.476164 1.418141 1.35188 1.383457 1.478746 1.716465 1.772112 1.809552 1.881858 2.083852 2.51122 2.179997 1.966804 1.858275 1.946867 1.848657 1.802746 1.807128 1.748856 1.836035 1.920749 1.84187 1.877084 1.9604 1.935779 1.8727 1.941569 2.041062 1.956931 1.781974 2.075064 2.149974 2.100698 2.212015 2.1445
