project/src/data/BOM_climate/monthly_mean_rainfall/raindec.txt
ncols 886
nrows 691
xllcenter 112.0000
yllcenter -44.5000
cellsize 0.0500
nodata_value 99999.90
[rows 510 to 543 of 691, columns 616 to 692 of 886]
29.38 28.84 28.65 28.14 27.91 27.56 27.27 27.24 27.35 27.35 27.48 27.47 27.31 27.51 27.37 26.87 26.53 26.69 27.31 28.08 28.76 29.36 29.87 30.30 30.68 30.92 31.10 31.36 31.72 32.16 32.63 33.17 33.66 33.92 34.11 34.23 34.32 34.37 34.43 34.51 34.55 34.79 35.00 35.27 35.61 36.05 36.43 36.78 36.97 37.13 37.27 37.38 37.42 37.42 37.31 37.28 37.32 37.23 37.32 37.51 37.87 38.27 38.61 39.12 39.65 40.13 40.66 41.31 42.00 41.93 41.95 42.07 42.07 42.27 42.60 43.61 44.78
29.99 29.60 29.26 28.82 28.38 28.10 27.72 27.56 27.63 27.73 27.71 27.66 27.69 27.88 27.74 27.37 27.15 27.35 27.85 28.53 29.25 29.73 30.03 30.41 30.64 30.83 31.01 31.18 31.59 31.75 32.20 32.51 32.92 33.29 33.49 33.71 33.81 33.86 33.91 33.99 34.13 34.47 34.69 34.84 35.15 35.66 36.07 36.52 36.80 36.93 37.06 37.16 37.23 37.19 37.10 37.13 37.15 37.14 37.24 37.48 37.96 38.24 38.72 39.08 39.68 40.27 41.05 42.11 42.41 42.57 42.82 42.84 43.03 43.28 43.45 43.86 44.46
30.52 30.05 29.70 29.27 28.92 28.58 28.22 28.16 28.10 28.13 28.04 27.95 27.94 28.72 28.36 27.86 27.90 28.06 28.48 29.16 29.76 30.19 30.32 30.57 30.79 30.82 30.86 30.97 31.19 31.51 31.70 31.99 32.27 32.65 32.90 33.11 33.21 33.30 33.38 33.47 33.73 34.23 34.50 34.55 34.72 35.22 35.74 36.27 36.69 36.73 36.79 36.89 36.93 36.94 36.94 36.97 37.03 37.07 37.26 37.54 37.90 38.22 38.78 39.28 39.81 40.27 40.94 42.12 42.95 43.21 43.57 43.73 43.87 43.94 44.25 44.75 45.47
31.09 30.51 30.14 29.80 29.49 28.99 28.57 28.49 28.27 28.19 28.12 28.15 28.44 29.27 28.75 28.32 28.55 28.80 29.13 29.73 30.23 30.53 30.73 30.85 30.88 30.84 30.70 30.79 30.92 31.22 31.37 31.59 31.73 31.98 32.22 32.48 32.64 32.71 32.88 33.04 33.33 33.67 33.99 34.04 34.36 34.74 35.15 35.66 36.07 36.32 36.44 36.56 36.67 36.71 36.84 36.86 37.00 37.17 37.37 37.59 37.87 38.25 38.77 39.27 39.85 40.49 41.19 41.93 42.61 43.32 43.93 44.33 44.54 44.41 44.78 45.24 45.78
31.26 30.76 30.37 30.08 29.68 29.31 28.78 28.67 28.52 28.37 28.31 28.33 28.97 29.58 29.12 29.02 29.25 29.56 29.83 30.36 30.69 30.90 31.20 31.11 30.96 30.79 30.71 30.72 30.76 30.89 31.09 31.27 31.40 31.51 31.76 32.00 32.17 32.25 32.46 32.75 32.95 33.28 33.50 33.60 33.91 34.27 34.67 35.05 35.34 35.74 35.99 36.21 36.42 36.61 36.79 36.91 37.15 37.28 37.45 37.72 38.07 38.59 38.85 39.41 40.05 40.62 41.29 41.98 42.75 43.38 43.85 44.56 45.68 44.93 45.18 45.87 47.30
31.21 30.63 30.46 29.99 29.69 29.42 28.84 28.70 28.59 28.52 28.60 28.72 29.02 29.85 29.44 29.65 29.96 30.22 30.61 31.03 31.08 31.19 31.27 31.24 30.89 30.64 30.53 30.53 30.51 30.58 30.69 30.81 30.89 31.00 31.33 31.62 31.78 31.93 32.16 32.44 32.66 32.99 33.13 33.17 33.46 33.72 34.12 34.46 34.79 35.12 35.48 35.87 36.23 36.53 36.80 37.09 37.44 37.74 37.81 38.04 38.50 38.62 39.11 40.17 40.14 40.75 41.43 42.16 42.81 43.33 43.79 44.25 45.07 45.23 45.24 46.00 47.53
31.10 30.48 30.35 29.84 29.65 29.39 29.01 28.77 28.71 28.76 28.89 29.10 29.61 30.16 30.06 30.31 30.64 30.94 31.54 31.72 31.42 31.41 31.28 31.09 30.77 30.45 30.35 30.25 30.24 30.27 30.39 30.38 30.49 30.53 30.91 31.30 31.55 31.81 31.97 32.18 32.37 32.72 32.78 32.78 33.03 33.26 33.53 33.85 34.17 34.54 34.96 35.44 35.98 36.44 36.83 37.26 37.60 38.20 38.12 38.34 40.02 39.36 39.04 40.21 40.51 40.87 41.62 42.36 42.94 43.30 43.70 44.07 44.43 44.68 45.17 46.46 47.10
30.50 30.32 29.98 29.70 29.45 29.24 28.98 28.88 28.91 28.98 29.25 29.50 30.00 30.35 30.58 31.05 31.47 31.92 32.42 32.14 31.53 31.52 31.23 30.91 30.51 30.14 29.97 29.98 29.97 29.99 30.03 29.97 30.10 30.18 30.63 31.03 31.34 31.55 31.70 31.92 32.18 32.44 32.51 32.32 32.37 32.58 32.85 33.13 33.46 33.93 34.49 35.10 35.75 36.37 37.02 37.55 38.17 38.56 38.67 38.69 39.15 39.75 39.26 39.57 40.60 40.90 41.57 42.12 42.68 43.12 43.68 44.02 44.37 44.59 45.05 46.23 45.96
30.12 30.04 29.77 29.60 29.35 29.18 29.03 29.01 29.15 29.28 29.57 29.82 30.23 30.79 31.10 31.92 32.63 32.95 33.13 32.59 31.76 31.50 31.18 30.72 30.30 29.84 29.60 29.48 29.55 29.64 29.75 29.70 29.73 29.80 30.25 30.76 31.09 31.38 31.58 31.84 32.02 32.18 32.19 31.90 31.93 32.00 32.20 32.43 32.79 33.28 33.98 34.75 35.56 36.33 37.19 37.90 38.57 39.08 39.14 39.21 38.92 39.17 40.15 39.64 40.14 40.81 41.43 41.99 42.55 43.05 43.74 44.20 44.30 44.59 44.97 45.25 45.64
29.92 29.91 29.75 29.47 29.26 29.10 29.11 29.23 29.43 29.55 29.92 30.20 30.60 31.05 31.47 32.40 33.98 33.88 33.26 32.65 31.88 31.62 31.09 30.55 30.01 29.55 29.31 29.28 29.31 29.31 29.28 29.32 29.40 29.63 30.09 30.56 30.97 31.32 31.64 31.82 31.91 32.12 32.04 31.58 31.67 31.73 31.75 31.84 32.11 32.67 33.48 34.38 35.33 36.18 37.11 37.92 38.55 39.02 39.04 38.91 38.90 38.84 39.05 39.44 39.99 40.63 41.20 41.83 42.40 42.98 43.74 44.71 44.36 44.62 44.88 45.26 45.51
29.68 29.72 29.54 29.31 29.23 29.12 29.22 29.40 29.65 29.77 30.05 30.28 30.71 31.00 31.86 32.51 33.72 33.47 32.92 32.46 31.83 31.47 30.97 30.28 29.77 29.32 29.13 29.08 29.96 29.54 29.35 29.45 29.51 29.69 30.11 30.58 30.98 31.39 31.72 31.94 32.11 32.23 32.13 31.77 31.65 31.54 31.42 31.30 31.42 32.17 33.17 34.18 35.24 36.18 36.89 37.83 38.24 38.52 38.59 38.50 38.34 38.53 38.86 39.16 39.74 40.38 40.98 41.46 42.21 42.65 43.32 43.92 44.24 45.09 45.46 45.65 46.09
29.76 29.65 29.57 29.49 29.46 29.45 29.52 29.71 29.87 30.03 30.20 30.37 30.64 31.22 31.93 32.38 32.70 32.36 31.94 32.01 31.64 31.25 30.76 30.09 29.55 29.11 28.74 29.10 30.11 29.60 29.67 29.75 29.83 30.06 30.38 30.79 31.00 31.45 31.80 32.05 32.11 32.18 32.10 31.96 31.69 31.41 31.15 30.77 30.72 31.65 32.79 33.92 35.02 35.90 36.60 37.21 37.63 37.92 37.99 37.97 38.01 38.16 38.51 39.05 39.79 40.41 41.06 41.29 41.63 42.45 43.06 43.80 44.60 46.30 46.50 47.07 47.76
29.92 29.92 29.91 29.91 29.94 30.03 30.18 30.28 30.40 30.45 30.50 30.53 31.01 31.44 32.03 32.24 32.39 32.03 32.00 31.76 31.38 30.99 30.63 30.11 29.52 29.07 28.62 29.05 29.65 30.11 29.99 30.10 30.23 30.45 30.73 31.10 31.38 31.76 31.99 32.23 32.24 32.31 32.32 32.07 31.89 31.52 31.26 31.03 31.08 31.80 32.79 33.79 34.87 35.72 36.33 36.86 37.23 37.46 37.49 37.57 37.56 37.83 38.40 39.03 39.63 40.12 41.16 41.58 41.79 42.71 43.52 44.35 45.37 46.77 47.61 48.83 50.06
30.01 30.03 30.16 30.37 30.51 30.75 30.90 30.98 30.97 30.90 30.80 30.75 31.34 31.78 31.95 32.10 32.03 31.95 31.73 31.60 31.27 30.85 30.56 30.21 29.88 29.63 29.45 29.65 30.54 31.67 30.49 30.62 30.73 30.97 31.31 31.62 32.01 32.31 32.57 32.61 32.78 32.74 32.59 32.39 32.26 31.96 31.81 31.78 31.88 32.34 33.11 33.89 34.69 35.54 36.14 36.69 37.03 37.28 37.57 37.71 37.72 37.18 37.91 38.46 39.13 40.43 41.49 41.86 42.14 42.59 43.68 44.87 46.06 47.43 48.96 50.03 51.41
30.04 30.10 30.10 30.28 30.69 31.00 31.25 31.41 31.51 31.48 31.74 31.79 32.18 32.44 33.06 32.44 32.23 31.99 31.41 31.28 31.15 30.85 30.70 30.53 30.37 30.40 30.40 30.55 30.78 31.18 31.19 31.34 31.52 31.76 31.97 32.25 32.68 32.98 33.25 33.31 33.44 33.34 33.30 33.02 32.78 32.55 32.37 32.29 32.40 32.89 33.47 34.15 34.82 35.49 36.09 36.57 36.93 37.42 37.63 38.25 38.39 37.32 37.43 38.44 39.57 40.93 42.14 42.69 42.91 42.74 44.00 45.11 46.51 49.22 53.35 56.05 53.13
30.05 30.10 30.15 30.31 30.69 31.13 31.80 32.15 31.87 32.26 33.32 33.81 33.19 33.18 34.59 33.27 32.85 32.48 31.64 31.60 31.57 31.13 30.98 30.96 31.15 31.23 31.28 31.49 31.64 31.91 32.04 32.15 32.33 32.57 32.89 33.17 33.48 33.81 34.07 34.26 34.32 34.01 33.83 33.67 33.36 33.11 32.99 32.92 33.03 33.34 33.87 34.44 34.98 35.63 36.09 36.48 37.09 37.25 37.51 37.59 37.61 37.57 37.74 38.51 40.45 42.59 43.03 44.81 46.48 43.05 44.09 45.23 46.75 50.70 56.19 60.43 60.23
29.90 30.12 30.24 30.31 30.80 31.34 32.20 33.17 32.61 33.58 33.81 33.63 34.06 33.77 34.39 36.37 35.38 34.28 33.10 31.74 31.64 31.46 31.39 31.53 31.80 32.00 32.15 32.40 32.60 32.77 32.94 33.05 33.16 33.43 33.82 34.16 34.51 34.94 35.22 35.37 35.21 34.89 34.64 34.33 34.02 33.74 33.57 33.59 33.58 33.81 34.31 34.68 35.17 35.80 36.18 36.45 36.74 37.65 37.97 37.99 37.84 38.04 38.27 38.63 39.45 40.55 41.54 46.45 50.56 43.58 44.02 45.52 47.11 49.36 53.02 57.47 60.09
29.83 30.08 30.32 30.51 30.92 31.62 32.55 32.95 33.28 33.97 33.96 34.25 34.72 34.90 34.73 36.82 36.39 34.88 33.15 32.29 32.39 32.12 32.11 32.24 32.58 32.82 32.94 33.20 33.59 33.74 33.81 33.87 33.97 34.31 34.74 35.21 35.59 35.95 36.33 36.45 36.27 35.88 35.53 35.27 34.80 34.41 34.23 34.11 34.05 34.23 34.53 34.92 35.41 36.06 36.38 36.64 36.98 39.15 40.67 40.53 39.07 38.74 39.03 40.94 41.90 40.71 42.23 44.49 52.89 44.37 44.14 45.61 47.42 49.46 52.47 57.86 64.45
29.81 30.09 30.34 30.63 31.04 31.98 32.59 33.10 33.63 34.14 34.44 35.90 36.09 36.47 36.24 36.84 36.43 36.56 34.28 34.08 33.69 33.11 33.01 33.03 33.27 33.53 33.58 33.89 34.24 34.38 34.41 34.53 34.70 35.13 35.65 36.16 36.63 37.04 37.59 38.26 38.10 36.89 36.58 36.20 35.85 35.45 35.06 34.75 34.59 34.65 34.98 35.28 35.62 36.35 36.69 36.94 37.32 38.55 39.25 38.64 39.32 39.38 39.54 41.92 42.49 42.25 45.48 42.73 49.73 45.37 44.33 45.96 47.85 49.72 52.83 56.59 62.99
29.82 30.14 30.37 30.66 31.08 31.55 32.68 33.54 34.34 34.76 34.80 36.41 37.23 38.24 37.86 37.94 37.30 36.79 35.90 37.48 34.83 34.13 34.35 33.92 34.02 34.14 34.15 34.29 34.49 34.60 34.75 35.43 35.59 35.96 36.51 37.25 37.75 38.17 38.96 40.27 38.54 38.04 37.81 37.54 37.15 36.72 36.19 35.71 35.33 35.25 35.57 35.88 36.27 36.77 37.08 37.19 37.70 38.28 39.16 39.18 39.40 39.85 40.27 41.80 43.00 42.68 42.31 42.96 48.26 45.58 45.37 46.93 48.84 50.65 52.79 56.26 59.43
29.86 30.09 30.34 30.81 32.01 32.23 33.22 33.91 34.72 35.24 35.64 36.25 37.18 37.49 38.53 37.74 38.09 39.14 36.81 36.08 35.54 35.80 35.71 34.96 34.59 34.53 34.49 34.59 34.86 35.04 35.73 36.62 37.08 37.13 37.41 38.15 38.69 39.34 40.48 41.98 39.69 39.41 39.37 39.22 39.00 38.98 37.61 36.92 36.47 36.20 36.32 36.51 37.02 37.51 37.78 37.75 38.41 39.47 40.28 40.76 41.44 41.31 41.77 41.95 42.88 43.21 44.44 45.38 49.00 46.81 47.75 49.10 50.72 52.80 55.57 59.26 59.38
29.81 30.35 30.90 31.15 32.18 32.92 33.66 34.35 35.45 36.77 36.17 36.09 35.87 37.83 37.74 37.93 39.22 40.81 39.76 37.14 36.81 37.81 36.67 35.44 35.02 34.91 34.90 34.88 35.47 35.71 36.40 37.75 38.10 38.08 38.24 38.79 39.34 40.24 41.62 43.35 40.35 40.41 40.46 40.76 41.38 40.28 38.28 38.00 37.36 36.90 37.12 37.52 38.08 38.60 38.85 38.99 39.47 39.60 40.98 41.64 41.80 42.92 43.24 43.20 43.81 44.75 46.34 50.57 51.08 48.22 50.03 51.54 52.81 56.03 59.51 62.59 61.90
29.90 30.46 31.11 31.92 32.91 33.71 34.54 35.27 37.42 39.03 37.57 37.49 36.63 37.17 37.21 38.45 40.18 41.80 41.77 38.94 38.85 37.66 36.48 35.72 35.30 35.23 35.11 35.13 35.86 36.95 37.67 37.79 37.75 38.05 38.51 39.19 39.95 41.10 42.60 43.60 41.09 41.39 41.78 42.79 44.07 42.48 40.28 39.66 37.78 37.52 37.83 38.59 39.24 39.80 40.28 40.58 40.53 40.47 41.36 42.22 43.23 44.25 44.60 45.19 45.03 45.54 48.51 52.48 54.55 50.81 55.25 54.26 55.66 61.48 65.11 67.02 68.27
30.26 30.85 31.63 32.20 33.01 34.16 35.34 35.76 37.43 39.10 38.36 37.45 37.00 37.13 37.17 38.54 41.26 41.45 39.58 39.09 37.81 36.99 36.21 35.47 35.21 35.37 35.47 35.67 35.87 37.53 37.54 37.56 37.70 38.30 38.82 39.62 40.81 41.95 43.08 43.22 41.62 42.14 42.72 43.78 44.85 43.51 42.63 40.39 38.96 38.75 39.02 39.73 40.31 41.05 41.16 41.48 41.75 41.92 43.55 44.65 46.73 48.36 46.84 46.88 46.94 47.36 49.25 51.83 55.99 55.17 62.69 60.92 62.43 64.62 69.20 69.35 75.59
30.97 31.38 32.20 33.17 34.67 34.70 36.70 36.49 37.94 39.15 37.93 37.91 38.37 37.83 37.54 39.05 41.20 41.29 39.73 38.06 37.15 36.42 35.79 35.20 35.37 35.62 35.72 36.54 36.49 37.79 37.76 38.12 38.67 39.12 39.27 40.02 41.37 42.49 43.52 43.11 42.30 42.78 43.36 44.62 43.87 42.54 41.46 40.99 39.94 39.88 39.96 40.54 41.48 42.08 42.13 42.20 42.77 43.95 50.55 51.60 56.51 52.44 53.38 53.46 48.57 49.81 53.62 61.15 61.73 62.55 67.16 66.09 64.90 64.72 72.09 78.62 78.13
31.22 31.65 32.40 33.62 36.07 35.93 38.06 37.48 38.96 39.92 39.08 38.48 37.77 37.29 37.91 39.38 40.90 42.04 39.34 37.57 37.10 36.72 35.32 34.85 35.25 36.08 36.11 36.81 37.68 38.82 38.72 38.98 39.07 38.90 39.26 40.38 41.66 43.23 43.75 43.33 43.00 44.04 43.80 45.17 44.58 43.69 41.69 41.08 40.88 40.73 41.08 41.85 42.54 43.37 44.20 43.73 46.23 47.31 54.16 58.36 62.72 58.48 63.01 50.74 48.95 51.89 54.90 64.73 70.64 72.47 70.70 74.23 66.20 70.12 77.23 85.55 80.38
31.80 32.28 32.82 34.24 36.31 38.09 38.51 38.69 39.62 42.27 40.17 39.14 37.64 37.79 37.37 38.60 41.23 41.03 39.55 38.89 37.64 36.56 35.11 34.55 34.88 36.03 37.00 37.47 39.28 39.79 40.12 38.93 38.61 39.31 39.19 40.89 41.93 43.03 43.03 42.78 43.28 42.90 42.36 43.72 43.92 42.85 41.86 41.36 41.30 41.65 42.21 43.02 44.11 44.77 45.77 47.98 46.25 49.40 57.69 61.96 64.44 66.03 61.19 52.62 54.00 55.16 64.31 65.74 76.69 79.81 79.80 81.71 72.33 71.67 83.26 85.06 79.57
32.69 32.81 33.32 34.78 37.46 39.89 39.14 40.31 41.28 43.52 42.36 39.38 38.17 37.74 37.28 37.77 38.97 39.80 38.32 38.39 37.66 35.84 35.01 34.89 35.55 37.04 38.58 39.05 40.52 42.14 40.94 39.65 39.67 39.85 39.25 40.00 41.17 42.14 43.42 43.13 42.53 42.26 41.59 41.96 42.31 42.50 42.17 42.29 42.32 42.60 43.70 45.22 50.11 51.55 48.24 50.49 47.45 57.46 61.50 60.41 64.31 69.37 67.91 62.74 54.20 66.13 74.54 69.93 80.71 83.05 82.73 79.81 75.09 74.81 80.76 78.93 79.48
33.74 34.26 34.22 34.98 36.34 37.91 39.09 39.83 41.81 46.17 42.92 38.76 37.98 37.52 37.38 38.15 38.63 38.82 38.23 37.47 36.65 35.85 35.61 35.69 37.17 37.90 39.71 41.22 41.21 45.44 43.95 41.39 40.93 40.43 39.91 39.63 39.78 40.86 41.61 42.37 41.04 41.50 42.31 42.78 42.86 42.70 43.11 42.33 43.04 44.90 47.98 51.53 55.81 54.81 53.95 51.01 49.80 51.72 59.61 62.88 63.40 66.45 77.25 67.27 51.76 61.35 76.29 72.91 81.17 85.53 83.29 78.47 77.10 82.03 81.40 80.05 80.71
34.25 34.57 34.46 35.18 36.47 37.65 39.07 40.90 40.16 43.50 42.55 39.78 38.32 38.02 37.92 39.49 39.72 38.54 37.93 37.66 37.41 36.79 36.34 36.33 38.35 40.68 41.99 41.94 44.35 46.37 47.02 43.02 41.72 41.03 40.32 39.54 40.68 39.96 40.77 41.48 42.00 42.39 42.95 43.55 43.41 44.44 43.21 43.30 46.08 48.12 48.68 53.45 53.70 53.08 57.06 54.81 52.95 54.24 54.39 55.67 55.81 60.29 65.89 61.60 51.32 57.70 59.36 64.70 74.79 84.03 85.21 83.82 79.09 80.68 82.53 79.94 81.02
35.58 35.96 36.11 35.95 36.71 38.22 39.90 42.11 42.35 43.73 41.72 40.68 39.04 38.76 38.45 38.92 39.14 38.74 38.66 39.20 38.65 38.08 37.98 37.83 39.12 43.92 43.40 42.00 44.71 45.37 51.41 44.93 43.49 41.37 41.09 40.45 41.47 40.54 41.21 43.28 43.66 43.42 44.47 45.01 44.53 44.52 44.09 44.11 46.51 49.37 50.65 51.89 52.21 54.24 56.82 56.62 49.92 50.75 52.16 50.89 51.42 54.48 53.45 54.61 51.80 51.76 53.97 58.19 64.79 71.07 78.03 82.24 84.36 79.15 82.92 82.34 82.43
37.27 36.61 38.43 37.39 37.07 37.95 40.68 42.05 48.64 46.02 43.59 45.95 41.00 38.66 39.39 39.99 39.63 40.22 40.25 40.78 39.03 39.93 39.96 39.73 39.39 40.71 42.22 41.62 43.35 44.63 47.64 47.09 45.21 42.34 42.65 41.44 42.75 41.79 42.84 45.83 46.11 47.36 46.05 46.25 46.04 44.19 44.10 44.78 45.24 46.08 49.58 58.07 57.25 59.23 60.42 61.72 48.62 48.06 52.13 55.09 54.73 53.71 54.10 55.13 53.80 52.26 54.18 58.12 63.91 72.64 77.63 80.44 85.63 84.56 82.32 84.85 88.83
38.38 36.89 37.69 38.90 38.29 38.04 40.29 44.35 45.02 48.87 50.74 54.42 41.86 39.24 40.15 40.34 40.97 41.37 41.50 40.83 39.70 40.15 40.76 40.43 39.82 40.16 41.62 42.23 42.69 45.52 47.99 46.40 46.12 46.68 44.81 44.12 46.05 47.32 49.76 49.11 48.37 46.58 47.62 46.15 45.78 45.67 48.85 54.03 51.14 55.48 58.31 55.80 63.19 64.91 63.12 59.47 46.75 49.22 52.01 58.13 61.57 58.12 53.65 54.55 54.50 55.12 62.19 59.22 63.22 65.56 69.94 75.75 81.44 85.39 86.55 84.52 85.83
40.12 37.29 38.44 40.71 40.07 38.84 39.39 42.58 42.52 44.53 44.54 50.24 43.02 39.90 40.17 40.73 41.56 41.06 40.49 40.54 41.33 40.77 41.01 40.75 41.91 42.00 41.63 42.36 43.02 45.50 50.46 47.35 49.04 49.34 48.20 48.52 48.00 53.54 52.77 49.48 47.98 46.95 46.37 46.44 47.16 48.87 53.82 67.79 68.21 51.28 47.43 46.27 46.36 51.77 50.75 49.02 46.37 49.12 50.30 54.66 62.41 56.59 57.69 61.97 57.73 58.82 59.88 60.67 63.16 71.70 78.86 80.40 83.15 85.81 86.63 83.74 84.68
