project/src/data/BOM_climate/monthly_mean_rainfall/rainjan.txt
ncols 886
nrows 691
xllcenter 112.0000
yllcenter -44.5000
cellsize 0.0500
nodata_value 99999.90
[rows 68 to 101 of 691, columns 231 to 307 of 886]
0.00 0.00 0.00 0.00 0.00 0.00 370.74 370.53 370.87 371.18 371.49 371.75 372.05 372.27 372.46 372.57 372.60 372.62 372.10 371.68 371.46 371.15 370.80 370.36 369.88 369.32 368.76 368.14 367.43 366.63 365.80 364.83 363.66 362.55 361.38 360.12 358.80 357.45 356.11 354.72 353.34 352.00 350.64 349.25 347.70 346.31 344.88 343.45 342.02 340.60 339.15 337.88 336.70 335.74 334.94 334.33 333.88 333.37 332.83 332.48 332.15 331.92 331.68 331.46 331.26 331.12 331.02 330.86 330.83 330.73 330.60 330.66 330.64 330.68 330.71 330.76 330.83
0.00 0.00 0.00 0.00 0.00 371.76 372.07 371.93 372.35 372.71 373.05 373.40 373.70 373.98 374.18 374.29 374.33 374.31 373.86 373.48 373.28 372.94 372.58 372.13 371.60 371.06 370.49 369.83 369.10 368.32 367.38 366.34 365.16 364.02 362.83 361.51 360.14 358.70 357.24 355.79 354.29 352.88 351.39 349.88 348.15 346.54 344.99 343.26 341.51 339.84 338.12 336.61 335.36 334.30 333.51 332.94 332.47 332.10 331.66 331.29 331.00 330.68 330.44 330.18 329.91 329.74 329.58 329.44 329.34 329.18 329.10 329.14 329.14 329.19 329.25 329.29 329.32
0.00 0.00 0.00 0.00 371.44 372.03 372.39 372.31 372.74 373.15 373.56 373.95 374.28 374.54 374.71 374.84 374.85 374.83 374.40 374.03 373.79 373.46 373.07 372.60 372.09 371.52 370.93 370.26 369.51 368.67 367.70 366.66 365.47 364.33 363.06 361.71 360.30 358.80 357.28 355.76 354.25 352.72 351.13 349.52 347.72 345.99 344.10 342.10 340.12 338.13 336.23 334.54 333.11 332.09 331.32 330.86 330.56 330.23 329.97 329.76 329.41 329.13 328.75 328.50 328.22 327.96 327.75 327.58 327.45 327.28 327.20 327.25 327.24 327.25 327.29 327.38 327.38
0.00 0.00 370.02 370.69 371.33 371.94 372.35 372.28 372.77 373.25 373.66 374.07 374.42 374.64 374.86 374.93 374.93 374.89 374.47 374.09 373.88 373.51 373.07 372.58 372.07 371.53 370.91 370.22 369.44 368.58 367.56 366.48 365.31 364.12 362.86 361.45 360.00 358.50 356.98 355.45 353.84 352.28 350.64 348.93 347.00 344.99 342.92 340.71 338.40 336.12 334.00 332.21 330.77 329.63 328.94 328.56 328.40 328.32 328.09 327.93 327.67 327.35 326.99 326.60 326.30 326.00 325.76 325.54 325.37 325.25 325.12 325.17 325.16 325.17 325.21 325.22 325.29
0.00 369.09 369.83 370.54 371.21 371.88 372.31 372.29 372.81 373.29 373.76 374.16 374.51 374.76 374.91 375.01 375.02 374.98 374.56 374.20 373.90 373.56 373.12 372.66 372.14 371.57 370.96 370.24 369.40 368.51 367.48 366.38 365.21 363.97 362.71 361.31 359.83 358.34 356.81 355.22 353.59 351.93 350.19 348.35 346.29 344.07 341.75 339.26 336.69 334.21 331.89 329.85 328.27 327.21 326.62 326.35 326.30 326.31 326.26 326.08 325.89 325.52 325.13 324.73 324.36 323.99 323.71 323.49 323.31 323.16 323.02 323.07 323.08 323.05 323.08 323.15 323.17
368.04 368.82 369.61 370.34 371.07 371.75 372.22 372.30 372.85 373.38 373.85 374.26 374.61 374.83 375.01 375.10 375.09 375.07 374.66 374.28 374.01 373.64 373.23 372.76 372.26 371.73 371.04 370.31 369.47 368.51 367.50 366.34 365.13 363.96 362.62 361.24 359.82 358.28 356.74 355.07 353.40 351.63 349.82 347.87 345.68 343.29 340.77 338.02 335.24 332.49 329.91 327.79 326.21 325.06 324.44 324.30 324.37 324.46 324.51 324.36 324.12 323.73 323.29 322.85 322.41 322.02 321.68 321.41 321.23 321.07 320.94 320.90 320.92 320.92 320.97 321.05 321.10
367.75 368.58 369.40 370.17 370.92 371.64 372.18 372.29 372.86 373.41 373.89 374.32 374.70 374.93 375.09 375.18 375.22 375.19 374.76 374.43 374.13 373.79 373.42 372.95 372.47 371.88 371.19 370.44 369.55 368.61 367.52 366.37 365.23 363.96 362.67 361.29 359.80 358.31 356.70 355.00 353.27 351.40 349.56 347.51 345.16 342.72 339.97 337.09 334.13 331.13 328.51 326.11 324.24 323.25 322.72 322.50 322.59 322.76 322.82 322.63 322.36 321.91 321.46 320.94 320.47 320.07 319.68 319.41 319.18 318.95 318.82 318.76 318.80 318.85 318.86 318.95 318.96
367.48 368.33 369.19 369.97 370.77 371.52 372.14 372.28 372.88 373.49 373.97 374.40 374.75 375.01 375.24 375.31 375.36 375.33 374.95 374.59 374.32 374.01 373.63 373.18 372.69 372.08 371.38 370.57 369.69 368.76 367.63 366.54 365.36 364.13 362.85 361.36 359.92 358.38 356.72 355.03 353.18 351.37 349.40 347.28 344.92 342.25 339.50 336.49 333.36 330.41 327.52 324.91 322.66 321.86 321.39 321.13 321.07 321.18 321.18 320.95 320.71 320.17 319.63 319.13 318.58 318.15 317.71 317.43 317.17 316.91 316.78 316.69 316.75 316.73 316.75 316.83 316.81
367.25 368.16 369.04 369.87 370.69 371.48 372.10 372.28 372.95 373.55 374.01 374.47 374.87 375.16 375.38 375.46 375.55 375.51 375.12 374.77 374.52 374.25 373.91 373.42 372.95 372.30 371.60 370.85 369.90 369.01 367.90 366.77 365.65 364.32 363.08 361.60 360.09 358.55 356.87 355.12 353.27 351.35 349.44 347.20 344.77 342.16 339.31 336.36 333.17 330.05 327.22 324.67 322.60 321.37 320.56 320.07 319.88 319.84 319.70 319.41 319.04 318.45 317.93 317.32 316.77 316.39 315.86 315.60 315.30 315.06 314.72 314.66 314.70 314.73 314.69 314.74 314.66
367.03 367.98 368.88 369.73 370.62 371.44 372.09 372.34 372.97 373.59 374.12 374.60 375.05 375.31 375.52 375.66 375.67 375.70 375.29 374.99 374.82 374.50 374.18 373.74 373.22 372.66 371.91 371.13 370.25 369.26 368.25 367.08 365.92 364.71 363.31 361.91 360.39 358.78 357.09 355.35 353.53 351.57 349.48 347.32 344.86 342.26 339.47 336.43 333.33 330.31 327.38 324.88 322.90 321.29 320.14 319.44 318.98 318.65 318.41 317.98 317.49 316.89 316.18 315.60 315.01 314.64 314.28 313.91 313.58 313.27 312.94 312.68 312.67 312.67 312.67 312.59 312.49
366.89 367.83 368.76 369.68 370.54 371.44 372.10 372.37 373.09 373.68 374.25 374.72 375.12 375.46 375.66 375.82 375.91 375.84 375.53 375.25 375.09 374.86 374.47 374.10 373.57 372.96 372.30 371.49 370.63 369.68 368.62 367.47 366.32 365.06 363.71 362.27 360.75 359.17 357.48 355.70 353.79 351.85 349.78 347.53 345.11 342.52 339.81 336.89 333.88 330.91 328.03 325.48 323.22 321.47 320.12 319.11 318.35 317.78 317.28 316.67 316.07 315.31 314.61 313.91 313.29 312.72 312.47 312.31 311.64 311.47 311.12 310.79 310.61 310.63 310.69 310.45 310.36
366.66 367.71 368.63 369.61 370.53 371.42 372.16 372.47 373.18 373.83 374.36 374.88 375.30 375.60 375.86 376.01 376.05 376.08 375.80 375.60 375.46 375.20 374.92 374.47 373.98 373.40 372.72 371.92 371.02 370.09 369.04 367.95 366.72 365.53 364.16 362.76 361.22 359.61 357.94 356.13 354.20 352.23 350.07 347.86 345.50 343.00 340.28 337.51 334.55 331.75 329.05 326.78 324.32 322.04 320.27 318.98 317.85 316.98 316.22 315.45 314.67 313.77 312.93 312.27 311.51 310.84 310.27 310.06 309.50 309.61 309.43 308.99 308.77 308.78 309.20 308.65 308.40
366.48 367.51 368.53 369.49 370.46 371.44 372.19 372.53 373.29 373.93 374.54 375.05 375.47 375.82 376.07 376.21 376.32 376.33 376.15 375.95 375.84 375.65 375.35 374.93 374.43 373.82 373.13 372.33 371.47 370.54 369.52 368.40 367.21 366.01 364.69 363.30 361.79 360.14 358.42 356.59 354.68 352.68 350.55 348.34 345.88 343.52 340.92 338.19 335.49 332.72 330.05 327.55 324.96 322.66 320.51 318.91 317.52 316.30 315.34 314.32 313.23 312.32 311.40 310.56 309.81 309.10 308.68 307.90 307.36 307.46 307.38 307.59 307.31 307.34 307.39 306.96 306.47
366.25 367.33 368.39 369.44 370.45 371.42 372.20 372.64 373.42 374.08 374.72 375.22 375.67 376.05 376.31 376.51 376.62 376.69 376.51 376.37 376.30 376.12 375.79 375.37 374.87 374.29 373.60 372.78 371.95 371.05 370.01 368.91 367.74 366.57 365.26 363.86 362.31 360.68 358.99 357.16 355.17 353.20 351.04 348.86 346.50 344.05 341.58 338.97 336.22 333.91 331.68 328.72 326.38 323.43 320.81 318.89 317.09 315.71 314.53 313.05 311.89 310.79 309.71 308.78 307.94 307.52 307.03 306.25 305.64 305.31 305.37 305.51 305.45 305.31 305.28 304.81 304.67
365.96 367.08 368.18 369.26 370.33 371.39 372.26 372.72 373.51 374.25 374.90 375.43 375.94 376.32 376.63 376.83 376.97 377.06 376.93 376.80 376.76 376.55 376.24 375.83 375.35 374.75 374.03 373.28 372.47 371.57 370.59 369.46 368.33 367.14 365.84 364.43 362.95 361.27 359.58 357.68 355.77 353.73 351.63 349.48 347.03 344.70 342.28 339.68 337.11 334.45 331.75 329.04 326.86 324.04 321.00 318.76 316.86 315.23 313.38 311.87 310.44 309.19 308.11 306.96 306.22 305.66 305.12 304.51 303.72 303.65 303.46 303.09 303.14 303.17 302.91 302.21 302.02
365.36 366.53 367.68 368.82 369.99 371.09 371.97 372.54 373.43 374.21 374.90 375.45 375.97 376.40 376.75 376.98 377.12 377.25 377.16 377.15 377.04 376.85 376.59 376.20 375.69 375.13 374.48 373.80 372.98 372.05 371.07 369.99 368.93 367.78 366.48 365.10 363.60 361.95 360.19 358.34 356.39 354.35 352.31 350.28 347.78 345.46 343.00 340.51 337.90 335.19 332.47 329.56 327.00 324.05 321.24 318.71 316.55 314.76 312.81 310.78 309.15 307.55 306.40 305.07 304.26 303.75 303.07 302.87 301.90 301.36 301.40 300.89 301.06 301.15 300.44 299.94 299.65
364.91 366.15 367.37 368.59 369.79 370.95 371.97 372.59 373.51 374.35 375.04 375.67 376.23 376.71 377.07 377.31 377.51 377.62 377.62 377.57 377.51 377.30 377.03 376.64 376.19 375.59 374.98 374.32 373.49 372.57 371.61 370.52 369.47 368.41 367.10 365.70 364.17 362.54 360.75 358.90 356.98 354.97 352.94 350.82 348.54 346.27 343.89 341.33 338.74 335.96 333.09 330.14 327.40 324.53 321.24 318.54 316.05 314.02 312.53 310.31 308.36 305.62 304.35 302.98 302.35 302.23 301.32 300.60 299.60 298.96 298.71 298.61 299.10 299.15 298.29 297.55 297.18
364.52 365.86 367.14 368.43 369.69 370.92 371.96 372.65 373.65 374.53 375.27 375.94 376.56 377.07 377.47 377.75 377.96 378.14 378.14 378.09 378.01 377.79 377.54 377.16 376.71 376.13 375.51 374.82 374.03 373.11 372.14 371.09 370.10 368.99 367.67 366.28 364.73 363.08 361.35 359.46 357.53 355.77 353.73 351.57 349.44 347.24 344.94 342.46 339.75 336.98 333.94 331.20 328.15 324.54 321.70 318.57 316.00 313.73 312.33 310.63 306.61 303.72 302.69 301.58 301.73 300.65 299.48 297.93 297.53 297.04 296.65 297.31 296.92 296.25 295.78 295.47 294.91
364.14 365.53 366.90 368.24 369.60 370.87 371.98 372.72 373.77 374.68 375.53 376.23 376.88 377.43 377.89 378.21 378.44 378.64 378.70 378.65 378.56 378.39 378.11 377.73 377.27 376.69 376.07 375.37 374.56 373.63 372.68 371.68 370.68 369.61 368.25 366.89 365.33 363.60 361.85 360.03 358.17 356.72 354.72 352.65 350.51 348.48 346.25 343.64 340.91 338.43 334.81 332.44 329.24 325.17 322.14 318.71 316.27 314.61 311.83 308.67 305.24 302.32 299.92 301.18 300.78 299.29 297.98 295.81 295.18 295.23 295.31 295.33 294.53 293.98 293.40 293.06 292.63
363.76 365.20 366.63 368.05 369.45 370.84 371.96 372.78 373.91 374.87 375.75 376.54 377.23 377.85 378.32 378.68 378.98 379.17 379.27 379.30 379.17 379.02 378.75 378.33 377.85 377.26 376.61 375.90 375.11 374.25 373.28 372.24 371.25 370.11 368.81 367.37 365.81 364.23 362.48 360.66 358.79 357.32 355.52 353.70 351.85 349.83 347.65 345.14 342.44 339.39 335.87 332.63 329.93 326.38 322.65 319.05 317.06 315.23 311.41 308.17 305.78 301.76 299.74 299.26 299.16 297.55 294.83 293.76 293.20 293.31 293.90 293.33 292.29 291.59 291.26 290.69 290.19
363.33 364.86 366.33 367.83 369.31 370.71 371.96 372.86 373.98 375.07 376.02 376.86 377.62 378.23 378.78 379.20 379.50 379.79 379.89 379.92 379.86 379.72 379.44 379.02 378.49 377.92 377.22 376.48 375.70 374.81 373.84 372.83 371.83 370.70 369.36 367.87 366.35 364.73 363.04 361.24 359.50 357.93 356.43 354.78 353.25 351.35 349.18 346.61 343.72 340.50 337.79 334.30 331.09 327.46 323.30 319.48 317.01 314.88 311.56 307.57 303.64 300.47 298.08 297.75 296.47 294.93 292.74 291.97 291.29 291.86 291.67 290.90 289.91 289.52 289.25 288.21 288.02
362.86 364.42 366.00 367.55 369.12 370.62 371.90 372.91 374.10 375.26 376.29 377.21 378.03 378.72 379.28 379.76 380.14 380.41 380.60 380.70 380.63 380.47 380.14 379.74 379.22 378.64 377.90 377.13 376.25 375.39 374.43 373.36 372.44 371.28 369.89 368.38 366.85 365.21 363.55 361.87 360.30 358.88 357.69 355.99 354.63 352.82 350.95 348.19 345.16 341.64 338.54 335.50 332.01 328.07 324.09 320.30 317.00 313.58 310.51 307.00 303.01 299.64 297.00 296.18 294.17 292.42 291.08 290.30 290.15 290.37 289.31 288.54 288.03 287.63 286.91 285.98 285.28
362.37 364.03 365.64 367.31 368.96 370.47 371.88 372.92 374.18 375.50 376.59 377.59 378.47 379.16 379.81 380.36 380.78 381.14 381.31 381.47 381.45 381.23 380.97 380.52 379.92 379.37 378.59 377.76 376.90 376.01 374.97 373.93 373.18 371.92 370.34 368.86 367.33 365.63 364.10 362.42 360.90 359.57 358.41 357.08 356.22 355.03 352.09 349.48 346.28 342.48 338.80 336.33 332.65 328.28 324.17 320.11 316.22 312.51 308.72 305.64 302.01 299.41 297.88 294.16 292.05 290.76 289.66 288.70 289.03 288.53 287.68 286.75 286.21 285.86 284.65 283.61 282.94
361.90 363.58 365.26 367.01 368.69 370.32 371.80 372.92 374.31 375.69 376.87 377.96 378.86 379.65 380.38 380.96 381.48 381.84 382.11 382.28 382.29 382.07 381.76 381.25 380.74 380.08 379.23 378.41 377.45 376.51 375.52 374.43 373.61 372.29 370.71 369.25 367.84 366.03 364.36 362.99 361.58 360.30 359.08 358.12 358.04 356.80 353.41 350.78 348.06 343.28 338.90 335.94 332.99 328.03 323.21 319.21 315.90 312.03 308.16 304.76 301.76 300.43 297.54 295.55 291.47 290.20 288.89 287.34 287.14 287.05 286.23 285.49 284.58 283.55 282.28 281.08 280.52
361.38 363.16 364.92 366.73 368.50 370.18 371.71 372.94 374.46 375.86 377.12 378.29 379.27 380.15 380.94 381.61 382.19 382.64 382.91 383.16 383.10 382.94 382.61 382.06 381.50 380.79 379.95 379.09 378.06 377.08 375.98 375.11 374.46 372.64 371.13 370.08 368.23 366.74 365.01 363.86 362.69 361.03 359.51 359.08 359.03 357.58 354.25 351.29 348.32 344.02 339.71 335.50 332.72 327.35 322.99 319.15 315.24 311.75 308.62 305.01 302.03 299.39 298.10 294.90 290.75 289.99 287.72 286.08 285.84 284.80 284.37 283.94 282.36 280.97 279.69 278.99 278.27
360.81 362.63 364.49 366.36 368.18 369.98 371.61 372.95 374.52 376.00 377.34 378.60 379.69 380.66 381.55 382.31 382.92 383.41 383.79 384.02 384.02 383.82 383.47 382.90 382.26 381.62 380.67 379.74 378.71 377.61 376.51 375.23 374.07 372.74 371.31 369.78 368.51 366.88 365.26 364.07 362.29 360.82 359.55 359.13 358.80 358.45 355.20 350.88 347.05 343.52 340.03 336.17 331.72 326.87 322.90 318.70 315.06 311.41 308.56 305.30 302.41 299.20 296.64 292.46 290.29 288.41 286.93 285.40 284.04 282.56 282.32 281.67 280.01 278.77 277.86 277.27 275.91
359.88 361.80 363.72 365.68 367.63 369.50 371.21 372.69 374.34 375.90 377.34 378.67 379.93 381.01 381.96 382.84 383.53 384.11 384.55 384.80 384.79 384.58 384.16 383.66 382.98 382.19 381.31 380.30 379.18 378.07 376.76 375.40 374.15 372.89 371.59 370.17 368.79 367.16 366.12 364.21 362.27 360.65 359.29 358.76 358.43 357.55 354.08 351.21 346.16 342.34 338.73 335.21 330.82 326.06 322.67 318.41 314.57 311.02 308.34 304.94 302.00 299.48 295.92 292.01 289.39 287.97 287.08 284.84 282.68 280.83 280.57 279.90 278.52 276.80 276.03 274.86 273.82
357.86 359.87 361.94 364.02 366.06 368.07 369.93 371.48 373.25 374.93 376.50 377.98 379.35 380.56 381.74 382.70 383.54 384.19 384.76 385.08 385.11 384.91 384.52 383.99 383.25 382.45 381.48 380.42 379.28 378.02 376.70 375.25 374.16 373.12 371.81 369.96 368.68 367.36 365.76 364.02 362.18 360.23 358.38 358.10 357.39 356.62 353.88 350.45 345.25 341.09 337.68 334.13 329.71 325.08 321.61 318.14 314.10 311.00 308.18 304.58 301.39 298.41 295.97 292.16 288.46 286.94 286.14 283.71 281.49 280.51 278.18 277.70 276.91 275.11 274.04 272.61 271.02
357.03 359.16 361.31 363.50 365.67 367.79 369.73 371.42 373.27 375.03 376.73 378.31 379.82 381.20 382.42 383.48 384.37 385.10 385.69 386.09 386.04 385.82 385.41 384.82 384.02 383.13 382.08 380.95 379.71 378.39 376.97 375.39 374.04 373.04 371.79 370.23 368.67 367.13 365.40 363.57 361.77 359.98 358.06 356.93 356.04 354.83 352.30 348.32 344.05 339.98 336.70 332.76 328.43 324.12 320.58 317.23 313.42 309.64 306.23 303.08 299.54 296.10 293.18 290.05 287.39 285.46 285.03 282.05 279.94 279.10 277.17 275.62 274.23 273.49 271.85 270.05 268.38
356.10 358.35 360.62 362.93 365.18 367.36 369.45 371.24 373.20 375.07 376.88 378.62 380.28 381.76 383.10 384.23 385.21 385.99 386.68 386.98 387.02 386.72 386.31 385.69 384.81 383.79 382.65 381.39 380.07 378.62 377.09 375.47 373.99 372.54 370.84 369.30 368.29 366.53 364.73 362.82 361.18 359.25 357.40 355.36 353.84 352.12 349.54 346.72 342.64 338.82 335.31 331.38 327.10 322.82 319.32 315.74 312.06 308.56 305.69 302.37 298.85 295.29 291.87 289.12 286.56 284.31 283.44 280.64 278.49 277.90 275.71 274.59 272.51 271.04 269.98 267.89 266.21
355.10 357.44 359.81 362.17 364.50 366.86 369.01 370.93 373.06 375.03 376.99 378.90 380.67 382.30 383.77 385.01 386.09 386.91 387.59 388.01 387.99 387.73 387.25 386.52 385.62 384.47 383.18 381.87 380.39 378.82 377.15 375.42 373.78 371.96 370.05 367.99 367.07 365.77 363.78 361.76 359.87 357.77 355.73 353.51 351.64 349.45 346.97 344.18 340.55 336.95 333.56 329.55 325.41 321.43 318.32 314.70 310.97 307.95 304.77 301.53 298.07 294.71 291.04 288.63 285.38 283.38 281.98 279.51 277.08 276.26 274.20 272.57 270.50 269.28 267.69 265.17 263.76
354.08 356.48 358.91 361.36 363.82 366.23 368.53 370.56 372.79 374.94 377.07 379.10 381.00 382.78 384.39 385.80 386.95 387.87 388.59 388.95 389.04 388.73 388.26 387.45 386.38 385.08 383.77 382.33 380.68 378.86 377.07 375.24 373.52 371.61 369.64 367.67 366.76 364.21 362.35 359.73 358.31 356.24 354.14 351.83 349.38 347.34 344.83 341.69 338.39 334.98 331.33 327.36 323.53 320.18 316.98 313.43 309.71 306.65 303.29 300.20 297.39 293.68 289.98 287.98 284.99 281.59 280.44 278.11 275.17 273.93 272.53 270.43 268.76 267.56 265.96 263.20 260.72
352.93 355.41 357.89 360.45 362.97 365.49 367.92 370.09 372.47 374.71 376.99 379.19 381.29 383.25 385.01 386.56 387.85 388.85 389.57 390.06 390.10 389.81 389.24 388.31 387.13 385.75 384.24 382.79 380.93 378.88 377.54 374.99 372.99 370.90 368.63 366.70 364.60 362.70 359.92 357.93 356.57 354.58 352.36 349.77 347.14 344.73 342.22 339.03 335.82 332.69 328.88 325.26 321.91 318.74 315.23 311.65 308.56 305.46 302.03 298.87 295.95 292.34 288.95 286.68 283.24 279.82 278.36 275.95 273.51 271.91 270.45 268.86 267.12 264.92 262.83 260.30 258.20
351.75 354.27 356.83 359.45 362.08 364.70 367.23 369.48 371.96 374.40 376.84 379.21 381.46 383.59 385.58 387.29 388.73 389.81 390.66 391.20 391.23 390.93 390.22 389.16 387.84 386.29 384.54 382.72 381.10 378.84 377.06 374.59 372.61 370.41 367.77 365.28 362.84 360.63 359.38 357.40 355.23 352.78 350.26 347.53 345.11 342.49 339.74 336.45 333.51 330.36 326.66 323.28 320.04 317.14 313.78 310.25 307.25 304.13 300.84 297.40 294.05 290.81 287.67 284.65 280.92 278.38 276.61 274.09 272.08 270.13 268.02 266.61 264.45 262.38 259.98 257.95 256.51
