project/src/data/BOM_climate/monthly_mean_rainfall/rainoct.txt
ncols 886
nrows 691
xllcenter 112.0000
yllcenter -44.5000
cellsize 0.0500
nodata_value 99999.90
[rows 350 to 384 of 691, columns 0 to 78 of 886]
12.99 12.93 12.85 12.77 12.68 12.60 12.50 12.45 12.36 12.24 12.15 12.05 11.95 11.85 11.76 11.68 11.59 11.51 11.42 11.33 11.25 11.18 11.11 11.03 10.95 10.88 10.81 10.75 10.68 10.61 10.53 10.46 10.39 10.31 10.25 10.18 10.10 10.03 9.95 9.86 9.75 9.63 10.06 10.86 10.83 10.69 9.55 9.38 9.13 9.77 9.56 9.05 8.79 8.64 8.49 8.27 8.07 7.86 7.95 7.85 7.53 7.42 7.39 7.31 7.42 7.20 7.36 7.42 7.54 7.60 7.31 6.82 6.53 6.15 5.83 5.61 5.34 5.30 5.53
13.27 13.21 13.14 13.05 12.96 12.87 12.77 12.71 12.62 12.52 12.43 12.33 12.22 12.12 12.02 11.94 11.86 11.76 11.67 11.58 11.50 11.42 11.33 11.26 11.18 11.10 11.04 10.98 10.90 10.82 10.75 10.68 10.61 10.53 10.48 10.42 10.36 10.29 10.22 10.15 10.06 9.96 10.02 11.23 11.30 10.20 9.89 10.50 9.94 9.05 9.70 9.48 9.13 8.81 8.55 8.43 8.19 7.96 8.07 7.80 7.67 7.84 7.57 7.57 7.53 7.65 7.71 7.55 7.59 7.70 7.39 7.06 6.85 6.46 6.29 5.83 5.55 5.48 5.59
13.51 13.45 13.38 13.28 13.19 13.09 12.98 12.93 12.85 12.76 12.66 12.56 12.45 12.35 12.25 12.16 12.07 11.98 11.89 11.80 11.71 11.62 11.54 11.46 11.38 11.32 11.25 11.18 11.10 11.02 10.96 10.88 10.82 10.76 10.70 10.65 10.60 10.54 10.49 10.44 10.38 10.31 10.18 11.28 11.18 10.31 10.83 10.93 10.87 9.59 10.00 9.79 9.47 9.09 8.61 8.59 8.26 8.04 8.10 7.74 8.03 7.98 7.87 7.91 7.83 7.85 7.97 7.87 7.73 7.80 7.70 7.46 7.13 6.82 6.67 6.20 5.79 5.74 5.80
13.76 13.70 13.61 13.51 13.41 13.30 13.20 13.16 13.08 12.99 12.89 12.79 12.68 12.59 12.48 12.38 12.27 12.19 12.10 12.02 11.92 11.82 11.74 11.68 11.60 11.52 11.45 11.37 11.30 11.22 11.16 11.10 11.05 10.97 10.93 10.88 10.84 10.80 10.77 10.73 10.69 10.64 10.55 10.83 10.51 10.65 11.31 11.23 11.20 10.11 9.96 9.86 9.59 9.19 8.74 8.64 8.28 8.19 7.84 8.06 8.19 8.14 8.12 8.08 8.15 8.08 8.00 7.88 7.77 7.74 7.67 7.69 7.43 7.14 6.97 6.46 6.08 5.85 5.98
14.00 13.94 13.85 13.75 13.64 13.53 13.43 13.38 13.32 13.22 13.12 13.02 12.92 12.82 12.71 12.60 12.51 12.43 12.32 12.22 12.13 12.03 11.94 11.88 11.81 11.73 11.65 11.58 11.50 11.44 11.37 11.31 11.25 11.17 11.13 11.08 11.06 11.04 11.02 11.00 10.98 10.96 10.89 10.92 11.47 12.01 11.68 11.59 11.48 10.42 10.37 10.09 9.72 9.23 8.86 8.63 8.37 8.07 7.98 8.42 8.55 8.45 8.43 8.30 8.27 8.15 8.00 7.94 7.81 7.76 7.82 7.90 7.43 7.31 7.16 6.66 6.46 6.13 6.19
14.24 14.18 14.07 13.97 13.87 13.77 13.67 13.63 13.56 13.45 13.35 13.25 13.15 13.04 12.94 12.84 12.74 12.65 12.56 12.45 12.34 12.23 12.16 12.09 12.01 11.93 11.86 11.78 11.71 11.64 11.57 11.51 11.44 11.37 11.33 11.30 11.28 11.26 11.25 11.25 11.23 11.20 11.15 11.54 12.22 12.39 12.17 12.06 11.76 10.77 10.75 10.33 9.97 9.13 8.75 8.63 8.09 8.19 8.23 8.45 8.68 8.62 8.55 8.46 8.35 8.21 8.05 8.02 7.89 7.78 7.84 7.79 7.37 7.35 7.26 7.06 6.67 6.47 6.41
14.49 14.41 14.31 14.21 14.10 14.01 13.92 13.88 13.80 13.69 13.59 13.49 13.39 13.28 13.17 13.07 12.97 12.88 12.78 12.67 12.56 12.47 12.38 12.30 12.21 12.12 12.04 11.97 11.91 11.83 11.77 11.70 11.64 11.57 11.52 11.49 11.47 11.46 11.45 11.46 11.45 11.43 11.57 12.94 12.49 12.48 12.41 12.28 12.01 11.03 10.43 10.39 10.18 9.04 8.68 8.40 8.09 8.52 8.67 8.67 8.84 8.75 8.70 8.62 8.48 8.28 8.21 8.08 8.10 7.99 7.82 7.63 7.41 7.41 7.34 7.37 6.99 6.67 6.65
14.73 14.65 14.55 14.45 14.35 14.26 14.17 14.12 14.04 13.93 13.83 13.73 13.62 13.51 13.40 13.31 13.21 13.12 13.01 12.90 12.78 12.69 12.60 12.51 12.41 12.33 12.25 12.17 12.09 12.02 11.95 11.87 11.82 11.75 11.71 11.68 11.66 11.64 11.64 11.64 11.63 11.61 11.89 13.40 13.24 12.84 12.69 12.49 12.36 11.77 11.06 10.24 9.69 9.09 8.66 8.53 8.92 8.91 9.00 8.96 9.11 8.95 8.92 8.75 8.60 8.41 8.26 8.19 8.13 8.02 7.93 7.84 7.69 7.56 7.47 7.46 7.16 6.71 6.71
14.98 14.91 14.81 14.70 14.60 14.50 14.40 14.36 14.28 14.18 14.08 13.97 13.85 13.75 13.64 13.55 13.45 13.35 13.23 13.12 13.02 12.92 12.83 12.72 12.62 12.52 12.43 12.36 12.29 12.20 12.13 12.05 11.99 11.91 11.87 11.84 11.81 11.79 11.80 11.80 11.79 11.76 11.71 12.69 13.77 13.28 13.19 13.05 12.77 12.40 11.88 11.04 9.96 9.80 9.47 9.46 9.40 9.18 9.35 9.42 9.42 9.31 9.10 8.94 8.67 8.45 8.40 8.27 8.24 8.21 8.26 8.19 8.03 7.71 7.65 7.42 7.34 6.92 6.60
15.23 15.16 15.06 14.97 14.86 14.75 14.64 14.60 14.54 14.44 14.33 14.21 14.10 14.00 13.89 13.79 13.68 13.58 13.46 13.36 13.26 13.15 13.04 12.93 12.83 12.72 12.63 12.55 12.46 12.37 12.28 12.21 12.13 12.07 12.02 11.99 11.96 11.95 11.93 11.92 11.91 11.88 11.81 11.96 13.00 13.23 13.49 13.61 13.18 12.78 12.44 11.70 10.86 10.17 10.13 10.06 9.92 9.63 9.59 9.62 9.60 9.56 9.48 9.11 8.80 8.62 8.51 8.41 8.30 8.41 8.52 8.29 8.05 7.70 7.78 7.51 7.16 6.86 6.71
15.51 15.44 15.33 15.23 15.10 14.99 14.89 14.86 14.80 14.69 14.58 14.46 14.35 14.24 14.13 14.03 13.92 13.81 13.70 13.59 13.49 13.38 13.27 13.17 13.05 12.94 12.84 12.73 12.64 12.53 12.43 12.35 12.28 12.21 12.17 12.13 12.09 12.05 12.04 12.03 12.01 11.96 11.88 11.90 12.50 13.63 13.95 13.79 13.43 13.22 12.74 12.32 11.64 11.17 10.89 10.67 10.43 10.38 10.04 9.85 9.79 9.72 9.57 9.26 8.88 8.75 8.64 8.56 8.52 8.51 8.57 8.17 8.02 7.81 7.78 7.52 7.13 6.91 6.92
15.79 15.71 15.60 15.49 15.35 15.24 15.15 15.12 15.05 14.93 14.81 14.71 14.60 14.48 14.37 14.26 14.15 14.02 13.92 13.81 13.71 13.60 13.50 13.38 13.26 13.13 13.02 12.91 12.79 12.68 12.57 12.47 12.39 12.31 12.28 12.24 12.21 12.18 12.16 12.12 12.08 12.01 11.90 11.81 12.51 13.32 13.57 13.69 13.64 13.47 12.87 12.74 12.56 12.02 11.63 11.37 10.99 11.08 10.72 10.32 10.10 9.96 9.68 9.47 9.08 9.01 8.80 8.73 8.82 8.77 8.68 8.14 8.08 8.07 7.75 7.51 7.12 7.13 7.32
16.05 15.97 15.87 15.76 15.63 15.52 15.43 15.39 15.30 15.18 15.05 14.95 14.85 14.74 14.61 14.49 14.38 14.27 14.16 14.05 13.93 13.82 13.71 13.60 13.48 13.36 13.23 13.09 12.96 12.82 12.69 12.58 12.51 12.44 12.40 12.37 12.34 12.30 12.26 12.20 12.12 12.02 11.90 11.75 11.92 12.69 13.40 13.48 13.02 12.98 13.07 13.19 13.19 12.62 12.27 12.07 11.74 11.64 11.40 10.82 10.63 10.43 10.17 9.88 9.50 9.34 9.25 9.01 9.08 8.89 8.69 8.17 8.36 8.22 8.00 7.49 7.26 7.30 7.45
16.34 16.26 16.15 16.04 15.91 15.81 15.70 15.65 15.57 15.45 15.34 15.22 15.10 14.99 14.86 14.74 14.62 14.51 14.40 14.30 14.18 14.05 13.93 13.83 13.70 13.58 13.43 13.27 13.12 12.97 12.85 12.73 12.63 12.57 12.52 12.49 12.46 12.43 12.37 12.29 12.19 12.06 11.89 11.69 11.51 11.67 12.50 12.73 12.68 13.52 14.04 13.70 13.61 13.08 12.88 12.50 12.44 12.20 11.88 11.47 11.17 10.92 10.81 10.41 9.96 9.78 9.50 9.19 9.42 8.92 8.53 8.18 7.89 7.80 7.77 7.45 7.44 7.50 7.65
16.65 16.57 16.46 16.35 16.21 16.11 16.00 15.94 15.86 15.75 15.63 15.50 15.38 15.26 15.13 15.01 14.90 14.78 14.67 14.57 14.44 14.32 14.20 14.08 13.94 13.79 13.63 13.48 13.33 13.16 13.01 12.89 12.80 12.72 12.66 12.65 12.63 12.58 12.50 12.40 12.27 12.11 11.92 11.70 11.45 11.22 11.55 11.78 11.92 12.84 14.02 14.42 14.35 14.17 13.77 13.53 13.28 12.84 12.51 12.16 11.82 11.48 11.33 10.89 10.34 10.14 9.63 9.45 9.32 8.99 8.36 8.39 8.29 8.04 7.90 7.84 7.56 7.66 7.77
17.02 16.93 16.83 16.72 16.58 16.47 16.36 16.30 16.21 16.07 15.94 15.82 15.71 15.58 15.44 15.33 15.22 15.10 14.98 14.86 14.73 14.62 14.50 14.36 14.23 14.07 13.91 13.73 13.55 13.38 13.24 13.10 13.00 12.92 12.89 12.85 12.80 12.74 12.65 12.55 12.41 12.23 12.02 11.75 11.49 11.21 10.95 11.70 11.88 12.60 13.68 13.97 14.29 14.60 14.43 14.35 14.16 13.53 13.10 12.70 12.25 11.92 11.77 11.35 10.61 10.33 9.87 9.72 9.30 8.67 8.71 8.61 8.61 8.55 8.30 8.22 7.79 7.58 7.48
17.32 17.23 17.12 17.01 16.89 16.78 16.67 16.59 16.49 16.35 16.22 16.10 15.99 15.86 15.73 15.61 15.47 15.35 15.25 15.14 15.02 14.89 14.77 14.63 14.48 14.31 14.14 13.98 13.80 13.64 13.48 13.32 13.18 13.14 13.10 13.06 13.02 12.96 12.87 12.76 12.60 12.39 12.15 11.88 11.60 11.33 11.10 11.10 11.83 12.32 12.93 12.78 13.69 14.63 15.15 14.89 14.66 14.07 13.73 13.11 12.75 12.44 12.18 11.63 10.84 10.27 10.01 9.70 9.43 8.87 9.19 9.30 8.90 8.93 8.90 8.49 7.92 7.79 7.81
17.61 17.52 17.41 17.31 17.19 17.10 16.98 16.90 16.79 16.64 16.51 16.39 16.27 16.14 16.01 15.89 15.77 15.64 15.53 15.40 15.28 15.18 15.05 14.90 14.75 14.60 14.43 14.26 14.09 13.92 13.76 13.62 13.52 13.44 13.40 13.34 13.27 13.20 13.10 12.98 12.84 12.63 12.39 12.11 11.83 11.56 11.32 11.15 11.31 12.02 12.00 12.57 13.46 14.88 14.86 15.28 15.14 14.40 13.99 13.57 13.24 12.78 12.36 11.44 10.95 10.28 10.19 9.75 9.37 9.46 9.28 9.44 9.39 9.29 9.25 8.64 8.36 8.00 7.80
17.91 17.82 17.72 17.62 17.51 17.40 17.28 17.20 17.10 16.97 16.83 16.69 16.55 16.42 16.30 16.18 16.07 15.96 15.82 15.69 15.57 15.45 15.33 15.20 15.05 14.90 14.74 14.57 14.40 14.23 14.08 13.97 13.88 13.79 13.71 13.65 13.59 13.49 13.40 13.27 13.13 12.92 12.67 12.42 12.14 11.89 11.66 11.49 11.37 11.68 12.44 12.88 13.65 14.09 15.11 15.28 14.65 14.19 14.41 14.02 13.53 12.98 12.36 11.48 11.12 10.45 9.88 9.76 9.67 9.82 9.70 9.78 9.72 9.63 9.64 9.30 9.03 8.55 7.87
18.21 18.12 18.02 17.93 17.83 17.72 17.59 17.51 17.41 17.28 17.13 16.99 16.88 16.75 16.61 16.49 16.37 16.24 16.11 15.99 15.88 15.77 15.64 15.50 15.35 15.20 15.05 14.89 14.75 14.60 14.47 14.35 14.23 14.14 14.07 14.00 13.92 13.83 13.74 13.61 13.44 13.26 13.04 12.79 12.55 12.31 12.08 11.95 11.87 11.89 12.72 13.48 14.41 14.82 15.87 15.72 14.81 14.93 15.01 14.41 13.82 13.26 12.36 11.47 10.63 10.36 10.00 10.34 10.45 10.08 9.88 9.80 9.68 9.65 9.45 9.19 9.14 8.63 8.04
18.53 18.45 18.35 18.24 18.13 18.02 17.91 17.84 17.74 17.60 17.45 17.32 17.18 17.05 16.92 16.80 16.68 16.56 16.44 16.32 16.20 16.07 15.94 15.81 15.68 15.53 15.40 15.26 15.12 14.99 14.85 14.74 14.64 14.53 14.46 14.38 14.28 14.19 14.08 13.96 13.83 13.65 13.45 13.24 13.01 12.80 12.63 12.50 12.46 12.51 12.63 13.58 14.40 16.06 16.28 16.02 15.43 15.51 15.33 14.82 14.21 13.53 12.88 11.72 10.81 11.07 10.62 10.61 10.66 10.62 10.12 10.21 9.94 9.99 9.39 9.18 9.13 8.79 8.42
18.85 18.77 18.66 18.57 18.45 18.34 18.24 18.17 18.07 17.93 17.78 17.63 17.50 17.37 17.26 17.14 17.02 16.89 16.77 16.64 16.51 16.38 16.27 16.15 16.02 15.89 15.76 15.64 15.50 15.38 15.25 15.14 15.03 14.94 14.86 14.77 14.68 14.57 14.46 14.34 14.22 14.07 13.90 13.71 13.52 13.34 13.20 13.10 13.09 13.15 13.28 13.57 14.72 15.91 16.31 16.04 15.79 15.69 15.23 14.96 14.77 13.78 12.72 11.61 11.11 10.53 10.40 11.02 10.97 10.96 10.86 10.48 10.49 9.87 9.72 9.36 9.27 9.02 8.67
19.16 19.08 18.98 18.89 18.78 18.68 18.56 18.50 18.39 18.25 18.11 17.98 17.84 17.70 17.59 17.48 17.36 17.23 17.11 16.97 16.85 16.72 16.60 16.49 16.38 16.25 16.12 16.00 15.89 15.76 15.65 15.54 15.45 15.35 15.27 15.19 15.09 14.98 14.87 14.74 14.64 14.50 14.35 14.19 14.06 13.91 13.80 13.73 13.73 13.80 13.92 14.07 14.91 16.36 16.60 16.78 16.63 16.02 15.66 15.47 15.05 13.96 12.73 12.83 12.48 11.34 10.64 10.71 10.66 10.66 10.98 10.73 10.68 9.95 9.52 9.26 9.29 9.01 8.49
19.48 19.40 19.32 19.23 19.11 19.00 18.89 18.83 18.72 18.58 18.45 18.32 18.19 18.05 17.94 17.82 17.70 17.57 17.44 17.32 17.19 17.07 16.96 16.86 16.73 16.61 16.49 16.37 16.26 16.14 16.04 15.94 15.86 15.76 15.67 15.59 15.50 15.39 15.27 15.17 15.06 14.95 14.81 14.69 14.57 14.48 14.40 14.35 14.36 14.40 14.51 14.67 14.97 16.50 16.93 17.17 16.56 16.17 15.88 15.80 15.31 14.03 13.76 13.62 13.33 12.55 11.46 10.97 10.76 10.70 10.59 10.58 10.62 10.00 9.52 9.33 9.04 8.94 8.37
19.81 19.74 19.65 19.56 19.43 19.33 19.22 19.15 19.05 18.92 18.79 18.66 18.53 18.41 18.28 18.15 18.03 17.90 17.78 17.66 17.55 17.43 17.32 17.20 17.09 16.97 16.85 16.74 16.65 16.54 16.42 16.33 16.25 16.17 16.10 16.01 15.92 15.81 15.70 15.59 15.50 15.40 15.29 15.19 15.10 15.03 14.96 14.92 14.93 14.97 15.08 15.19 15.35 16.78 17.50 16.99 17.51 17.62 17.42 16.82 15.77 14.37 14.46 14.13 13.90 13.44 12.62 11.71 11.21 10.92 10.78 10.79 10.77 10.09 9.67 9.40 8.88 8.77 8.54
20.17 20.10 19.99 19.88 19.76 19.66 19.56 19.50 19.40 19.27 19.14 19.01 18.89 18.77 18.63 18.50 18.38 18.25 18.14 18.03 17.91 17.79 17.67 17.57 17.45 17.34 17.24 17.14 17.02 16.92 16.82 16.74 16.66 16.58 16.49 16.42 16.33 16.23 16.13 16.05 15.95 15.85 15.77 15.68 15.60 15.54 15.48 15.46 15.47 15.51 15.59 15.67 15.80 16.30 17.25 17.11 17.85 18.07 17.69 17.48 16.50 14.84 15.00 15.06 14.40 14.09 13.59 12.60 11.74 11.30 11.10 11.06 10.90 10.21 10.00 9.63 9.20 8.82 8.73
20.54 20.47 20.35 20.23 20.10 19.99 19.90 19.85 19.77 19.63 19.51 19.38 19.26 19.11 18.98 18.86 18.75 18.63 18.52 18.41 18.28 18.16 18.05 17.95 17.85 17.74 17.64 17.52 17.41 17.32 17.24 17.16 17.08 16.99 16.92 16.84 16.74 16.66 16.58 16.50 16.42 16.33 16.24 16.16 16.10 16.04 16.00 15.98 15.99 15.99 16.04 16.08 16.18 16.65 16.59 17.19 17.91 17.33 18.01 17.71 17.23 15.54 15.23 15.18 14.96 14.68 14.20 13.14 12.34 11.84 11.62 11.69 11.29 10.54 10.49 10.25 10.02 9.50 9.38
20.89 20.81 20.70 20.60 20.46 20.35 20.25 20.21 20.13 20.00 19.87 19.76 19.62 19.46 19.34 19.23 19.14 19.02 18.89 18.77 18.65 18.52 18.42 18.34 18.24 18.14 18.02 17.91 17.82 17.72 17.65 17.58 17.50 17.41 17.33 17.25 17.18 17.09 17.02 16.96 16.89 16.80 16.72 16.64 16.58 16.53 16.49 16.46 16.44 16.46 16.46 16.48 16.49 16.75 16.82 16.83 17.61 17.84 17.63 17.29 16.69 16.60 16.53 15.85 15.58 15.16 14.77 13.93 13.07 12.29 11.92 12.10 11.21 10.86 10.68 10.50 10.37 10.35 10.12
21.24 21.17 21.08 20.96 20.81 20.71 20.63 20.59 20.50 20.36 20.22 20.10 19.98 19.85 19.73 19.62 19.50 19.37 19.26 19.14 19.02 18.90 18.80 18.71 18.62 18.51 18.41 18.31 18.21 18.13 18.05 17.96 17.89 17.82 17.74 17.66 17.59 17.52 17.46 17.39 17.32 17.25 17.18 17.10 17.04 16.97 16.93 16.90 16.89 16.88 16.88 16.86 16.83 16.86 17.29 17.42 17.25 18.35 19.06 18.58 18.19 18.00 17.53 16.89 16.28 15.80 15.28 14.79 13.83 12.88 12.56 11.93 11.75 11.50 11.19 11.23 11.02 10.85 10.15
21.59 21.53 21.44 21.33 21.20 21.09 21.00 20.94 20.85 20.72 20.60 20.49 20.36 20.23 20.10 19.98 19.87 19.75 19.63 19.51 19.38 19.27 19.17 19.08 19.01 18.90 18.80 18.70 18.61 18.52 18.44 18.37 18.30 18.21 18.14 18.07 18.01 17.94 17.88 17.81 17.76 17.69 17.62 17.56 17.48 17.43 17.39 17.36 17.32 17.30 17.26 17.24 17.20 17.13 17.18 17.43 17.35 17.52 18.53 19.67 19.53 19.05 18.50 17.55 17.01 16.63 15.96 15.34 14.53 13.05 12.37 12.16 12.46 12.20 12.02 11.73 11.69 11.13 10.39
21.97 21.91 21.83 21.72 21.57 21.46 21.37 21.30 21.22 21.11 20.99 20.86 20.73 20.60 20.48 20.35 20.25 20.11 20.00 19.88 19.76 19.66 19.55 19.46 19.38 19.29 19.21 19.11 19.01 18.92 18.84 18.77 18.70 18.64 18.57 18.49 18.41 18.35 18.29 18.25 18.20 18.13 18.05 17.98 17.91 17.88 17.83 17.77 17.73 17.67 17.66 17.60 17.54 17.46 17.35 17.32 17.54 17.52 17.53 19.67 19.51 19.18 18.92 18.18 17.73 17.02 16.33 15.70 14.24 13.19 12.61 12.90 12.67 12.52 12.63 12.24 12.06 11.76 11.06
22.37 22.30 22.20 22.08 21.95 21.86 21.74 21.68 21.59 21.49 21.38 21.25 21.12 20.98 20.85 20.72 20.61 20.49 20.39 20.26 20.14 20.03 19.93 19.86 19.78 19.69 19.60 19.50 19.41 19.33 19.26 19.20 19.11 19.04 18.96 18.89 18.83 18.77 18.72 18.67 18.61 18.55 18.50 18.43 18.36 18.29 18.24 18.19 18.14 18.08 18.02 17.95 17.87 17.78 17.68 17.53 17.46 17.74 17.38 18.13 18.86 18.86 19.17 18.70 18.30 17.46 16.97 15.94 14.44 13.31 13.08 13.06 13.21 13.18 12.95 12.34 12.35 12.32 12.00
22.77 22.70 22.60 22.47 22.33 22.22 22.12 22.06 22.00 21.89 21.77 21.63 21.50 21.37 21.25 21.12 20.99 20.87 20.75 20.64 20.54 20.42 20.34 20.24 20.15 20.06 19.99 19.93 19.84 19.75 19.66 19.58 19.50 19.45 19.38 19.31 19.24 19.18 19.14 19.09 19.05 18.98 18.91 18.82 18.76 18.70 18.65 18.60 18.54 18.47 18.39 18.32 18.23 18.11 17.99 17.82 17.65 17.60 18.03 17.87 18.10 18.63 19.35 19.53 18.60 18.03 17.63 15.68 14.63 14.06 13.32 12.90 13.02 13.19 13.29 12.85 12.89 12.75 12.37
23.16 23.10 22.99 22.86 22.73 22.61 22.50 22.45 22.38 22.28 22.15 22.02 21.89 21.75 21.63 21.51 21.37 21.25 21.13 21.02 20.92 20.82 20.74 20.64 20.54 20.46 20.39 20.32 20.25 20.16 20.07 19.97 19.90 19.82 19.78 19.74 19.68 19.62 19.54 19.48 19.44 19.40 19.32 19.25 19.17 19.11 19.04 18.99 18.94 18.88 18.77 18.67 18.55 18.44 18.30 18.16 17.95 17.73 17.75 18.34 17.97 18.71 19.75 19.72 18.75 18.34 16.89 15.93 15.62 14.57 13.61 13.23 13.41 13.61 13.94 13.74 13.52 12.77 12.32
23.54 23.48 23.37 23.27 23.13 23.02 22.89 22.84 22.77 22.67 22.55 22.42 22.28 22.15 22.03 21.90 21.77 21.64 21.52 21.41 21.30 21.23 21.14 21.05 20.96 20.88 20.79 20.71 20.65 20.55 20.46 20.37 20.31 20.25 20.19 20.16 20.10 20.03 19.96 19.89 19.84 19.79 19.72 19.67 19.61 19.53 19.45 19.39 19.33 19.26 19.17 19.06 18.92 18.78 18.62 18.45 18.24 17.99 17.89 18.40 18.30 18.38 18.77 18.97 18.86 17.66 16.79 16.16 15.68 15.16 14.40 13.77 13.24 13.34 13.76 13.48 13.83 13.69 12.62
