project/src/data/BOM_climate/monthly_mean_rainfall/raindec.txt
ncols 886
nrows 691
xllcenter 112.0000
yllcenter -44.5000
cellsize 0.0500
nodata_value 99999.90
[rows 272 to 305 of 691, columns 616 to 692 of 886]
53.39 51.26 50.76 50.21 49.53 49.18 49.35 49.20 49.38 49.80 49.26 49.13 48.80 47.76 47.75 48.03 48.35 47.55 47.41 48.27 48.43 48.56 49.00 49.83 50.82 51.96 51.89 52.67 53.79 55.16 55.51 56.55 57.17 57.67 58.56 59.57 60.78 62.13 63.52 65.13 66.63 68.64 70.05 71.25 72.50 73.64 74.21 74.35 74.08 74.01 73.57 72.92 72.14 71.55 70.92 70.27 69.72 69.89 68.97 68.65 69.20 70.29 70.31 69.68 68.45 67.77 67.30 67.31 68.94 70.54 70.16 69.58 69.66 70.13 71.40 72.33 73.47
53.67 51.97 50.58 50.07 49.67 49.26 49.09 49.33 49.63 49.67 49.49 48.91 48.68 48.32 47.33 47.40 47.93 47.34 46.99 47.57 47.93 48.18 49.10 50.18 51.58 52.31 52.18 52.98 53.73 55.24 55.66 56.61 57.12 58.08 58.67 59.77 61.20 62.50 64.09 65.47 67.19 68.71 70.20 71.37 72.71 74.06 74.98 75.19 74.82 74.63 74.26 73.63 72.55 71.88 71.35 70.37 69.72 69.33 69.04 69.24 71.06 72.79 73.09 71.38 70.31 69.07 68.42 68.28 69.30 71.05 72.23 71.32 71.32 71.23 72.67 73.60 74.08
53.01 52.05 51.02 50.64 50.09 49.54 48.99 49.21 49.45 49.70 49.58 48.66 48.08 48.10 47.51 46.54 46.82 46.73 46.51 46.78 47.12 47.82 49.40 50.64 51.76 52.50 52.39 53.26 53.94 55.05 55.97 57.08 57.59 58.72 59.09 60.10 61.74 63.13 64.43 65.47 66.74 68.48 70.16 71.28 72.63 74.16 75.38 75.83 75.30 75.05 74.39 73.48 72.98 71.91 70.80 70.36 70.01 69.79 70.12 69.70 70.84 73.08 74.95 73.87 72.52 70.69 69.70 69.33 69.73 71.38 73.26 73.89 73.28 72.61 73.33 73.87 73.95
51.97 51.73 50.96 50.37 49.81 49.42 49.06 48.95 49.22 49.50 49.31 48.43 47.72 47.67 47.04 46.08 46.19 46.22 45.99 46.09 46.67 47.49 48.55 49.87 51.14 52.50 52.46 53.39 54.55 55.04 56.16 57.52 58.31 59.07 59.80 60.98 62.35 63.10 63.95 64.79 66.19 67.86 69.61 71.08 72.39 73.68 74.95 75.31 75.19 74.59 73.76 73.11 72.35 71.55 71.12 70.92 70.42 70.28 70.71 70.62 70.61 72.25 74.90 76.32 73.59 72.11 71.14 70.40 70.39 71.55 72.92 74.19 75.04 73.53 73.23 72.98 74.03
51.93 51.19 50.75 50.24 50.20 50.07 49.14 48.99 49.41 49.55 49.08 48.52 47.38 46.76 46.17 45.60 45.44 45.49 45.33 45.54 46.38 47.38 48.32 49.78 51.19 52.42 52.63 53.04 54.50 55.69 56.72 57.58 57.98 58.44 59.58 60.91 61.84 62.50 63.27 64.15 65.72 67.11 68.79 70.12 71.81 72.93 73.81 74.38 74.64 74.09 73.46 72.62 71.83 71.09 70.56 69.93 69.78 69.95 70.58 71.33 71.02 72.24 74.74 76.89 75.72 73.69 72.67 71.75 71.16 71.60 72.50 73.95 76.01 74.00 72.80 72.65 74.27
51.60 51.17 50.77 50.70 50.44 50.07 49.47 49.09 49.96 49.90 49.36 48.44 47.33 46.37 45.73 45.19 45.00 44.83 44.99 45.50 46.27 47.36 47.92 49.06 50.43 51.82 52.88 53.40 54.18 55.84 57.14 57.02 57.51 58.53 59.93 60.85 61.27 61.95 63.08 63.69 65.13 66.34 68.04 68.99 70.49 71.45 72.44 73.10 73.16 72.82 72.46 72.11 71.37 70.56 70.26 69.97 69.69 69.82 70.23 71.54 71.84 72.55 74.44 76.42 77.88 75.96 74.06 73.36 72.33 71.91 72.81 74.55 75.54 74.32 72.76 72.16 74.09
51.95 51.67 51.66 50.79 50.96 50.45 49.60 48.89 49.40 49.80 49.36 48.15 47.19 46.28 45.43 45.15 45.35 44.93 45.24 45.35 46.25 47.18 48.07 49.12 49.90 51.65 53.18 54.09 54.75 55.95 57.09 57.31 57.34 58.57 59.40 60.35 61.05 61.43 62.49 63.36 64.18 65.52 66.89 67.73 68.96 70.10 71.45 72.54 72.55 71.87 71.47 71.14 70.63 69.89 69.63 69.63 69.68 69.84 70.53 72.15 72.83 73.41 74.52 76.33 78.79 78.26 75.96 74.50 73.83 72.59 72.85 73.62 74.88 74.51 72.88 71.63 72.63
52.32 52.22 52.09 50.47 50.05 49.52 48.96 48.55 48.89 49.30 48.91 47.81 46.81 46.06 45.55 45.39 45.56 45.34 45.28 45.63 45.67 46.92 48.62 49.68 50.20 51.29 52.63 54.38 55.28 56.46 57.33 57.69 57.62 58.02 58.88 59.70 60.85 61.05 61.79 62.66 63.41 64.74 65.56 66.78 68.54 69.91 70.57 71.59 71.80 71.22 70.73 70.47 70.08 69.32 68.98 69.04 69.59 70.29 70.82 72.13 73.38 74.45 75.53 76.88 78.52 79.60 77.68 76.11 75.08 73.84 72.98 73.00 73.99 74.03 72.46 71.44 71.83
52.86 52.01 50.89 50.15 49.38 48.86 48.20 48.18 49.08 48.75 47.99 47.32 46.63 46.40 46.36 46.27 46.40 46.51 45.89 45.78 45.98 47.09 48.77 50.40 51.07 51.98 53.52 54.45 54.86 56.10 57.13 57.64 57.88 58.19 59.01 60.13 60.61 60.91 61.16 61.77 62.76 63.67 64.68 66.65 67.83 69.30 70.19 70.84 71.39 71.04 70.23 70.00 69.50 68.79 68.18 68.40 69.23 70.55 71.50 72.69 74.08 75.42 77.19 77.84 78.41 79.71 79.00 77.68 76.64 74.62 73.89 73.63 73.73 73.46 73.71 71.73 71.30
54.17 52.29 51.29 50.22 49.65 48.66 47.75 47.69 48.75 48.05 47.20 46.82 46.71 46.76 46.97 47.14 47.16 47.46 47.41 47.24 47.25 47.69 48.92 50.55 51.95 53.38 54.14 54.31 54.74 56.13 56.80 58.27 58.62 58.55 58.89 59.62 60.38 60.36 60.64 61.36 61.93 62.67 63.82 65.18 66.50 67.97 69.48 70.15 70.86 71.19 70.33 69.69 69.29 68.96 67.50 67.86 69.14 70.49 72.01 73.42 74.99 76.43 77.85 78.37 78.25 79.38 80.54 80.32 77.19 75.70 74.87 74.78 74.97 73.28 72.53 72.84 71.57
52.42 51.54 50.93 49.60 48.96 47.94 47.23 47.12 48.12 47.58 47.01 46.58 46.73 46.95 47.16 47.18 47.34 47.70 48.31 48.80 49.16 49.30 49.83 51.03 52.55 54.17 54.55 54.60 54.94 56.17 56.79 58.42 58.85 58.83 59.06 59.92 59.98 59.89 60.29 60.91 61.70 62.70 63.61 64.80 65.83 67.29 68.56 69.61 70.65 71.41 71.01 70.14 69.71 69.22 68.26 68.07 69.61 71.14 72.45 73.89 75.07 76.38 77.91 79.49 79.73 78.78 80.23 81.42 79.01 77.05 76.11 76.02 76.25 74.16 73.11 74.02 71.88
51.61 50.48 49.94 50.32 49.46 48.07 47.21 46.42 47.07 47.17 46.66 46.36 46.52 46.74 47.00 47.44 47.90 48.34 48.83 49.23 49.58 49.63 50.43 51.77 53.23 53.80 54.46 54.96 55.28 56.38 56.99 58.56 59.06 58.92 59.39 59.49 59.37 59.65 60.31 60.80 61.64 62.83 63.60 64.67 65.76 66.91 68.42 69.73 70.72 71.39 71.59 70.97 70.62 70.32 70.06 69.66 70.57 72.07 73.38 74.05 75.15 76.35 77.51 78.90 80.96 80.72 79.32 79.96 80.87 79.06 78.29 77.00 76.84 75.45 74.05 73.93 72.49
49.87 49.40 48.72 49.42 49.04 47.51 46.66 45.98 45.74 46.09 45.96 45.97 46.34 46.83 47.32 47.69 48.20 48.82 48.98 49.28 49.68 50.20 51.11 52.38 53.30 53.70 54.36 55.28 55.67 56.40 57.23 58.30 58.66 59.22 59.27 59.18 59.19 59.47 60.26 60.67 61.29 62.36 63.64 64.77 65.68 66.71 68.30 69.74 70.86 71.39 71.41 71.28 71.17 71.04 70.95 70.98 71.55 72.65 74.40 74.53 75.62 76.68 77.65 78.76 80.37 82.31 80.80 79.57 80.75 81.09 81.61 80.26 78.08 77.08 75.36 74.87 74.00
48.60 48.09 47.91 48.46 47.69 47.45 46.83 45.97 45.51 45.09 45.10 45.48 46.22 46.92 47.65 48.51 48.42 48.83 49.19 49.86 50.49 51.31 51.87 52.90 53.41 53.86 54.65 55.28 56.12 56.64 57.25 58.07 59.12 59.40 59.28 59.46 59.49 59.60 59.84 60.19 60.75 61.44 62.83 64.70 65.74 66.72 68.25 69.60 70.87 71.35 71.56 71.72 72.06 72.54 72.41 72.22 72.67 73.56 74.38 75.61 76.42 77.68 78.20 79.02 80.82 82.50 83.05 80.82 80.17 80.44 81.03 82.40 80.54 78.08 77.50 76.04 75.00
47.74 47.45 47.06 46.96 46.52 46.38 45.93 45.56 45.15 44.63 44.41 45.12 45.98 46.89 47.67 48.43 48.64 49.31 49.78 50.03 50.76 51.71 52.62 53.34 53.73 54.08 54.77 55.51 56.08 56.63 57.33 58.23 58.90 59.11 59.20 59.36 59.56 59.55 59.94 60.20 60.90 61.32 61.97 63.89 65.97 67.03 68.37 69.78 70.97 71.92 72.38 72.82 73.25 73.57 73.66 73.85 74.21 74.99 75.57 76.71 77.57 78.20 79.06 79.74 80.40 81.54 80.98 80.87 81.51 81.29 81.09 80.90 81.98 79.64 79.33 77.08 77.34
47.68 47.30 47.34 47.80 46.84 46.33 45.46 44.51 44.27 43.62 44.11 45.14 45.48 46.11 46.96 47.97 48.53 49.31 50.10 50.20 50.86 51.82 52.77 52.87 53.42 54.24 54.88 55.51 56.24 56.88 57.99 58.81 59.25 59.05 58.88 59.13 59.47 59.45 59.83 60.37 60.94 61.46 62.13 64.10 66.16 67.11 68.51 70.32 71.49 72.62 73.66 74.14 74.54 75.22 75.35 75.70 75.82 76.18 76.71 77.36 78.07 78.50 79.12 79.56 80.00 81.25 81.90 81.74 83.90 83.62 81.53 80.01 81.53 82.75 80.01 78.23 78.46
48.36 47.72 47.74 48.59 47.21 46.69 45.81 44.59 43.54 43.02 44.00 45.71 46.45 46.11 46.26 46.89 47.80 48.82 49.64 49.79 50.60 51.52 52.08 52.50 53.39 54.07 54.90 55.62 56.70 57.76 57.40 58.12 58.71 58.86 58.46 58.46 58.81 59.15 59.78 60.70 61.24 61.69 62.82 64.38 66.36 67.57 68.69 70.31 71.92 73.10 74.57 75.25 75.76 76.77 77.01 77.01 76.93 77.32 77.53 77.86 78.46 78.84 79.19 79.77 80.38 82.00 83.46 82.30 83.45 84.57 82.26 79.27 80.99 82.76 81.95 81.16 80.04
48.11 47.72 47.02 47.16 47.41 46.63 45.90 44.41 42.74 42.48 43.70 45.76 47.12 46.05 45.90 46.30 46.98 47.83 48.89 49.47 50.01 50.29 51.28 51.95 53.07 54.05 54.90 55.94 56.77 56.91 57.45 57.39 57.66 57.98 58.19 58.11 58.63 58.96 59.54 60.74 61.39 62.02 63.40 64.91 66.69 67.83 68.70 69.98 71.66 73.42 74.88 75.88 76.39 77.43 77.71 77.89 77.91 78.04 78.19 78.32 78.49 79.19 79.51 79.62 80.62 82.13 81.08 82.47 81.23 82.25 82.14 79.25 79.81 80.43 80.62 82.07 82.23
47.37 46.87 46.56 46.20 45.49 44.66 44.34 42.91 41.82 42.46 43.71 46.05 47.02 47.33 45.55 45.77 46.70 47.45 48.25 48.66 48.85 49.28 50.39 51.71 52.43 53.60 54.85 55.60 55.94 56.33 56.70 56.89 57.31 57.23 57.74 58.00 58.40 59.03 59.49 60.47 61.31 62.43 63.85 65.21 66.81 67.75 68.85 70.13 71.25 72.97 74.79 76.32 76.73 77.48 77.96 78.28 78.56 79.22 79.13 79.35 79.21 79.18 79.41 79.38 79.26 80.14 79.29 79.53 80.31 79.41 80.78 79.60 78.78 79.29 79.51 80.60 82.29
47.05 46.48 47.04 46.17 44.77 43.74 43.04 41.87 41.16 42.09 43.14 44.67 46.73 46.95 45.69 45.70 46.47 47.53 47.79 47.56 47.79 48.50 49.24 50.83 51.44 52.57 53.74 54.42 54.66 55.14 55.92 56.10 56.84 56.76 56.94 57.51 58.06 58.94 59.69 60.78 61.51 62.62 64.23 65.91 66.81 67.83 69.18 70.43 71.25 72.59 74.36 76.16 77.05 77.24 77.82 78.53 78.43 78.74 78.90 79.05 79.02 78.77 78.54 78.27 78.29 78.13 78.28 79.21 79.18 78.60 79.26 79.01 78.82 79.43 79.88 79.71 81.19
46.92 46.49 47.37 45.95 44.90 43.60 42.35 41.35 40.87 42.27 43.91 44.03 45.06 47.66 47.71 47.35 48.52 47.11 47.37 47.13 47.19 47.42 48.33 49.77 50.19 51.15 52.26 52.91 53.53 54.06 54.88 55.65 56.34 56.28 56.58 57.40 58.15 58.93 59.98 61.31 62.26 63.24 64.66 66.32 67.20 68.06 69.54 70.75 71.44 72.49 73.99 75.42 76.87 77.17 77.29 78.03 78.18 78.12 78.22 78.43 78.33 77.96 77.36 77.01 77.05 77.18 77.72 77.67 78.22 79.21 81.75 81.71 80.83 80.62 81.02 80.92 81.47
47.29 46.60 46.31 45.36 44.39 43.34 41.99 40.86 41.09 42.06 42.90 43.56 43.92 46.11 46.91 48.31 50.54 47.93 46.26 46.47 46.94 47.22 47.60 48.31 49.10 49.94 50.75 51.44 52.20 53.12 53.77 54.60 55.65 56.02 56.54 57.46 58.62 60.51 62.10 62.39 62.81 63.72 65.36 66.81 67.68 68.44 69.67 70.83 71.61 72.22 73.51 74.66 76.01 76.62 76.61 77.51 78.19 78.02 77.52 77.39 77.10 76.81 76.41 76.39 76.59 76.54 77.12 77.71 78.36 79.04 80.23 80.54 80.28 80.95 81.19 81.06 82.13
48.45 47.57 46.13 44.97 43.84 42.95 41.51 41.46 42.09 42.17 42.23 43.75 44.31 44.66 46.05 48.30 48.97 47.13 45.79 45.91 46.14 46.79 46.92 47.58 48.54 49.31 49.73 50.38 51.92 52.66 53.15 54.42 55.61 56.05 56.61 57.69 60.09 61.93 64.43 64.39 63.45 64.24 66.06 67.17 67.77 68.58 69.86 70.96 71.63 71.82 72.72 73.64 74.25 75.10 75.84 76.29 76.86 77.46 76.83 76.38 76.65 76.42 76.01 75.25 75.59 76.14 76.61 77.77 78.74 79.81 80.54 80.37 80.71 80.28 81.20 82.83 81.16
48.12 46.79 45.91 45.10 43.94 42.73 41.93 41.60 41.61 41.82 42.47 44.28 46.39 46.83 47.40 48.37 49.07 47.21 45.29 45.26 45.94 46.16 46.24 47.43 48.35 49.17 49.56 50.44 52.78 53.03 53.04 54.40 55.80 56.21 56.82 58.28 62.05 65.10 66.64 66.13 65.04 65.01 66.13 66.89 68.03 68.89 70.16 70.99 71.62 71.89 72.10 72.69 73.29 73.42 74.42 75.20 75.68 75.79 75.52 75.40 75.96 76.87 74.81 74.61 74.71 76.38 76.42 76.47 77.88 80.19 81.77 81.22 82.11 80.50 79.72 80.37 80.87
48.72 46.97 45.47 44.59 43.71 42.82 42.46 41.83 41.90 42.14 42.41 44.28 45.68 45.66 46.37 46.58 47.42 45.17 44.41 44.22 44.92 45.61 45.75 46.66 47.64 49.07 50.30 50.50 53.95 53.81 53.34 54.87 56.40 56.74 57.39 59.09 62.35 65.76 66.02 67.30 67.22 65.59 66.25 67.68 68.67 69.19 69.95 71.15 71.72 71.52 71.71 72.46 72.89 72.52 73.01 73.81 73.92 73.94 73.98 74.44 75.75 75.78 73.24 73.87 73.85 75.67 75.58 76.16 77.41 79.35 79.97 79.50 80.04 79.86 80.06 79.54 80.65
48.05 46.85 45.33 44.22 43.10 42.70 42.26 41.98 42.00 42.32 42.88 44.09 44.32 44.46 44.13 45.80 45.69 44.17 43.54 43.54 43.82 44.54 45.27 46.25 47.48 49.18 49.80 51.03 54.09 54.32 55.77 58.30 58.37 57.67 58.41 60.32 63.20 64.77 66.39 66.69 66.76 66.81 67.41 68.03 68.22 69.06 69.95 71.07 71.15 70.97 71.45 72.24 72.72 71.69 72.17 72.53 72.76 72.24 72.38 74.25 74.22 73.24 71.97 72.16 72.80 73.88 74.70 75.19 75.97 77.95 77.89 77.61 77.43 78.21 79.34 79.92 79.77
45.74 45.05 43.89 43.10 42.44 42.12 41.70 41.42 41.38 42.00 42.70 42.99 43.14 43.09 42.73 45.75 43.64 43.27 42.44 42.41 42.76 43.89 44.84 45.86 47.58 48.33 51.11 52.62 53.61 56.29 57.34 58.54 59.75 59.41 59.29 61.15 63.28 64.31 66.04 66.09 67.09 68.79 68.22 67.83 68.15 69.54 70.19 71.14 70.73 70.60 71.09 71.88 72.00 71.06 70.92 70.88 70.77 70.48 70.93 71.95 71.20 70.95 71.62 71.73 72.27 73.17 73.80 74.00 74.46 75.57 75.65 75.13 75.27 75.77 76.72 77.59 77.73
44.48 43.49 42.40 41.85 41.44 41.27 40.85 40.53 40.62 41.34 41.73 41.81 42.60 41.68 42.60 44.14 42.80 41.73 41.55 41.39 42.16 43.63 44.61 45.56 46.60 48.00 50.47 52.12 52.66 55.22 56.50 58.50 58.27 57.97 59.90 60.99 63.22 63.43 64.68 65.57 66.46 68.32 67.74 67.52 68.42 70.12 70.51 70.57 70.37 70.04 70.60 71.39 70.96 70.56 70.74 69.97 69.75 69.60 69.36 69.63 69.88 68.93 69.37 69.89 70.45 71.36 72.37 72.22 72.50 73.43 73.67 73.31 73.33 73.86 75.26 75.81 77.67
42.02 41.53 41.03 40.75 40.44 40.23 40.15 40.03 39.89 40.30 40.63 41.04 41.25 40.53 41.28 41.95 40.78 40.46 40.54 41.07 42.11 43.24 44.39 45.53 46.61 47.49 48.99 51.33 54.22 55.66 55.39 57.08 57.34 58.03 59.04 60.81 62.86 62.80 64.58 64.45 66.16 67.96 67.79 67.97 70.64 70.33 71.13 71.81 71.11 69.66 69.99 70.79 70.70 69.82 70.51 69.27 68.68 69.00 68.63 69.38 68.40 66.87 66.85 67.63 68.68 69.77 70.41 70.20 70.24 70.14 71.08 71.49 71.93 72.82 74.06 74.12 75.60
39.96 39.81 39.71 39.61 39.47 39.38 39.36 39.37 38.91 39.15 39.38 39.21 39.82 39.59 39.46 39.42 39.34 39.58 40.05 40.87 41.92 43.32 44.59 45.89 46.92 47.67 48.35 50.76 53.43 53.83 55.68 56.28 55.87 57.29 58.90 60.91 62.46 62.42 62.89 63.75 65.67 67.08 67.85 67.93 69.47 69.51 70.72 70.84 69.81 69.34 69.78 70.21 70.43 69.61 69.72 68.56 68.40 68.82 69.10 68.48 66.50 65.38 65.97 67.05 67.82 68.37 68.44 67.79 67.32 66.70 67.58 69.12 70.56 71.16 72.22 72.37 73.73
38.09 38.20 38.32 38.39 38.59 38.71 38.42 38.29 37.89 37.92 37.83 37.97 38.44 38.26 38.29 38.46 38.83 39.38 40.04 40.78 41.80 42.81 44.26 46.82 49.27 50.08 49.32 50.02 51.56 53.71 53.44 54.25 55.82 57.78 59.88 60.22 61.57 61.91 62.08 63.91 65.19 65.87 66.12 66.54 67.35 68.35 69.62 69.54 69.56 69.40 69.91 70.01 70.01 69.62 69.42 68.33 68.74 69.14 68.81 67.16 65.87 65.67 66.31 66.88 67.61 67.00 66.48 66.15 65.50 65.29 65.98 67.35 68.78 69.60 70.25 70.48 71.57
36.46 36.68 36.90 37.33 37.62 37.46 37.27 37.11 36.62 36.45 36.44 36.65 36.88 37.19 37.65 38.19 38.75 39.27 39.92 40.58 41.61 42.63 43.80 45.96 49.36 49.08 49.74 51.77 51.81 51.83 53.94 55.65 56.92 57.79 58.94 59.32 60.78 61.11 61.10 62.65 63.95 64.01 65.38 65.36 67.42 68.64 69.05 69.94 70.58 70.02 69.86 70.29 70.15 69.88 69.20 68.64 69.57 68.87 68.10 66.42 65.84 66.01 66.52 66.95 66.66 65.90 65.32 64.87 64.39 64.33 64.66 65.56 67.09 67.97 68.47 69.37 70.70
34.86 35.14 35.49 35.97 36.13 36.21 36.16 36.12 35.81 35.58 35.54 35.98 36.42 37.44 38.03 38.33 38.89 39.62 40.23 40.56 41.29 42.70 44.75 46.39 48.28 47.76 49.99 50.14 50.19 52.97 55.00 55.64 56.12 56.89 58.04 58.73 59.48 60.04 60.55 62.48 63.33 63.46 63.49 65.83 67.82 69.02 68.80 69.47 69.11 69.05 69.67 69.81 70.13 69.81 69.57 68.91 69.46 68.27 67.28 66.13 66.12 66.11 66.34 66.33 65.75 65.15 64.43 64.03 63.83 64.04 64.30 64.73 65.80 66.85 67.19 68.06 69.24
33.41 33.74 34.15 34.50 34.80 35.10 35.32 35.32 35.42 35.28 35.68 36.11 36.80 38.16 38.64 38.52 39.24 39.97 40.63 40.83 41.16 42.20 44.41 45.94 46.25 46.75 47.90 49.59 51.41 53.36 54.04 54.63 55.23 55.88 57.12 58.01 58.33 58.35 60.17 61.00 62.19 62.64 62.36 64.52 66.31 67.51 66.64 66.81 67.31 68.36 69.15 70.37 71.11 69.98 69.89 69.30 68.75 67.61 66.78 66.46 66.15 66.13 66.54 65.80 65.08 64.61 63.98 63.78 63.95 64.17 64.39 64.59 65.47 66.03 66.11 66.86 67.94
