project/src/data/BOM_climate/monthly_mean_rainfall/rainoct.txt
ncols 886
nrows 691
xllcenter 112.0000
yllcenter -44.5000
cellsize 0.0500
nodata_value 99999.90
[rows 245 to 279 of 691, columns 395 to 473 of 886]
19.42 19.60 19.39 19.22 19.29 19.40 19.60 19.58 19.36 19.07 18.99 18.81 18.76 18.85 18.61 18.50 18.48 18.45 18.48 18.80 19.73 19.26 18.89 19.04 19.70 18.91 18.07 17.87 17.67 17.60 17.62 17.56 17.53 17.54 17.60 17.63 17.69 17.78 17.90 18.02 18.15 18.20 18.26 18.32 18.38 18.44 18.53 18.44 18.36 18.29 18.18 18.05 17.59 16.81 16.11 15.56 15.06 14.67 14.29 14.07 13.72 13.54 13.50 13.55 13.68 13.98 14.57 14.35 14.34 14.44 14.51 14.78 15.16 15.41 15.88 16.29 15.98 15.67 15.70
19.64 19.82 19.76 19.45 19.54 19.32 19.57 19.54 19.38 19.24 19.36 19.08 18.88 19.05 18.81 18.83 18.64 18.56 18.63 18.67 19.07 20.10 19.40 19.10 19.14 19.51 19.15 18.25 17.91 17.77 17.72 17.64 17.56 17.61 17.66 17.68 17.74 17.85 17.95 18.04 18.19 18.31 18.38 18.47 18.59 18.72 18.72 18.63 18.51 18.46 18.34 17.95 17.46 16.83 16.19 15.52 15.01 14.76 14.22 14.05 13.57 13.36 13.44 13.50 13.51 13.60 13.98 14.35 14.77 14.87 14.65 14.91 15.48 15.98 16.13 15.95 15.98 15.88 15.80
19.37 19.69 19.62 19.41 19.32 19.40 19.25 19.22 19.16 19.02 19.24 19.26 19.15 19.20 19.09 18.85 18.70 18.75 18.77 18.84 18.87 19.35 19.85 19.60 19.12 18.88 19.26 19.10 18.50 17.95 17.81 17.66 17.64 17.66 17.68 17.74 17.80 17.89 17.99 18.13 18.31 18.47 18.56 18.65 18.80 18.98 18.93 18.88 18.73 18.60 18.45 18.00 17.44 16.83 16.16 15.54 15.06 14.71 14.46 13.98 13.52 13.24 13.41 13.41 13.46 13.57 13.69 13.96 14.25 14.62 14.77 15.36 15.88 16.27 15.83 15.91 16.17 16.34 15.95
19.30 19.49 19.44 19.22 19.21 19.19 19.16 19.19 19.16 19.00 19.06 19.22 18.93 18.87 19.14 18.91 18.67 18.90 19.08 18.96 18.90 19.00 19.14 19.51 19.41 19.29 19.25 18.72 18.26 18.08 17.88 17.70 17.69 17.72 17.72 17.77 17.84 17.95 18.07 18.26 18.49 18.64 18.75 18.87 19.08 19.27 19.13 19.18 19.05 18.77 18.56 18.13 17.65 16.97 16.30 15.67 15.19 14.71 14.45 14.07 13.61 13.13 12.95 13.05 13.22 13.48 13.89 14.24 14.38 14.58 14.81 15.16 15.82 16.49 16.84 16.56 16.68 16.45 16.55
19.20 19.33 19.55 19.47 19.38 19.14 19.13 19.12 19.05 19.05 19.02 18.96 18.84 18.75 18.77 18.67 18.60 18.80 18.89 18.76 18.78 18.97 19.15 19.34 19.62 19.96 19.46 18.89 18.68 18.19 17.91 17.87 17.76 17.71 17.73 17.81 17.89 18.00 18.17 18.44 18.66 18.84 19.03 19.15 19.30 19.46 19.42 19.51 19.47 19.17 18.80 18.39 17.86 17.20 16.59 15.90 15.43 14.91 14.57 14.10 13.42 12.79 12.76 13.08 13.44 13.70 14.27 14.57 14.64 14.85 15.04 15.31 15.73 16.82 17.16 17.29 17.56 16.97 16.85
19.20 19.21 19.26 19.27 19.20 19.18 19.22 19.16 19.07 19.04 18.99 18.87 18.78 18.70 18.67 18.64 18.59 18.62 18.70 18.99 18.74 19.10 19.57 19.44 19.56 19.77 19.71 19.96 18.75 18.33 18.14 18.14 17.79 17.69 17.74 17.86 17.97 18.15 18.38 18.66 18.93 19.08 19.28 19.43 19.57 19.74 19.79 19.84 19.90 19.55 19.15 18.76 18.31 17.64 16.99 16.28 15.81 15.30 14.97 14.46 13.85 13.32 13.32 13.55 13.82 14.13 14.63 14.70 14.85 15.05 15.48 15.59 15.92 16.65 16.74 17.32 17.91 17.39 17.13
19.16 19.15 19.15 19.16 19.20 19.19 19.19 19.11 19.08 19.07 18.99 18.89 18.77 18.71 18.68 18.64 18.65 18.67 18.73 18.72 18.50 18.58 18.65 18.83 19.12 19.30 19.41 19.94 19.32 18.72 18.27 18.40 17.82 17.74 17.83 18.00 18.16 18.37 18.64 18.93 19.18 19.39 19.62 19.82 19.98 20.08 20.18 20.13 20.21 19.93 19.60 19.19 18.61 17.99 17.30 16.77 16.31 15.87 15.57 14.96 14.46 14.20 14.18 14.36 14.50 14.68 14.81 14.98 15.28 15.44 15.80 16.03 16.24 16.53 16.69 16.88 17.57 17.66 17.99
19.16 19.13 19.14 19.17 19.21 19.22 19.22 19.14 19.11 19.06 18.99 18.90 18.79 18.73 18.70 18.69 18.64 18.61 18.61 18.65 18.63 18.56 18.66 18.73 18.64 18.69 18.82 19.64 19.10 18.82 18.45 18.42 17.90 17.87 18.00 18.18 18.52 18.66 18.96 19.23 19.49 19.74 19.97 20.20 20.40 20.53 20.61 20.63 20.71 20.35 19.98 19.49 19.00 18.46 17.83 17.39 16.94 16.56 16.22 15.78 15.29 14.95 15.02 15.11 15.11 15.19 15.27 15.51 15.58 15.92 16.15 16.58 16.76 17.10 16.95 16.92 17.07 17.19 18.00
19.14 19.14 19.14 19.16 19.21 19.26 19.24 19.19 19.13 19.08 19.01 18.91 18.83 18.81 18.76 18.71 18.69 18.67 18.69 18.69 18.63 18.57 18.65 18.65 18.62 18.67 18.76 18.79 18.66 18.67 18.58 18.86 18.10 18.18 18.40 18.57 18.82 19.04 19.30 19.58 19.87 20.15 20.39 20.63 20.87 21.01 21.12 21.15 21.14 20.77 20.36 19.92 19.46 18.93 18.50 18.08 17.75 17.42 17.06 16.58 16.08 15.89 15.88 15.70 15.67 15.71 15.80 15.81 16.04 16.28 16.47 16.73 17.40 17.55 17.05 17.00 17.12 17.32 17.66
19.12 19.14 19.13 19.15 19.20 19.27 19.30 19.27 19.22 19.09 19.05 18.98 18.91 18.88 18.88 18.82 18.78 18.75 18.81 18.78 18.71 18.66 18.72 18.68 18.68 18.72 18.77 18.79 18.66 18.52 18.47 18.59 18.56 18.66 18.95 19.14 19.31 19.49 19.73 19.97 20.29 20.59 20.86 21.13 21.36 21.55 21.70 21.75 21.57 21.29 20.94 20.63 20.15 19.70 19.29 18.84 18.55 18.33 17.89 17.28 17.01 16.88 16.85 16.64 16.39 16.38 16.28 16.30 16.52 16.70 16.90 17.02 17.29 17.40 17.21 17.36 17.87 17.37 17.44
19.13 19.14 19.13 19.16 19.22 19.30 19.52 19.48 19.43 19.32 19.27 19.20 19.12 19.09 19.13 19.08 19.17 19.02 18.96 18.96 18.96 18.88 18.89 18.86 18.83 18.87 18.96 18.92 18.83 18.80 18.74 18.82 18.86 18.97 19.11 19.34 19.58 19.86 20.16 20.44 20.76 21.07 21.36 21.63 21.91 22.13 22.32 22.30 22.13 21.90 21.70 21.51 20.99 20.84 20.05 19.67 19.38 19.09 18.69 18.32 18.05 17.92 17.69 17.37 17.24 17.08 17.13 17.14 17.01 16.76 17.06 16.99 17.07 17.43 17.13 17.20 17.45 17.34 17.67
19.16 19.17 19.63 19.87 20.03 19.97 19.63 19.44 19.31 19.29 19.28 19.23 19.19 19.14 19.11 19.05 19.04 19.06 19.02 19.01 19.04 19.04 19.17 19.19 19.11 19.15 19.07 19.05 19.03 19.09 19.15 19.36 19.66 19.69 19.87 20.39 20.74 20.53 20.64 20.93 21.26 21.58 21.90 22.21 22.51 22.75 22.94 22.95 22.81 22.65 22.66 22.39 21.87 21.58 21.02 20.48 20.21 20.12 19.77 19.47 19.09 18.56 18.28 18.00 17.80 17.70 17.60 17.42 17.19 17.04 17.21 17.33 17.08 17.32 17.33 17.81 17.68 17.56 17.72
19.31 19.63 20.39 19.50 19.48 19.47 19.47 19.40 19.33 19.32 19.32 19.32 19.29 19.24 19.22 19.17 19.15 19.14 19.12 19.12 19.14 19.21 19.18 19.15 19.22 19.29 19.34 19.32 19.32 19.36 19.43 19.59 19.99 20.12 20.35 20.53 20.67 20.90 21.16 21.43 21.80 22.12 22.50 22.78 23.08 23.35 23.48 23.49 23.44 23.57 24.13 23.61 22.97 22.46 21.78 21.39 21.06 20.98 20.80 20.17 19.69 19.14 19.00 18.61 18.24 18.07 17.85 17.72 17.67 17.62 17.48 17.41 17.33 17.35 17.55 17.86 17.79 17.87 18.24
19.30 20.18 19.43 19.33 19.38 19.45 19.42 19.42 19.38 19.36 19.33 19.31 19.33 19.31 19.35 19.32 19.34 19.37 19.33 19.35 19.36 19.38 19.37 19.42 19.51 19.68 19.70 19.69 19.68 19.73 19.86 20.05 20.37 20.62 20.72 20.87 21.11 21.49 21.67 21.97 22.30 22.67 23.04 23.39 23.67 23.89 23.96 24.07 24.27 24.48 24.78 24.30 23.70 23.06 22.71 22.39 22.01 21.79 21.38 20.80 20.45 20.01 19.52 19.21 18.93 18.72 18.50 18.38 18.39 18.23 18.06 17.91 17.79 17.69 17.64 17.73 17.89 17.97 18.13
19.32 19.56 19.36 19.39 19.42 19.45 19.47 19.46 19.48 19.45 19.41 19.44 19.46 19.42 19.45 19.51 19.54 19.55 19.63 19.79 19.66 19.69 19.69 19.74 19.81 19.92 20.07 20.09 20.10 20.14 20.32 20.49 20.66 20.85 21.07 21.24 21.51 21.86 22.20 22.51 22.84 23.17 23.56 23.92 24.21 24.34 24.53 24.73 25.03 25.31 25.29 24.84 24.36 23.97 23.67 23.28 22.78 22.22 21.91 21.35 20.94 20.57 20.18 20.03 19.82 19.54 19.45 19.42 19.20 19.10 18.61 18.40 18.22 18.23 18.04 18.15 18.38 18.34 18.40
19.37 19.40 19.45 19.47 19.49 19.52 19.52 19.52 19.50 19.50 19.49 19.55 19.59 19.55 19.58 19.62 19.67 19.73 19.76 19.85 19.91 19.99 20.02 20.07 20.11 20.21 20.34 20.43 20.52 20.56 20.74 21.02 21.09 21.22 21.47 21.73 22.01 22.37 22.73 23.06 23.39 23.68 24.34 24.61 25.20 25.06 25.21 25.67 25.87 25.85 25.84 25.52 25.20 24.89 24.55 24.14 23.64 23.13 22.66 22.22 21.91 21.51 21.13 20.94 21.01 22.14 21.77 21.88 19.95 20.47 20.02 19.29 18.73 18.44 18.41 18.36 18.65 18.92 18.65
19.43 19.50 19.55 19.55 19.55 19.56 19.56 19.57 19.56 19.56 19.59 19.65 19.69 19.70 19.72 19.79 19.86 19.90 19.97 20.04 20.15 20.44 20.55 20.44 20.47 20.58 20.71 20.86 20.96 21.03 21.18 21.37 21.51 21.70 21.97 22.25 22.53 22.85 23.22 23.58 23.95 24.62 25.08 25.29 26.07 25.80 25.94 26.30 26.66 26.34 26.30 26.16 26.02 25.96 25.41 24.97 24.93 24.89 24.14 23.34 23.11 22.84 22.68 22.06 23.05 24.74 22.73 21.92 20.63 20.72 21.39 21.90 19.95 18.86 18.62 18.58 18.60 18.89 18.81
19.50 19.56 19.59 19.60 19.65 19.68 19.69 19.71 19.69 19.73 19.77 19.81 19.86 19.89 19.92 20.00 20.08 20.14 20.20 20.29 20.39 20.63 20.89 20.89 20.88 20.97 21.15 21.35 21.45 21.54 21.68 21.82 22.01 22.22 22.48 22.74 23.01 23.28 23.61 24.06 24.38 24.94 25.34 26.50 26.60 26.21 26.58 26.55 26.84 26.72 26.89 26.94 26.75 26.83 26.02 25.64 25.87 25.92 25.92 25.39 24.74 24.96 25.97 25.76 24.23 23.58 22.61 22.15 21.51 21.86 21.99 21.98 21.56 19.29 18.91 19.03 18.95 18.78 19.09
19.63 19.66 19.68 19.71 19.74 19.77 19.83 19.87 19.86 19.93 19.99 20.03 20.08 20.11 20.14 20.23 20.31 20.37 20.46 20.55 20.68 20.81 21.07 21.22 21.26 21.40 21.53 21.71 21.90 22.07 22.24 22.40 22.57 22.77 22.97 23.18 23.43 23.68 23.94 24.27 24.67 25.03 25.40 26.04 26.25 26.89 27.16 26.75 26.79 26.94 27.04 27.25 27.75 27.77 27.18 26.85 26.39 26.31 26.11 25.84 25.49 25.33 25.42 24.47 24.48 23.60 23.54 23.42 23.01 22.97 22.55 21.67 22.23 19.68 19.14 18.98 18.89 18.76 19.14
20.81 20.40 20.05 19.91 20.00 19.94 20.00 20.09 20.07 20.12 20.27 20.36 20.35 20.34 20.31 20.45 20.56 20.66 20.72 20.85 21.03 21.11 21.30 21.52 21.69 21.86 22.00 22.24 22.42 22.58 22.78 22.97 23.14 23.28 23.42 23.60 23.79 24.00 24.21 24.46 24.73 25.07 25.47 25.78 26.20 26.76 27.38 27.44 27.00 27.03 27.29 27.39 27.36 27.51 27.70 27.99 27.42 26.56 26.08 25.38 24.65 24.70 24.47 24.52 24.51 23.69 23.95 24.71 24.19 23.41 22.79 22.47 21.26 20.01 19.38 19.23 19.02 18.83 18.74
21.73 22.03 20.45 20.19 20.16 20.35 20.30 20.30 20.30 20.32 20.61 20.90 20.63 20.58 20.63 20.68 20.90 21.10 21.71 21.31 21.44 21.36 21.60 21.77 22.01 22.38 22.53 23.13 23.08 23.10 23.26 23.48 23.65 23.76 23.87 23.98 24.12 24.27 24.43 24.61 24.83 25.05 25.30 25.58 25.91 26.36 26.83 27.43 27.20 27.10 27.17 27.23 26.93 27.08 27.48 27.96 27.23 26.63 25.53 24.75 24.31 24.14 23.89 24.38 24.03 23.26 22.82 22.81 22.36 22.32 22.36 22.03 21.41 21.03 19.76 19.69 19.32 19.08 18.86
21.77 21.43 21.05 20.85 20.68 20.95 20.94 20.50 20.86 21.35 21.10 20.88 20.93 21.01 20.98 20.93 21.10 21.80 23.19 22.98 22.49 21.68 23.06 22.94 22.91 22.97 23.53 23.96 23.70 23.66 23.74 23.93 24.07 24.18 24.26 24.37 24.44 24.51 24.63 24.76 24.82 24.97 25.19 25.49 25.89 26.35 26.79 27.22 27.59 27.66 27.35 27.29 27.20 26.91 26.53 26.68 26.22 25.99 25.53 24.69 23.89 23.85 23.36 23.17 23.09 23.23 22.71 21.58 21.70 21.62 22.23 21.61 22.13 21.02 20.29 19.84 19.59 19.23 19.00
21.96 22.60 24.20 23.94 22.12 21.83 20.90 20.93 21.44 21.67 21.48 21.24 22.03 21.83 22.06 21.75 21.50 21.69 21.78 22.44 23.01 22.88 23.17 23.09 22.94 23.18 23.85 23.81 23.85 24.04 24.29 24.42 24.51 24.57 24.63 24.70 24.74 24.74 24.80 24.97 24.88 24.94 25.03 25.25 25.54 25.76 26.12 26.68 27.51 27.85 27.86 28.22 28.18 27.98 26.79 26.23 25.91 25.42 25.11 24.89 23.75 23.30 23.51 22.89 22.24 22.50 23.21 21.82 21.94 21.26 21.27 20.94 21.50 20.76 20.45 19.93 19.56 19.24 18.97
21.60 21.74 21.49 21.64 21.48 21.14 20.88 21.42 21.70 21.88 21.73 22.28 24.09 25.86 23.28 23.34 22.21 22.20 22.35 22.33 23.47 23.20 22.75 22.71 22.86 23.38 24.20 24.17 24.44 24.59 24.78 24.93 24.92 24.94 24.93 25.04 25.14 24.92 24.83 24.84 24.75 24.73 24.77 24.90 25.11 25.31 25.75 26.27 26.88 26.96 27.16 27.41 27.39 28.07 28.28 27.47 26.48 25.77 25.32 24.91 24.44 24.50 24.21 23.72 22.75 22.25 22.79 21.63 21.08 21.32 21.34 21.11 20.34 20.39 19.91 19.64 19.41 19.17 18.92
21.08 21.17 21.14 21.15 21.03 20.98 21.00 21.27 21.62 21.90 21.97 22.46 22.72 23.76 23.94 24.00 23.12 22.85 23.01 22.41 22.40 23.02 22.69 22.85 22.96 24.35 26.03 25.65 25.11 25.22 25.44 25.45 25.24 25.22 25.17 25.14 25.33 25.10 24.87 24.72 24.62 24.51 24.46 24.50 24.66 25.05 25.67 26.04 26.31 26.47 26.23 26.00 26.30 26.99 26.58 26.62 26.55 26.38 26.41 25.62 25.80 24.58 23.90 22.65 22.01 22.28 23.91 22.65 21.05 21.37 20.66 21.08 20.54 20.20 20.04 19.56 19.31 19.00 18.76
21.22 21.32 21.32 21.32 21.30 21.40 21.29 21.52 21.65 22.00 22.08 22.31 22.61 23.47 24.16 23.22 22.78 23.07 23.45 23.24 23.32 22.58 22.59 22.76 23.02 23.40 24.02 25.08 25.21 25.10 25.67 25.70 25.46 25.41 25.31 25.21 25.23 25.12 25.01 24.78 24.48 24.32 24.26 24.11 24.21 24.65 25.14 25.28 25.47 25.84 25.68 25.57 25.57 25.40 25.45 25.04 25.27 26.15 26.05 25.76 24.73 24.08 24.60 23.58 21.69 22.92 22.75 22.08 20.89 20.55 20.32 19.91 19.74 19.84 19.36 19.22 18.96 18.75 18.56
21.45 21.60 21.85 22.24 22.18 22.20 21.94 21.84 21.95 21.84 21.97 22.19 22.24 22.28 22.73 22.52 22.83 23.36 22.99 23.17 22.60 22.64 23.05 23.59 23.51 23.65 24.05 24.36 24.82 25.07 25.39 25.59 25.52 25.55 25.37 25.26 25.18 25.13 25.12 24.81 24.60 24.55 24.21 23.75 23.86 24.36 24.93 24.91 24.80 24.84 24.65 25.35 24.93 23.88 23.82 25.16 25.54 25.00 25.41 24.25 23.77 23.80 23.88 23.30 21.81 21.88 22.60 22.04 21.45 20.39 19.93 19.63 19.51 19.24 19.04 18.83 18.67 18.50 18.29
22.66 22.62 22.53 22.75 23.26 24.10 23.12 22.79 22.85 22.94 22.88 22.67 22.28 21.91 21.61 21.46 21.71 22.22 21.99 22.27 22.38 23.58 25.01 24.33 24.93 24.60 24.81 24.76 25.24 25.92 26.59 26.48 26.44 26.77 26.38 26.54 26.27 25.40 25.51 25.25 25.30 24.45 23.66 23.28 23.74 24.07 24.34 24.58 24.46 24.02 24.42 24.28 23.52 24.65 23.48 22.58 23.02 22.77 23.54 23.25 22.56 22.66 23.36 22.48 21.90 21.51 21.55 22.06 21.79 21.36 20.27 19.52 19.21 19.09 18.87 18.64 18.41 18.22 18.04
21.88 21.72 22.01 22.12 22.71 22.72 23.05 23.74 23.90 24.21 23.79 23.29 22.72 22.47 22.33 22.01 21.55 21.09 20.60 21.03 21.61 22.71 24.70 24.80 25.53 24.87 24.43 25.17 26.16 26.74 27.36 27.15 26.21 25.89 26.12 25.75 25.74 25.00 24.71 23.98 24.18 23.61 22.89 22.63 23.10 23.02 23.22 23.67 23.75 24.23 24.35 23.77 24.54 23.17 22.15 21.94 23.53 22.68 21.97 21.92 22.12 21.90 22.24 22.16 21.74 21.76 21.52 20.58 21.06 21.09 21.34 20.49 19.84 18.84 18.62 18.41 18.18 17.98 17.83
21.25 21.30 21.49 21.74 22.01 22.34 22.76 22.83 22.74 22.79 22.82 22.65 22.19 22.83 23.11 22.68 21.85 21.43 20.55 20.69 21.31 21.92 23.09 24.00 24.14 23.54 23.49 24.08 25.45 25.86 26.06 25.88 25.73 25.72 26.18 26.66 24.71 24.14 23.56 22.86 22.64 22.84 22.31 22.24 22.14 22.18 22.23 22.37 23.24 23.12 22.36 22.57 21.95 21.70 21.33 21.03 21.55 22.07 21.86 21.49 21.09 21.21 21.63 21.85 21.78 21.40 21.15 20.54 20.17 19.67 20.27 20.23 19.19 18.97 18.44 18.13 17.93 17.77 17.64
21.35 21.40 21.49 21.62 21.84 22.08 22.35 22.47 22.20 21.96 21.81 21.62 21.53 21.97 22.26 21.98 21.52 20.63 20.22 20.52 21.45 21.69 22.29 22.86 23.17 23.17 22.76 23.10 23.92 24.37 24.34 24.16 24.14 24.77 24.53 23.83 23.83 23.14 23.06 22.74 22.28 21.90 21.77 21.85 21.67 21.58 21.70 22.12 21.92 21.35 21.54 21.21 21.05 20.56 20.05 20.13 20.07 20.09 20.42 20.38 20.80 21.09 21.34 21.47 21.19 21.06 21.14 20.63 19.87 19.45 19.41 19.54 19.32 19.18 18.74 18.10 17.82 17.58 17.40
21.54 21.67 21.65 21.74 21.86 21.98 22.14 22.36 22.33 21.99 21.85 21.97 21.34 21.16 21.19 20.83 20.48 20.15 19.95 20.26 21.05 21.92 21.89 21.73 21.68 22.34 22.49 22.77 23.65 23.92 23.63 23.41 23.25 23.10 22.97 22.99 23.29 23.03 22.72 22.20 21.80 21.51 21.35 21.24 21.20 21.14 21.06 20.98 20.82 20.61 20.53 20.27 20.07 19.77 19.58 19.28 19.41 19.38 19.39 19.52 20.24 20.62 21.12 20.92 21.07 20.80 20.55 20.42 20.21 19.48 18.63 18.98 18.60 18.23 18.26 17.64 17.66 17.78 17.58
21.31 21.89 21.85 21.92 22.04 22.14 22.25 22.24 22.17 22.25 21.98 21.89 21.44 21.05 20.78 20.56 20.41 20.27 19.92 19.92 20.19 20.46 20.61 20.83 20.82 20.99 21.55 22.32 23.34 23.64 23.28 22.74 22.60 22.40 22.26 22.45 22.75 22.36 21.96 21.64 21.47 21.32 21.16 21.04 20.98 20.89 20.80 20.83 20.87 20.78 20.79 20.58 20.25 20.05 20.12 19.82 19.34 20.16 19.57 19.19 19.39 19.92 20.73 21.34 20.79 20.32 20.18 19.80 19.70 19.29 18.46 18.79 17.98 17.56 17.45 17.02 16.86 16.87 17.34
20.92 21.36 21.86 22.12 22.36 22.38 22.19 21.93 21.93 22.32 22.06 21.69 21.48 21.42 21.04 20.77 20.73 20.28 20.01 19.75 19.77 19.84 19.99 20.05 20.21 20.51 20.90 21.39 21.87 22.04 21.97 21.94 21.88 21.82 21.86 22.02 22.28 22.10 21.89 21.80 21.64 21.41 21.22 21.20 21.01 20.82 20.71 20.93 21.25 21.31 21.41 21.10 20.31 20.13 19.74 19.81 20.68 20.26 19.08 19.05 19.03 19.67 20.11 20.59 20.59 19.96 19.92 19.94 19.21 19.30 18.79 18.04 17.97 17.35 16.93 16.67 16.52 16.44 16.50
20.90 20.53 20.78 21.02 21.57 22.33 22.31 22.18 21.72 22.26 22.39 22.06 21.75 21.84 21.36 21.18 20.97 20.82 20.80 20.29 19.86 19.83 19.72 19.82 20.10 20.38 20.79 21.13 21.38 21.49 21.59 21.49 21.52 21.52 21.63 21.84 22.28 22.39 22.13 22.10 21.93 21.67 21.54 21.37 21.14 20.92 20.81 21.25 20.92 20.78 21.06 20.47 20.38 20.15 19.77 19.87 20.47 19.55 18.80 18.75 19.11 19.44 19.62 19.69 19.66 19.64 19.22 19.26 19.54 18.83 18.28 18.13 17.19 16.86 16.56 16.44 16.45 16.32 16.08
