project/src/data/BOM_climate/monthly_mean_rainfall/rainmay.txt
ncols 886
nrows 691
xllcenter 112.0000
yllcenter -44.5000
cellsize 0.0500
nodata_value 99999.90
[rows 340 to 373 of 691, columns 539 to 615 of 886]
18.75 18.53 18.11 17.73 17.40 17.00 16.64 16.22 16.14 16.16 16.01 15.53 15.28 14.87 14.44 13.93 13.54 12.96 12.78 12.55 12.20 12.09 11.65 11.41 11.28 11.01 11.01 10.57 10.33 10.28 10.07 10.12 10.06 10.10 10.30 10.25 10.61 11.21 11.43 11.87 12.39 12.81 13.39 14.13 14.49 14.14 14.28 14.39 14.63 14.87 15.05 15.24 15.58 16.86 18.03 16.77 16.65 16.53 16.18 15.59 15.83 16.15 16.49 17.20 19.10 20.03 20.99 20.26 19.89 19.71 19.94 20.19 20.65 21.12 22.13 23.37 23.27
18.99 18.74 18.39 18.15 17.76 17.34 16.87 16.53 16.45 16.59 16.66 16.10 15.50 14.82 14.25 13.92 13.74 13.26 13.01 12.64 12.32 11.91 11.76 11.35 11.30 10.79 10.82 10.70 10.64 10.59 10.29 10.24 10.34 10.39 10.44 10.52 10.86 11.23 11.59 12.05 12.64 13.12 13.52 13.96 14.20 14.28 14.32 14.36 14.49 14.67 14.78 15.02 15.42 16.49 18.05 17.29 16.43 16.03 16.16 15.65 15.58 15.96 16.28 16.81 18.26 20.11 19.85 19.54 19.24 19.71 20.36 20.62 20.68 20.89 21.53 22.64 23.20
19.13 18.89 18.45 18.49 18.03 17.60 17.15 16.84 16.96 17.24 16.85 15.72 14.97 14.45 14.10 13.75 13.47 13.11 12.65 12.35 12.24 11.83 11.60 11.42 11.38 11.17 11.06 11.02 10.79 10.71 10.41 10.31 10.25 10.41 10.53 10.77 11.05 11.42 11.96 12.39 13.23 13.50 13.94 14.21 14.35 14.43 14.42 14.56 14.77 14.92 14.92 15.00 15.31 16.21 17.87 17.67 16.67 15.76 16.75 15.65 15.40 15.78 16.09 16.67 18.01 19.15 18.69 18.70 18.99 19.62 20.20 21.05 21.24 21.05 21.36 22.26 22.98
19.29 18.83 18.45 18.66 18.40 17.83 17.50 17.16 17.39 17.34 16.51 15.50 14.60 14.39 13.87 13.75 13.71 13.17 12.72 12.58 12.21 12.19 11.89 11.79 11.48 11.14 11.17 11.03 10.85 10.63 10.49 10.65 10.63 10.51 10.79 11.01 11.25 11.71 12.33 12.78 13.10 13.77 14.28 14.60 14.61 14.72 14.72 14.90 15.10 15.30 15.26 15.10 15.24 16.13 16.97 18.05 16.49 15.64 15.61 15.23 15.38 15.62 15.87 16.34 17.13 18.19 19.77 20.61 19.38 19.97 21.06 21.26 22.14 21.72 21.49 21.94 22.20
19.12 19.04 18.75 18.54 18.57 18.09 17.62 17.42 17.39 16.75 16.01 15.31 14.81 14.36 14.10 13.77 13.14 12.94 12.59 12.61 12.63 12.28 12.05 11.75 11.45 11.34 11.39 11.08 11.08 11.02 11.01 10.82 10.68 10.84 10.91 11.09 11.59 11.93 12.37 12.96 13.55 14.40 15.00 15.05 14.86 15.21 15.25 15.34 15.58 15.90 15.87 15.49 15.34 15.53 16.25 17.90 18.13 16.48 16.11 15.33 15.39 15.60 15.82 16.25 17.60 18.42 19.22 19.94 21.42 21.00 21.95 21.92 21.56 21.67 21.23 21.63 21.52
19.35 19.19 18.90 18.38 18.32 18.01 17.68 17.10 16.73 16.15 15.53 14.77 14.35 14.16 13.89 13.39 13.31 13.06 12.77 12.50 12.20 12.17 12.06 11.94 11.78 11.70 11.33 11.35 11.15 11.10 11.13 11.06 10.89 11.09 11.20 11.36 11.74 12.51 12.79 13.42 14.51 15.48 16.13 15.72 15.63 15.90 16.11 16.10 16.95 17.25 16.30 15.49 15.24 15.13 15.52 16.47 17.44 16.69 16.10 15.71 15.34 15.60 15.82 16.15 17.32 17.71 18.65 20.16 21.19 21.04 22.21 21.42 20.81 20.98 20.86 21.22 21.13
19.19 19.36 19.01 18.83 18.56 18.34 17.77 16.83 16.41 15.86 15.42 14.96 14.38 14.21 13.84 13.28 13.23 13.17 12.97 12.56 12.37 12.17 12.05 11.86 11.76 11.45 11.52 11.28 11.31 11.42 11.14 11.08 11.11 11.22 11.36 11.69 12.12 12.61 13.35 14.11 15.10 16.59 17.63 17.96 17.74 17.41 17.67 18.23 18.30 17.70 16.16 15.34 15.18 15.00 15.07 15.48 16.24 16.64 16.55 16.30 15.59 15.61 15.82 16.16 16.78 17.36 18.66 19.50 19.41 20.35 21.76 21.32 20.38 20.42 20.44 20.69 20.74
19.19 18.63 18.61 19.14 19.12 18.20 17.38 16.71 16.40 15.80 15.24 14.68 14.39 13.99 13.53 13.26 13.17 12.80 12.61 12.61 12.51 12.53 12.29 11.90 11.88 11.55 11.48 11.50 11.24 11.38 11.24 11.24 11.18 11.30 11.61 11.96 12.34 13.15 13.66 14.55 16.13 17.57 18.03 18.06 18.34 17.77 16.57 17.55 17.21 16.22 15.25 15.17 15.00 14.89 14.91 15.22 15.71 16.38 16.31 16.18 15.60 15.67 15.83 16.23 16.73 17.89 18.13 18.48 18.80 19.96 21.17 21.07 20.14 20.07 20.13 20.27 20.47
18.14 18.13 18.81 18.80 18.29 17.89 17.17 16.86 16.67 15.92 15.10 14.70 14.23 13.88 13.71 13.22 13.18 12.89 12.70 12.52 12.25 12.14 12.07 12.03 11.70 11.56 11.54 11.63 11.37 11.36 11.38 11.38 11.34 11.54 11.87 12.40 13.27 13.71 14.83 15.22 15.87 15.68 15.02 14.82 15.41 16.03 16.07 15.58 15.77 14.75 14.53 14.75 14.75 14.67 14.78 15.15 15.69 16.40 16.08 15.66 15.48 15.69 15.84 16.24 16.86 17.25 17.71 18.45 19.14 20.17 20.52 20.80 20.10 20.05 19.87 19.96 20.11
17.60 17.93 18.75 18.86 17.89 17.19 17.13 17.40 16.90 15.87 15.04 14.57 14.27 13.76 13.44 13.51 13.37 13.17 12.89 12.57 12.24 12.19 11.99 11.77 11.72 11.73 11.59 11.60 11.58 11.60 11.74 11.72 11.64 11.87 12.47 13.48 14.58 14.26 14.55 15.64 14.90 14.57 14.31 14.04 15.10 14.97 14.62 14.18 14.17 14.14 14.16 14.34 14.47 14.59 14.71 15.21 15.94 16.68 15.96 15.59 15.50 15.73 15.95 16.59 17.11 17.98 18.75 19.81 20.50 20.18 20.45 20.25 20.52 20.25 20.06 19.93 19.94
17.32 17.11 17.71 18.05 17.50 16.88 16.61 16.37 16.17 15.49 15.02 14.51 13.88 13.60 13.60 13.24 13.09 12.72 12.53 12.63 12.18 12.12 11.94 11.66 11.64 11.61 11.63 11.73 11.76 11.83 11.80 11.93 11.92 12.12 13.16 14.84 15.29 15.86 15.35 14.64 14.24 14.95 15.49 14.28 13.89 13.48 13.49 13.52 13.63 13.85 14.03 14.15 14.37 14.57 14.80 15.30 15.99 16.82 16.45 15.91 15.61 15.83 15.99 16.59 17.89 18.54 19.01 20.32 21.48 20.35 20.29 20.09 20.44 20.61 19.98 19.65 19.66
17.57 17.42 17.40 17.31 17.01 16.72 16.32 16.24 15.78 14.98 14.55 14.35 13.86 13.73 13.52 13.35 13.03 12.79 12.67 12.50 12.13 12.12 11.91 11.64 11.88 11.67 11.82 11.70 11.85 11.99 12.15 12.23 12.30 12.62 14.05 14.47 15.03 16.21 16.48 15.07 14.72 14.65 13.90 13.31 12.91 12.89 13.10 13.24 13.50 13.76 13.99 14.25 14.55 14.76 14.98 15.31 15.76 15.96 15.74 15.63 15.82 15.98 16.12 16.54 17.18 17.90 18.83 19.54 20.82 20.08 19.72 19.65 20.39 20.95 20.25 19.72 19.52
17.54 17.23 17.02 17.06 16.75 16.22 15.89 15.71 15.44 14.68 14.52 14.20 13.77 13.68 13.55 13.32 12.99 12.83 12.62 12.22 12.04 12.04 12.10 11.99 11.76 11.81 11.81 11.74 11.79 11.92 12.36 12.37 12.60 12.73 13.57 13.99 14.68 15.72 16.02 16.51 14.94 13.36 13.02 12.61 12.80 12.79 13.05 13.24 13.52 13.75 14.01 14.24 14.52 14.76 14.96 15.15 15.34 15.50 15.60 15.77 15.93 16.16 16.18 16.53 16.83 17.36 18.21 18.65 19.33 19.65 19.08 19.69 20.09 20.22 19.94 19.48 19.37
16.83 17.17 16.86 16.79 16.47 16.02 15.58 15.26 15.00 14.69 14.42 14.02 13.64 13.49 13.34 13.15 13.05 12.87 12.52 12.32 12.12 12.21 11.94 11.88 11.58 11.78 11.89 11.98 11.90 11.99 12.24 12.40 12.61 12.90 13.00 13.55 14.40 14.56 14.70 14.50 13.61 12.90 12.77 12.89 13.49 13.49 13.65 13.65 14.13 14.41 14.31 14.39 14.62 14.83 15.06 15.30 15.41 15.52 15.67 15.84 15.94 16.16 16.25 16.46 16.73 16.96 17.41 18.41 18.58 18.45 18.80 19.42 19.71 20.22 19.95 19.21 19.18
16.69 17.33 16.81 16.57 16.26 15.82 15.29 14.81 14.52 14.31 14.09 13.81 13.61 13.48 13.37 13.10 12.91 12.74 12.74 12.48 12.32 12.09 12.12 11.90 11.72 11.76 12.00 12.12 12.18 12.43 12.27 12.41 12.66 12.93 13.31 13.32 13.86 13.91 13.55 13.30 13.03 13.06 12.96 13.38 13.48 13.97 14.29 14.57 14.96 15.92 15.39 14.58 14.74 14.98 15.17 15.31 15.46 15.63 15.84 15.91 15.98 16.12 16.31 16.45 16.71 16.89 17.13 17.46 17.83 18.31 19.66 19.89 19.49 19.64 19.39 19.27 19.20
16.04 16.80 16.63 16.28 15.83 15.38 15.03 14.78 14.48 14.42 14.01 13.62 13.44 13.36 13.20 13.03 12.90 12.71 12.54 12.35 12.38 12.25 11.95 12.10 12.11 12.08 11.87 12.08 12.05 12.33 12.25 12.43 12.58 12.79 13.09 13.16 13.56 13.66 13.72 13.20 13.03 13.11 13.40 14.10 14.30 14.67 15.79 15.78 15.44 16.06 15.21 15.03 14.92 15.07 15.31 15.50 15.66 15.81 15.99 16.04 16.06 16.19 16.39 16.63 16.84 16.93 17.05 17.24 17.51 17.84 19.04 20.08 19.93 19.20 18.84 18.87 19.27
16.28 16.80 16.64 16.36 15.69 15.43 14.89 14.44 14.17 14.00 14.07 13.54 13.52 13.35 13.30 13.16 12.95 12.64 12.59 12.46 12.39 12.13 12.28 11.97 12.07 11.97 12.07 12.07 12.03 12.15 12.48 12.53 12.67 12.79 12.85 13.02 13.33 13.93 13.64 13.39 13.23 13.49 13.75 14.98 15.80 16.21 17.29 16.71 15.79 16.16 15.75 15.76 15.47 15.32 15.44 15.69 15.85 16.07 16.17 16.12 16.24 16.37 16.55 16.62 16.83 16.97 17.11 17.28 17.47 17.65 17.95 18.45 18.89 18.75 18.78 19.08 19.41
16.83 16.87 16.37 16.07 15.59 15.23 14.65 14.18 14.14 13.86 13.69 13.42 13.44 13.18 13.07 12.96 12.90 12.81 12.56 12.60 12.50 12.37 12.33 12.16 12.25 12.36 12.51 12.60 12.33 12.54 12.68 12.54 12.67 12.60 12.71 12.78 13.20 13.49 13.07 12.92 13.16 13.50 14.21 16.08 16.22 17.70 17.98 16.92 16.79 16.72 16.43 16.52 16.34 15.93 15.70 15.83 15.98 16.20 16.26 16.27 16.37 16.50 16.61 16.75 16.89 17.02 17.16 17.38 17.62 17.77 17.90 18.21 18.44 18.87 19.67 19.94 19.74
16.93 16.58 16.14 15.92 15.59 14.83 14.51 14.05 13.91 13.76 13.47 13.57 13.30 13.27 13.06 12.94 12.91 12.93 12.80 12.71 12.45 12.67 12.73 12.61 12.46 12.47 12.44 12.37 12.39 12.44 12.39 12.45 12.51 12.41 12.54 12.77 12.99 13.22 13.16 12.99 13.05 13.57 14.30 15.14 16.22 16.90 17.23 17.07 17.29 17.37 17.16 17.12 16.60 16.35 15.99 15.96 16.10 16.16 16.31 16.39 16.51 16.57 16.60 16.82 17.00 17.09 17.29 17.47 17.97 18.43 18.20 18.51 18.85 18.99 19.62 20.01 20.30
16.91 16.23 16.03 15.75 15.21 14.59 14.22 13.92 13.66 13.51 13.54 13.28 13.41 13.23 13.12 13.09 12.95 12.73 12.92 12.82 12.82 12.95 12.65 12.66 12.81 12.69 12.60 12.66 12.56 12.65 12.64 12.53 12.53 12.18 12.33 12.86 13.23 13.40 13.72 13.62 13.10 13.49 14.52 14.98 15.47 16.11 17.04 17.50 17.70 17.34 17.64 18.19 17.07 16.69 16.31 16.14 16.15 16.25 16.40 16.46 16.57 16.65 16.71 16.90 17.19 17.25 17.78 18.13 18.09 18.17 18.48 18.79 19.07 19.37 19.57 20.12 20.67
16.34 15.74 15.60 15.16 14.71 14.24 13.93 13.64 13.51 13.51 13.47 13.30 13.41 13.25 13.24 12.84 13.03 13.06 12.87 12.77 12.86 12.79 12.84 12.81 12.82 12.72 12.66 12.68 12.66 12.67 12.39 12.32 12.08 11.90 12.21 12.90 13.22 13.49 13.28 13.02 12.99 13.45 14.25 14.68 15.45 15.85 16.65 17.13 17.65 17.69 18.66 18.91 17.60 16.98 16.62 16.31 16.33 16.31 16.42 16.50 16.57 16.71 16.87 17.12 17.32 17.58 17.71 17.80 17.99 18.14 18.66 18.96 19.24 19.66 20.27 21.01 20.93
16.01 15.61 15.08 14.79 14.61 14.07 13.71 13.42 13.55 13.71 13.24 13.50 13.34 13.14 13.10 13.08 12.96 13.10 13.03 12.88 13.23 12.97 12.89 12.97 13.10 12.97 13.12 12.83 12.63 12.41 12.29 12.20 12.07 11.83 12.20 12.51 12.74 12.51 12.33 12.73 12.77 13.22 14.01 14.87 15.45 15.73 16.34 16.74 17.51 17.97 18.65 18.61 17.75 17.18 16.78 16.48 16.52 16.58 16.65 16.62 16.72 17.10 17.28 17.37 17.48 18.00 18.13 18.31 18.69 18.81 18.91 19.42 19.46 19.93 20.37 21.27 22.29
15.67 15.19 14.71 14.23 14.08 13.67 13.32 13.34 13.38 13.28 13.04 13.16 13.22 13.13 13.09 12.96 12.94 13.02 12.77 12.79 13.03 13.02 12.98 12.80 12.92 12.87 12.83 12.61 12.43 12.39 12.09 11.95 11.76 11.67 12.01 11.96 11.80 11.57 11.72 12.16 12.43 13.01 13.83 14.78 15.44 16.15 16.25 16.79 17.68 18.10 18.30 18.17 18.02 17.38 16.92 16.53 16.58 16.68 16.87 16.82 16.94 17.27 17.39 17.55 17.75 18.34 18.81 19.19 19.96 19.98 19.28 19.82 19.73 20.53 20.94 21.56 23.34
15.27 14.85 14.58 14.29 13.85 13.38 13.08 13.44 13.26 13.09 13.13 12.96 13.05 13.11 12.81 12.75 12.89 12.93 12.87 12.81 12.83 12.89 13.04 12.90 12.99 12.87 12.76 12.65 12.57 12.37 12.03 11.77 11.60 11.71 11.76 11.65 11.53 11.38 11.63 11.84 12.00 12.87 13.78 14.44 15.48 16.60 16.47 17.08 17.72 18.16 18.06 18.07 17.91 17.51 16.83 16.74 16.72 16.75 16.92 17.04 17.20 17.34 17.58 17.80 18.34 19.44 20.26 19.52 19.98 20.75 20.67 20.14 20.00 20.80 22.11 22.54 22.45
14.96 14.70 14.31 13.88 13.45 13.29 13.17 13.15 13.05 12.95 13.05 13.09 13.08 13.06 12.93 12.77 12.67 12.76 12.75 12.80 12.90 12.67 12.80 12.78 12.85 12.66 12.53 12.35 12.25 12.13 11.83 11.72 11.84 11.77 11.64 11.63 11.42 11.51 11.58 11.65 11.84 12.74 13.59 14.26 15.11 16.03 16.65 17.12 17.58 17.86 18.02 18.16 17.77 18.05 17.12 16.92 16.85 16.92 17.05 17.21 17.32 17.61 17.83 18.36 19.34 20.33 20.59 20.68 20.68 21.08 21.34 20.69 20.18 20.95 22.18 21.90 21.70
14.56 14.46 13.79 13.22 13.01 13.37 13.13 13.05 12.95 12.96 12.86 12.77 13.00 12.93 12.66 12.52 12.57 12.60 12.67 12.63 12.62 12.61 12.61 12.44 12.41 12.25 12.36 12.19 12.06 12.00 11.67 11.52 11.84 11.84 11.61 11.41 11.20 11.42 11.44 11.71 12.05 12.70 13.36 14.23 14.90 15.87 16.35 16.73 17.38 17.56 17.75 17.81 17.51 17.51 17.13 17.15 16.94 17.05 17.13 17.43 17.61 18.05 18.49 18.99 19.84 20.59 22.43 22.85 22.61 22.73 21.81 21.24 20.11 20.57 21.15 21.29 21.33
14.14 13.92 13.34 13.04 13.15 13.05 13.23 13.15 12.85 13.12 12.78 12.84 12.71 12.72 12.76 12.71 12.57 12.49 12.62 12.56 12.73 12.63 12.55 12.53 12.46 12.54 12.19 12.06 12.18 11.86 11.62 11.54 11.84 11.61 11.43 11.25 11.32 11.63 11.74 11.88 12.38 12.92 13.44 14.35 15.02 15.64 16.31 16.75 17.13 17.33 17.57 17.60 17.60 17.19 17.29 17.80 17.64 17.18 17.29 17.42 17.74 18.26 19.16 19.93 20.92 22.83 23.54 25.05 23.53 22.53 21.19 20.38 20.20 20.12 20.30 20.19 20.64
13.54 13.23 13.00 12.85 13.11 12.94 12.77 12.92 13.00 12.80 12.79 12.71 12.68 12.62 12.53 12.66 12.58 12.44 12.50 12.43 12.61 12.43 12.38 12.39 12.26 12.09 12.04 12.00 12.19 11.72 11.46 11.65 11.56 11.44 11.28 11.18 11.35 11.53 11.80 12.12 12.50 13.00 13.69 14.58 15.25 15.83 16.49 16.72 17.11 17.37 17.52 17.71 17.94 17.35 17.95 18.52 18.13 17.36 17.40 17.64 17.97 18.49 19.61 20.53 20.57 22.65 23.95 24.27 23.80 22.83 21.82 20.35 19.75 19.75 19.97 19.90 20.12
12.96 12.90 12.94 12.91 12.78 12.80 12.66 12.46 12.40 12.73 12.47 12.58 12.45 12.55 12.58 12.44 12.40 12.32 12.36 12.24 12.31 12.26 12.19 12.17 12.15 12.00 11.95 11.92 11.65 11.42 11.71 11.72 11.55 11.46 11.35 11.40 11.53 11.73 12.09 12.47 12.94 13.18 13.94 14.47 15.03 15.65 16.16 16.59 17.12 17.28 17.46 18.00 18.53 17.99 17.90 18.46 18.05 17.56 17.40 17.78 18.16 18.78 19.58 20.15 20.53 21.17 22.98 24.36 23.82 22.50 20.95 19.70 19.59 19.70 19.78 19.91 19.94
12.87 12.99 13.01 12.96 12.95 12.67 12.69 12.64 12.47 12.56 12.55 12.52 12.37 12.25 12.12 12.14 12.21 12.23 12.32 12.17 12.28 12.18 12.08 11.96 12.05 11.96 11.87 11.77 11.51 11.41 11.59 11.59 11.65 11.67 11.53 11.80 11.85 12.08 12.43 12.60 13.33 13.52 14.17 14.54 14.92 15.66 16.14 16.76 17.15 17.06 17.32 17.90 18.57 18.20 18.14 18.40 18.05 17.63 17.53 17.82 18.27 18.77 19.47 20.59 20.81 22.00 23.11 24.63 23.18 21.53 20.17 19.66 19.56 19.52 19.76 19.91 20.06
12.77 12.78 12.87 12.76 12.76 12.68 12.72 12.71 12.59 12.43 12.26 12.21 12.09 12.07 12.03 12.00 12.06 12.04 12.13 11.91 11.97 11.94 11.83 11.75 11.93 11.76 11.67 11.54 11.57 11.52 11.52 11.62 11.58 11.38 11.61 12.00 11.91 12.21 12.59 12.91 13.32 13.67 14.27 14.65 15.13 15.71 16.05 16.65 17.22 16.95 17.11 17.64 18.23 18.11 18.45 18.57 18.14 17.69 17.74 17.96 18.42 18.87 19.48 21.12 22.41 22.91 23.05 24.20 23.40 21.73 20.16 19.64 19.58 19.51 19.57 19.91 20.17
12.84 12.46 12.67 12.71 12.84 12.93 12.93 12.88 12.51 12.17 12.12 12.13 12.09 12.11 12.08 11.95 11.82 11.97 11.99 11.84 11.86 11.84 11.88 11.76 11.74 11.71 11.55 11.46 11.56 11.71 11.64 11.67 11.46 11.48 11.87 12.10 12.16 12.44 12.92 13.40 13.63 14.06 14.49 14.80 15.34 15.80 16.00 16.48 17.02 16.59 16.71 17.16 17.64 17.99 18.38 18.19 17.66 17.70 17.91 18.03 18.42 18.97 19.83 21.44 22.14 21.72 22.30 22.92 21.84 20.93 19.95 19.49 19.38 19.47 19.58 19.86 20.08
12.53 12.39 12.51 12.63 12.58 12.55 12.45 12.54 12.32 12.09 12.02 11.93 11.87 11.89 11.90 11.87 11.74 11.63 11.76 11.79 11.69 11.68 11.60 11.52 11.58 11.47 11.39 11.42 11.58 11.64 11.67 11.53 11.35 11.47 11.86 12.17 12.17 12.64 13.07 13.58 14.01 14.22 14.52 14.93 15.59 16.03 16.02 16.37 16.77 16.51 16.49 16.87 17.34 17.89 18.35 17.90 17.60 17.79 18.02 18.17 18.55 19.15 19.85 20.70 21.69 20.51 21.10 20.49 19.73 19.42 19.19 19.21 19.38 19.44 19.70 19.93 20.09
12.37 12.46 12.58 12.44 12.48 12.16 12.18 12.27 12.25 12.19 11.97 11.91 11.84 11.80 11.84 11.64 11.63 11.52 11.59 11.66 11.51 11.48 11.50 11.47 11.36 11.40 11.31 11.55 11.42 11.53 11.70 11.58 11.60 11.58 11.97 12.19 12.49 12.90 13.20 13.82 14.11 14.49 14.76 15.20 15.83 16.63 16.36 16.22 16.52 16.78 16.62 16.99 17.37 17.99 18.94 18.09 17.76 18.09 18.26 18.37 18.82 19.32 20.01 20.71 20.91 19.09 19.51 18.85 18.75 19.00 19.17 19.21 19.26 19.43 19.60 19.80 20.05
