project/src/data/BOM_climate/monthly_mean_rainfall/rainmay.txt
ncols 886
nrows 691
xllcenter 112.0000
yllcenter -44.5000
cellsize 0.0500
nodata_value 99999.90
[rows 510 to 543 of 691, columns 77 to 153 of 886]
166.06 165.98 165.94 165.90 165.82 165.66 165.62 165.55 165.56 165.30 165.05 164.87 164.52 164.11 163.65 163.10 162.46 161.73 160.98 160.14 159.30 158.30 157.19 156.05 154.83 153.65 152.40 151.14 149.78 148.51 147.15 145.77 144.45 143.01 141.68 140.35 139.06 137.75 136.40 135.08 133.81 132.47 131.13 129.81 128.52 127.37 126.12 125.02 123.89 122.95 121.98 121.29 120.57 119.97 119.40 118.96 118.54 118.16 117.88 117.67 117.48 117.37 117.32 117.35 117.34 117.38 117.43 117.55 117.59 117.71 117.94 118.02 118.12 118.15 118.19 118.18 118.22
167.25 167.26 167.20 167.08 166.99 166.95 166.79 166.87 166.59 166.47 166.28 165.93 165.59 165.21 164.75 164.22 163.64 162.98 162.25 161.54 160.68 159.72 158.68 157.60 156.53 155.36 154.12 152.95 151.74 150.41 149.05 147.59 146.35 145.03 143.77 142.44 141.16 139.86 138.53 137.23 135.93 134.67 133.37 132.07 130.88 129.66 128.55 127.44 126.41 125.37 124.52 123.73 123.00 122.40 121.87 121.32 120.85 120.39 120.15 119.93 119.74 119.69 119.57 119.44 119.43 119.38 119.41 119.40 119.47 119.52 119.69 119.73 119.76 119.77 119.74 119.76 119.78
168.39 168.38 168.36 168.28 168.24 168.07 167.95 167.97 167.89 167.60 167.34 167.18 166.76 166.39 165.92 165.44 164.80 164.19 163.50 162.83 162.04 161.12 160.21 159.19 158.04 156.97 155.85 154.56 153.35 152.04 150.81 149.57 148.21 146.94 145.61 144.39 143.04 141.78 140.53 139.25 138.00 136.76 135.46 134.29 133.16 132.02 130.87 129.78 128.72 127.75 126.92 126.13 125.45 124.76 124.16 123.61 123.08 122.63 122.37 122.18 122.03 121.83 121.66 121.55 121.46 121.41 121.33 121.29 121.23 121.23 121.40 121.43 121.42 121.41 121.35 121.34 121.28
169.67 169.63 169.58 169.42 169.30 169.29 169.13 169.12 168.96 168.73 168.55 168.11 167.86 167.43 166.99 166.52 165.98 165.37 164.67 164.11 163.29 162.48 161.54 160.52 159.54 158.44 157.35 156.25 154.96 153.83 152.45 151.19 149.85 148.77 147.44 146.17 144.98 143.74 142.50 141.29 140.00 138.83 137.61 136.38 135.31 134.18 133.08 132.04 131.06 130.18 129.34 128.45 127.70 127.00 126.36 125.75 125.24 124.87 124.61 124.41 124.15 123.91 123.75 123.58 123.47 123.36 123.23 123.13 123.04 123.01 123.11 123.10 123.04 122.98 122.91 122.87 122.79
170.83 170.75 170.72 170.65 170.52 170.26 170.21 170.21 170.08 169.87 169.56 169.36 168.92 168.60 168.18 167.63 167.07 166.48 165.87 165.21 164.43 163.70 162.83 161.93 160.88 159.90 158.77 157.66 156.58 155.36 154.13 152.89 151.71 150.41 149.28 148.04 146.76 145.56 144.43 143.20 142.09 140.82 139.61 138.50 137.41 136.37 135.30 134.34 133.34 132.46 131.49 130.72 129.88 129.13 128.49 127.98 127.53 127.07 126.77 126.49 126.20 126.01 125.83 125.68 125.48 125.36 125.17 125.05 124.92 124.81 124.89 124.78 124.68 124.57 124.48 124.40 124.33
171.88 171.94 171.85 171.72 171.65 171.57 171.30 171.30 171.08 170.90 170.63 170.26 170.04 169.62 169.21 168.70 168.20 167.62 166.98 166.31 165.60 164.70 163.92 163.04 162.19 161.17 160.20 159.14 158.03 156.88 155.73 154.54 153.37 152.21 151.07 149.86 148.74 147.52 146.30 145.15 143.97 142.76 141.69 140.49 139.43 138.49 137.47 136.41 135.42 134.48 133.64 132.78 131.98 131.33 130.69 130.06 129.58 129.15 128.88 128.59 128.33 128.12 127.85 127.66 127.49 127.25 127.10 126.89 126.77 126.60 126.59 126.47 126.31 126.12 126.03 125.89 125.80
173.06 172.97 172.87 172.82 172.66 172.53 172.41 172.40 172.23 171.99 171.75 171.46 171.06 170.71 170.29 169.80 169.19 168.60 168.00 167.35 166.63 165.85 165.08 164.24 163.37 162.46 161.41 160.44 159.45 158.28 157.22 156.08 155.02 153.91 152.65 151.58 150.34 149.19 148.07 146.87 145.77 144.75 143.53 142.50 141.52 140.44 139.42 138.46 137.48 136.53 135.65 134.83 134.18 133.41 132.75 132.21 131.66 131.30 130.95 130.60 130.28 130.06 129.83 129.55 129.28 129.09 128.90 128.71 128.57 128.36 128.31 128.09 127.91 127.76 127.55 127.38 127.27
174.07 173.98 173.96 173.86 173.83 173.69 173.50 173.47 173.34 173.09 172.79 172.51 172.19 171.79 171.33 170.84 170.33 169.85 169.20 168.68 167.94 167.15 166.34 165.52 164.64 163.77 162.83 161.79 160.66 159.72 158.63 157.54 156.39 155.34 154.29 153.14 152.08 150.93 149.79 148.65 147.61 146.50 145.50 144.35 143.33 142.42 141.43 140.45 139.43 138.56 137.71 136.89 136.12 135.43 134.79 134.12 133.66 133.14 132.88 132.55 132.25 131.89 131.57 131.30 131.07 130.83 130.61 130.47 130.23 130.05 129.96 129.79 129.57 129.32 129.06 128.93 128.76
175.28 175.17 175.04 174.95 174.82 174.72 174.58 174.59 174.40 174.16 173.92 173.63 173.27 172.86 172.44 172.00 171.52 170.89 170.36 169.82 169.10 168.35 167.51 166.69 165.87 164.98 164.04 163.09 162.16 161.02 159.92 158.91 157.90 156.86 155.74 154.75 153.62 152.59 151.58 150.44 149.36 148.38 147.22 146.22 145.22 144.23 143.31 142.35 141.41 140.50 139.62 138.82 138.05 137.32 136.65 136.10 135.55 135.04 134.68 134.32 133.91 133.64 133.31 133.03 132.76 132.58 132.36 132.12 131.86 131.66 131.60 131.37 131.10 130.82 130.55 130.34 130.24
176.30 176.18 176.13 176.05 175.98 175.80 175.67 175.69 175.45 175.25 174.96 174.64 174.32 173.99 173.59 173.11 172.63 172.14 171.51 170.92 170.30 169.57 168.81 167.94 167.05 166.14 165.30 164.26 163.31 162.31 161.33 160.30 159.25 158.29 157.27 156.16 155.26 154.13 153.12 152.09 151.09 149.99 149.02 147.99 147.09 146.14 145.09 144.17 143.20 142.29 141.45 140.66 139.83 139.20 138.53 137.95 137.36 136.84 136.37 136.05 135.68 135.31 135.02 134.78 134.47 134.19 133.95 133.70 133.43 133.16 133.08 132.82 132.56 132.26 132.02 131.84 131.69
177.48 177.36 177.20 177.10 176.93 176.84 176.72 176.72 176.49 176.23 175.99 175.65 175.31 174.91 174.52 174.13 173.73 173.12 172.59 172.12 171.38 170.68 169.91 169.12 168.33 167.36 166.44 165.60 164.70 163.68 162.60 161.53 160.65 159.69 158.68 157.68 156.60 155.65 154.63 153.69 152.64 151.75 150.70 149.69 148.75 147.77 146.87 145.88 144.98 144.05 143.25 142.43 141.74 140.98 140.36 139.75 139.13 138.61 138.19 137.79 137.46 137.11 136.74 136.39 136.13 135.81 135.51 135.17 134.94 134.64 134.50 134.23 133.95 133.74 133.59 133.38 133.21
178.57 178.43 178.29 178.15 178.07 177.81 177.69 177.65 177.57 177.30 176.96 176.69 176.35 175.94 175.55 175.07 174.62 174.17 173.65 173.07 172.51 171.78 171.16 170.32 169.44 168.59 167.65 166.76 165.74 164.84 163.88 163.01 162.00 161.10 160.12 159.11 158.10 157.13 156.10 155.15 154.27 153.25 152.29 151.34 150.33 149.51 148.48 147.60 146.70 145.87 144.99 144.26 143.48 142.79 142.15 141.48 140.97 140.37 140.00 139.61 139.19 138.80 138.40 138.06 137.74 137.37 137.02 136.73 136.35 136.00 135.87 135.62 135.41 135.22 135.07 134.90 134.68
179.68 179.53 179.40 179.20 178.99 178.88 178.66 178.66 178.43 178.22 177.94 177.59 177.24 176.88 176.41 176.01 175.53 175.00 174.50 174.10 173.38 172.78 171.98 171.29 170.49 169.67 168.79 167.96 167.00 166.09 165.18 164.16 163.26 162.45 161.52 160.62 159.65 158.66 157.67 156.65 155.70 154.79 153.70 152.72 151.82 150.87 150.08 149.13 148.25 147.46 146.66 145.88 145.17 144.50 143.79 143.22 142.59 142.14 141.75 141.32 140.81 140.42 140.01 139.59 139.21 138.84 138.44 138.03 137.67 137.36 137.22 137.00 136.81 136.57 136.39 136.20 136.04
180.74 180.55 180.38 180.23 180.04 179.75 179.61 179.56 179.44 179.12 178.87 178.58 178.20 177.83 177.46 176.90 176.37 175.93 175.36 174.85 174.26 173.53 172.86 172.12 171.41 170.62 169.84 168.90 168.10 167.20 166.35 165.51 164.58 163.76 162.85 161.88 160.94 159.94 159.02 158.03 157.05 156.00 155.08 154.17 153.24 152.41 151.48 150.68 149.84 149.07 148.22 147.52 146.83 146.17 145.49 144.89 144.38 143.79 143.29 142.83 142.39 141.88 141.47 141.05 140.60 140.17 139.75 139.32 138.93 138.66 138.61 138.36 138.18 137.95 137.68 137.50 137.32
181.74 181.58 181.36 181.22 180.98 180.86 180.56 180.48 180.24 180.09 179.71 179.34 179.00 178.65 178.20 177.81 177.35 176.71 176.24 175.76 175.13 174.50 173.84 173.08 172.42 171.63 170.93 170.11 169.25 168.39 167.51 166.61 165.74 164.92 164.01 163.18 162.22 161.27 160.27 159.28 158.29 157.41 156.46 155.48 154.65 153.78 153.01 152.12 151.33 150.53 149.90 149.11 148.42 147.74 147.15 146.50 145.85 145.30 144.87 144.37 143.86 143.40 142.90 142.44 141.95 141.46 141.04 140.63 140.34 140.03 139.97 139.76 139.52 139.27 139.04 138.83 138.67
182.84 182.65 182.39 182.14 181.99 181.65 181.47 181.40 181.19 180.90 180.69 180.35 179.91 179.51 179.16 178.64 178.11 177.67 177.05 176.60 176.08 175.40 174.72 174.10 173.32 172.66 171.83 171.10 170.30 169.48 168.61 167.74 166.88 166.14 165.20 164.27 163.35 162.40 161.47 160.56 159.63 158.66 157.69 156.87 155.99 155.16 154.28 153.59 152.77 152.02 151.28 150.59 149.94 149.27 148.63 147.99 147.47 146.81 146.37 145.87 145.33 144.81 144.30 143.80 143.29 142.86 142.47 142.12 141.78 141.51 141.36 141.07 140.83 140.59 140.36 140.19 139.97
183.73 183.57 183.44 183.23 183.01 182.78 182.43 182.33 182.07 181.88 181.50 181.16 180.86 180.44 179.97 179.54 179.14 178.53 178.06 177.59 176.91 176.38 175.71 175.02 174.27 173.56 172.83 172.13 171.31 170.58 169.73 168.87 168.07 167.24 166.33 165.46 164.57 163.69 162.74 161.82 160.84 159.98 159.07 158.11 157.32 156.52 155.75 154.91 154.15 153.44 152.75 152.06 151.35 150.74 150.16 149.53 148.91 148.36 147.88 147.32 146.80 146.23 145.69 145.14 144.74 144.34 143.96 143.60 143.26 142.87 142.70 142.46 142.15 141.94 141.70 141.46 141.21
184.65 184.53 184.32 184.16 183.93 183.62 183.43 183.28 183.03 182.63 182.41 182.05 181.64 181.27 180.84 180.40 179.86 179.45 178.84 178.47 177.89 177.15 176.60 175.93 175.28 174.58 173.83 173.08 172.39 171.51 170.70 169.90 169.06 168.32 167.43 166.53 165.67 164.77 163.89 162.95 162.18 161.24 160.33 159.49 158.69 157.92 157.10 156.38 155.62 154.86 154.15 153.54 152.86 152.25 151.62 151.04 150.41 149.82 149.26 148.79 148.16 147.61 147.09 146.67 146.18 145.77 145.35 144.95 144.52 144.27 144.15 143.80 143.57 143.29 142.97 142.72 142.43
0.00 185.31 185.13 185.04 184.79 184.56 184.25 184.12 183.86 183.52 183.08 182.77 182.44 182.04 181.62 181.13 180.74 180.23 179.83 179.35 178.74 178.22 177.61 176.93 176.29 175.50 174.90 174.06 173.24 172.54 171.72 170.91 170.11 169.38 168.49 167.68 166.82 165.93 165.09 164.24 163.38 162.52 161.71 160.85 160.13 159.36 158.60 157.79 157.05 156.32 155.68 154.94 154.31 153.66 153.10 152.43 151.82 151.23 150.74 150.16 149.65 149.12 148.62 148.13 147.66 147.18 146.77 146.34 145.99 145.63 145.49 145.25 144.93 144.55 144.24 143.91 143.65
0.00 0.00 0.00 185.76 185.58 185.32 185.10 184.98 184.67 184.27 183.89 183.45 183.04 182.67 182.31 181.88 181.43 180.97 180.46 180.09 179.62 179.01 178.38 177.76 177.14 176.48 175.71 175.06 174.31 173.48 172.74 171.93 171.18 170.52 169.67 168.84 168.07 167.23 166.39 165.54 164.64 163.92 163.00 162.22 161.41 160.67 159.92 159.21 158.45 157.76 156.99 156.36 155.73 155.08 154.40 153.81 153.21 152.57 152.16 151.67 151.14 150.64 150.07 149.58 149.05 148.63 148.16 147.78 147.37 147.05 146.85 146.51 146.16 145.79 145.45 145.15 144.83
0.00 0.00 0.00 186.64 186.39 186.14 185.83 185.75 185.47 185.16 184.71 184.35 183.92 183.50 183.08 182.63 182.20 181.69 181.29 180.79 180.20 179.74 179.14 178.55 177.84 177.21 176.58 175.90 175.13 174.45 173.69 173.05 172.31 171.63 170.86 170.09 169.23 168.44 167.61 166.82 166.04 165.16 164.37 163.56 162.84 162.13 161.32 160.58 159.89 159.17 158.49 157.78 157.08 156.40 155.80 155.17 154.55 154.01 153.54 153.07 152.54 152.00 151.47 150.99 150.49 150.02 149.58 149.17 148.76 148.33 148.10 147.73 147.35 147.07 146.75 146.43 146.16
0.00 0.00 0.00 0.00 187.15 186.91 186.69 186.51 186.24 185.86 185.61 185.13 184.74 184.28 183.80 183.43 182.96 182.55 181.97 181.64 181.14 180.50 179.95 179.36 178.80 178.18 177.52 176.87 176.23 175.49 174.80 173.96 173.26 172.66 171.96 171.16 170.41 169.62 168.81 168.00 167.22 166.47 165.63 164.89 164.13 163.42 162.69 161.97 161.21 160.51 159.77 159.13 158.46 157.84 157.15 156.53 155.91 155.30 154.83 154.38 153.80 153.33 152.81 152.27 151.78 151.31 150.89 150.40 149.97 149.62 149.37 149.03 148.74 148.37 148.04 147.74 147.39
0.00 0.00 0.00 0.00 0.00 187.61 187.38 187.30 187.02 186.75 186.37 186.08 185.64 185.18 184.73 184.23 183.76 183.32 182.88 182.36 181.83 181.35 180.82 180.21 179.61 178.94 178.40 177.71 177.05 176.38 175.69 175.01 174.35 173.75 172.96 172.29 171.44 170.69 169.94 169.20 168.45 167.65 166.90 166.11 165.50 164.78 164.02 163.26 162.51 161.80 161.14 160.40 159.74 159.11 158.49 157.76 157.19 156.54 156.02 155.52 154.99 154.47 153.98 153.54 153.06 152.59 152.12 151.72 151.32 150.91 150.78 150.43 150.09 149.74 149.40 149.01 148.68
0.00 0.00 0.00 0.00 0.00 0.00 188.20 188.01 187.77 187.49 187.20 186.81 186.47 186.07 185.58 185.15 184.65 184.16 183.67 183.24 182.73 182.09 181.59 180.98 180.41 179.86 179.16 178.57 177.95 177.26 176.62 175.91 175.23 174.72 174.01 173.30 172.65 171.89 171.12 170.36 169.57 168.91 168.11 167.41 166.70 166.03 165.31 164.55 163.82 163.13 162.43 161.79 161.08 160.35 159.69 159.01 158.34 157.71 157.30 156.75 156.21 155.71 155.26 154.80 154.35 153.94 153.52 153.10 152.67 152.34 152.21 151.84 151.50 151.11 150.74 150.36 150.01
0.00 0.00 0.00 0.00 0.00 0.00 0.00 0.00 188.54 188.22 187.91 187.67 187.30 186.88 186.49 185.94 185.47 184.96 184.44 183.92 183.37 182.91 182.29 181.80 181.16 180.63 180.00 179.34 178.76 178.15 177.43 176.83 176.20 175.66 174.93 174.27 173.56 172.87 172.20 171.48 170.82 170.03 169.26 168.59 167.92 167.26 166.51 165.86 165.16 164.41 163.72 162.99 162.31 161.59 160.89 160.23 159.57 158.95 158.44 158.00 157.50 156.99 156.50 156.02 155.62 155.23 154.84 154.46 154.07 153.70 153.53 153.18 152.73 152.36 151.96 151.60 151.19
0.00 0.00 0.00 0.00 0.00 0.00 0.00 0.00 189.27 189.00 188.71 188.30 187.98 187.66 187.26 186.86 186.38 185.92 185.40 184.96 184.40 183.79 183.27 182.69 182.11 181.53 180.88 180.30 179.63 178.99 178.38 177.69 177.07 176.60 175.93 175.22 174.60 173.96 173.22 172.55 171.78 171.16 170.46 169.71 169.10 168.47 167.83 167.08 166.34 165.61 164.93 164.17 163.43 162.78 162.09 161.44 160.79 160.22 159.76 159.35 158.78 158.32 157.81 157.38 156.92 156.48 156.08 155.71 155.31 154.93 154.71 154.34 153.95 153.51 153.14 152.74 152.39
0.00 0.00 0.00 0.00 0.00 0.00 0.00 0.00 0.00 189.73 189.41 189.10 188.71 188.30 187.95 187.56 187.17 186.72 186.28 185.81 185.33 184.76 184.16 183.60 183.08 182.45 181.83 181.18 180.63 179.94 179.26 178.59 178.01 177.57 176.90 176.30 175.56 174.86 174.25 173.53 172.92 172.18 171.50 170.81 170.22 169.52 168.81 168.16 167.43 166.74 165.95 165.28 164.61 163.92 163.30 162.73 162.09 161.52 161.11 160.59 160.14 159.66 159.20 158.70 158.21 157.75 157.31 156.91 156.50 156.07 155.94 155.49 155.07 154.73 154.29 153.90 153.62
0.00 0.00 0.00 0.00 0.00 0.00 0.00 0.00 0.00 0.00 190.27 189.92 189.58 189.20 188.80 188.41 187.97 187.58 187.12 186.74 186.23 185.67 185.15 184.53 183.92 183.35 182.72 182.11 181.42 180.78 180.22 179.60 179.02 178.57 177.93 177.20 176.61 175.97 175.24 174.60 173.95 173.30 172.60 171.94 171.28 170.66 169.92 169.16 168.47 167.78 167.17 166.48 165.79 165.18 164.57 163.97 163.41 162.85 162.43 161.97 161.47 160.99 160.46 159.97 159.51 159.04 158.54 158.11 157.68 157.23 157.02 156.61 156.24 155.90 155.56 155.21 154.89
0.00 0.00 0.00 0.00 0.00 0.00 0.00 0.00 0.00 0.00 0.00 190.72 190.34 190.02 189.64 189.17 188.82 188.36 187.95 187.56 187.05 186.56 185.98 185.44 184.91 184.28 183.70 183.10 182.52 181.92 181.22 180.60 180.00 179.57 178.95 178.39 177.64 177.00 176.38 175.63 175.01 174.34 173.62 172.95 172.33 171.65 170.94 170.30 169.63 169.02 168.36 167.72 167.13 166.49 165.85 165.24 164.70 164.13 163.71 163.24 162.69 162.13 161.67 161.14 160.69 160.21 159.75 159.26 158.79 158.36 158.17 157.79 157.45 157.10 156.82 156.55 156.24
0.00 0.00 0.00 0.00 0.00 0.00 0.00 0.00 0.00 0.00 0.00 0.00 0.00 190.85 190.44 190.07 189.62 189.22 188.79 188.41 187.89 187.44 186.92 186.39 185.80 185.22 184.64 184.04 183.44 182.80 182.25 181.61 181.04 180.57 179.95 179.27 178.68 178.00 177.30 176.72 175.98 175.34 174.68 174.00 173.39 172.83 172.17 171.47 170.84 170.17 169.54 168.94 168.30 167.68 167.09 166.51 165.93 165.37 164.88 164.43 163.88 163.43 162.89 162.44 161.93 161.44 161.00 160.49 160.03 159.63 159.45 159.12 158.76 158.45 158.14 157.82 157.51
0.00 0.00 0.00 0.00 0.00 0.00 0.00 0.00 0.00 0.00 0.00 0.00 0.00 191.67 191.28 190.87 190.46 190.01 189.60 189.20 188.73 188.22 187.72 187.18 186.67 186.14 185.56 184.98 184.41 183.81 183.16 182.53 181.97 181.53 180.91 180.36 179.68 179.04 178.41 177.64 176.96 176.32 175.64 174.96 174.40 173.79 173.18 172.57 171.87 171.27 170.61 169.99 169.41 168.83 168.26 167.71 167.09 166.56 166.18 165.74 165.24 164.77 164.26 163.71 163.20 162.77 162.22 161.78 161.37 161.01 160.84 160.52 160.09 159.79 159.42 159.11 158.82
0.00 0.00 0.00 0.00 0.00 0.00 0.00 0.00 0.00 0.00 0.00 0.00 0.00 0.00 0.00 0.00 0.00 0.00 0.00 0.00 0.00 0.00 0.00 0.00 0.00 0.00 0.00 0.00 0.00 0.00 0.00 0.00 0.00 0.00 0.00 0.00 0.00 0.00 0.00 0.00 0.00 0.00 0.00 0.00 0.00 0.00 0.00 0.00 0.00 0.00 0.00 0.00 0.00 0.00 0.00 0.00 0.00 0.00 0.00 0.00 0.00 0.00 0.00 0.00 0.00 0.00 0.00 0.00 0.00 0.00 0.00 0.00 0.00 0.00 0.00 0.00 0.00
0.00 0.00 0.00 0.00 0.00 0.00 0.00 0.00 0.00 0.00 0.00 0.00 0.00 0.00 0.00 0.00 0.00 0.00 0.00 0.00 0.00 0.00 0.00 0.00 0.00 0.00 0.00 0.00 0.00 0.00 0.00 0.00 0.00 0.00 0.00 0.00 0.00 0.00 0.00 0.00 0.00 0.00 0.00 0.00 0.00 0.00 0.00 0.00 0.00 0.00 0.00 0.00 0.00 0.00 0.00 0.00 0.00 0.00 0.00 0.00 0.00 0.00 0.00 0.00 0.00 0.00 0.00 0.00 0.00 0.00 0.00 0.00 0.00 0.00 0.00 0.00 0.00
0.00 0.00 0.00 0.00 0.00 0.00 0.00 0.00 0.00 0.00 0.00 0.00 0.00 0.00 0.00 0.00 0.00 0.00 0.00 0.00 0.00 0.00 0.00 0.00 0.00 0.00 0.00 0.00 0.00 0.00 0.00 0.00 0.00 0.00 0.00 0.00 0.00 0.00 0.00 0.00 0.00 0.00 0.00 0.00 0.00 0.00 0.00 0.00 0.00 0.00 0.00 0.00 0.00 0.00 0.00 0.00 0.00 0.00 0.00 0.00 0.00 0.00 0.00 0.00 0.00 0.00 0.00 0.00 0.00 0.00 0.00 0.00 0.00 0.00 0.00 0.00 0.00
