project/src/data/BOM_climate/monthly_mean_rainfall/rainmar.txt
ncols 886
nrows 691
xllcenter 112.0000
yllcenter -44.5000
cellsize 0.0500
nodata_value 99999.90
[rows 544 to 577 of 691, columns 693 to 769 of 886]
60.30 60.24 56.81 53.65 54.23 53.25 57.72 57.08 53.46 57.68 59.82 64.74 57.52 56.91 59.97 68.95 68.92 57.71 51.73 50.30 48.83 47.06 47.93 49.37 53.03 69.20 64.10 61.97 60.53 55.42 55.75 59.86 58.38 57.33 53.84 57.88 58.83 57.23 63.32 70.35 64.99 63.28 67.28 72.15 70.65 68.73 65.66 59.80 63.27 59.99 62.04 65.09 65.69 66.81 70.15 70.72 72.76 74.67 75.59 73.99 75.97 75.20 72.74 66.08 62.89 62.37 60.34 58.04 56.35 56.78 57.64 58.67 60.14 61.75 63.53 65.24 67.04
58.36 58.69 56.93 54.59 55.17 50.51 53.23 53.69 49.93 55.98 53.92 59.16 53.19 53.29 54.45 61.48 58.26 55.10 55.65 49.87 48.86 47.86 48.29 50.43 50.50 58.67 61.84 58.57 57.29 57.07 55.16 58.07 58.54 59.15 55.60 56.83 58.69 63.12 65.09 68.49 65.06 63.53 66.47 73.64 75.17 75.85 70.43 66.81 64.29 62.73 64.04 65.26 66.24 68.62 68.55 70.61 71.34 73.21 73.46 74.42 70.71 71.33 67.21 62.38 60.41 59.30 57.61 56.25 55.14 55.89 56.88 58.04 59.41 61.16 62.85 64.73 66.58
56.45 56.77 56.46 55.97 55.07 49.63 49.61 49.98 48.96 50.19 51.03 59.08 53.17 53.21 53.86 51.69 54.74 62.42 60.86 51.99 51.52 49.42 48.44 50.05 49.61 52.01 56.16 55.74 55.67 57.56 55.89 57.94 58.53 59.28 57.02 57.62 61.78 62.49 65.13 64.81 65.23 62.42 64.49 69.45 77.75 73.85 72.21 69.03 64.98 65.19 66.04 66.28 67.56 68.45 67.83 68.61 70.66 71.58 72.63 71.88 68.24 68.83 64.54 62.70 65.04 61.34 58.17 55.47 55.18 55.70 56.64 57.77 59.21 60.83 62.68 64.42 66.25
54.55 55.34 55.31 54.06 51.56 48.88 47.10 45.85 45.73 48.15 53.62 55.63 53.51 50.44 51.62 50.58 53.52 59.61 62.87 57.80 56.20 53.06 50.11 49.61 49.22 52.26 54.88 54.36 55.80 57.03 55.89 57.06 57.45 60.29 57.07 58.83 62.39 61.73 61.75 63.38 63.66 63.85 65.38 71.13 75.93 67.20 68.86 66.99 67.06 67.08 66.80 66.39 68.60 69.34 69.64 68.20 66.91 66.90 69.44 70.86 66.45 63.28 62.93 63.13 68.58 64.86 58.86 55.48 55.53 55.97 56.81 57.90 59.27 60.93 62.55 64.37 66.09
53.80 54.66 53.12 54.34 52.84 50.73 54.31 52.02 47.73 44.59 50.97 54.71 49.49 50.46 52.64 50.07 51.64 55.84 59.42 54.10 53.12 53.10 52.95 50.26 49.07 50.67 54.27 54.51 55.28 55.76 55.75 55.66 57.52 58.07 55.02 58.16 59.03 60.80 62.75 63.41 63.70 65.05 67.98 69.75 69.09 67.53 68.23 68.17 67.75 67.51 67.14 66.03 69.35 69.85 68.13 68.34 65.13 64.12 67.42 64.96 63.18 62.31 61.94 63.66 71.67 64.78 57.27 55.49 55.68 56.25 57.09 58.27 59.60 61.07 62.66 64.34 65.99
53.43 53.44 52.90 54.13 54.45 52.68 54.33 57.25 55.42 48.00 47.52 52.16 49.05 50.30 51.70 50.63 52.51 53.55 52.41 52.16 53.20 52.92 51.55 50.50 50.58 52.31 53.85 53.48 52.43 55.68 53.99 53.26 55.50 54.39 57.46 58.64 60.75 61.52 62.26 63.20 64.34 65.46 67.01 68.04 68.03 67.77 68.02 68.16 67.80 67.89 66.70 65.11 67.35 66.26 66.81 66.74 65.46 63.88 62.87 62.55 61.56 60.82 61.36 61.41 63.24 61.11 56.32 55.64 56.08 56.73 57.61 58.75 59.95 61.33 62.89 64.48 65.99
48.60 51.37 50.44 54.49 55.61 55.61 56.23 57.38 57.48 50.37 48.22 48.91 49.29 50.96 51.95 50.60 52.44 53.54 54.30 51.61 51.86 54.48 53.34 50.78 49.77 54.45 55.72 51.65 51.91 54.32 52.09 51.14 52.04 54.24 56.47 58.64 60.40 60.69 60.93 62.93 64.59 66.68 67.32 67.86 67.09 67.57 66.86 67.83 66.90 66.49 63.60 64.00 65.05 64.17 65.66 65.32 62.99 62.80 62.08 63.11 62.04 59.37 58.68 58.11 60.30 60.02 55.65 55.57 56.18 57.11 58.06 59.12 60.48 61.70 63.18 64.59 66.09
47.17 46.52 49.01 54.68 52.73 51.97 52.33 54.82 51.98 50.75 50.92 50.41 49.69 50.59 50.16 50.51 51.99 53.24 54.61 52.17 51.18 52.11 52.42 50.99 50.30 50.50 49.76 50.76 51.33 51.86 52.13 54.27 54.20 52.87 56.70 58.43 60.30 61.80 60.71 62.81 64.84 67.62 68.50 67.15 67.12 65.57 65.27 66.32 64.46 63.05 61.64 61.22 62.50 62.91 64.38 62.66 61.66 64.28 64.48 62.96 63.75 59.96 58.29 56.76 55.69 54.93 54.73 55.49 56.53 57.41 58.45 59.58 60.72 62.07 63.33 64.81 66.19
44.42 51.36 52.24 54.79 51.23 49.21 50.88 50.78 52.84 50.40 52.47 52.87 52.25 52.21 50.49 51.24 52.13 53.28 53.15 53.16 50.77 49.39 51.40 51.53 51.43 51.23 49.00 50.60 51.29 51.63 52.92 54.71 53.89 53.76 53.49 56.95 59.21 61.00 61.49 62.43 64.37 66.13 66.85 66.59 66.41 64.38 65.03 65.81 62.56 60.96 60.76 59.55 60.52 61.30 61.62 60.50 60.96 61.92 63.37 64.49 60.70 58.89 57.31 56.39 55.51 54.73 54.82 55.73 56.67 57.79 58.82 59.88 61.05 62.27 63.61 64.96 66.31
44.22 48.66 50.44 51.92 49.43 48.61 49.04 49.67 51.87 50.61 51.32 52.35 52.79 52.24 50.48 51.77 52.34 52.94 51.44 51.88 50.29 48.63 50.06 50.48 48.78 48.05 49.76 50.57 50.62 51.86 52.64 52.37 53.54 54.13 54.02 55.66 57.16 59.71 61.45 62.56 64.52 65.70 66.14 66.33 65.22 63.71 64.42 63.15 62.61 60.78 59.61 59.38 59.55 60.86 60.59 61.13 60.03 60.56 62.44 62.36 59.42 57.68 56.87 56.29 55.75 55.41 55.55 56.20 57.15 58.06 59.08 60.21 61.36 62.54 63.82 65.10 66.39
45.35 47.77 49.18 48.46 50.10 46.82 48.45 48.87 49.99 49.87 50.25 52.28 51.99 51.22 49.81 49.83 51.05 51.83 51.16 48.87 47.92 47.67 48.99 47.61 47.26 49.14 49.71 50.67 50.74 51.32 51.13 51.77 52.50 53.61 54.26 54.39 56.02 58.01 60.09 62.98 64.56 65.49 65.88 65.46 64.19 63.12 62.63 61.02 59.89 58.81 59.65 59.43 59.28 60.02 58.28 59.37 60.67 60.45 59.53 58.70 57.56 56.90 56.62 56.32 56.01 55.93 56.12 56.70 57.48 58.43 59.42 60.48 61.61 62.82 64.03 65.29 66.67
46.45 48.00 48.47 46.79 46.37 46.60 48.89 47.65 48.90 49.28 50.74 51.72 50.45 49.00 48.18 48.24 48.27 48.22 49.60 46.74 47.53 46.80 46.77 47.18 46.89 49.41 50.12 49.83 50.31 50.16 51.21 51.66 52.36 53.35 54.21 55.46 56.66 57.92 59.41 62.23 63.42 65.09 65.09 64.40 63.19 62.82 60.90 59.72 59.33 58.72 58.79 58.95 57.01 57.48 57.36 57.95 58.75 57.82 56.83 56.82 56.80 56.70 56.52 56.36 56.27 56.33 56.62 57.12 57.91 58.72 59.74 60.78 61.85 63.08 64.30 65.54 66.81
51.30 45.48 47.66 48.24 45.38 45.04 45.23 45.98 47.49 48.19 49.16 49.08 48.49 48.72 47.88 47.12 46.48 46.26 46.35 45.87 45.95 46.33 45.82 46.44 46.73 48.59 49.31 49.80 49.88 50.54 51.28 51.89 52.29 53.10 54.03 55.16 56.32 57.74 59.43 61.09 62.41 63.16 63.15 62.63 61.81 61.09 60.12 59.39 58.60 57.91 57.18 56.57 56.18 56.10 56.03 56.15 56.33 56.49 56.54 56.55 56.50 56.48 56.40 56.42 56.45 56.69 57.02 57.52 58.26 59.15 60.05 61.10 62.20 63.35 64.57 65.84 67.14
54.23 45.32 45.68 47.03 45.57 44.37 44.42 44.35 45.78 47.36 48.06 47.80 47.29 47.28 47.46 47.27 46.90 46.35 45.88 45.45 45.01 45.00 45.09 45.56 46.91 48.30 48.75 49.73 49.94 50.25 51.07 51.49 52.29 53.16 54.18 55.24 56.43 57.73 58.94 60.19 61.18 61.78 62.01 61.71 61.24 60.64 59.92 59.30 58.59 57.94 57.34 56.67 56.16 56.06 56.01 56.09 56.16 56.30 56.37 56.39 56.43 56.42 56.47 56.51 56.69 56.95 57.31 57.86 58.63 59.45 60.42 61.45 62.51 63.65 64.86 66.05 67.34
52.13 45.65 44.21 44.00 42.57 42.84 43.31 43.54 44.36 45.63 46.29 46.32 45.96 46.06 45.79 45.92 46.21 46.06 45.95 45.60 44.96 44.88 45.05 45.47 46.32 47.12 47.83 48.74 49.51 50.31 51.09 51.77 52.56 53.43 54.36 55.37 56.43 57.51 58.61 59.64 60.39 60.94 61.18 61.05 60.74 60.24 59.68 59.11 58.50 57.96 57.39 56.82 56.44 56.19 56.19 56.19 56.18 56.31 56.31 56.29 56.34 56.39 56.51 56.66 56.88 57.27 57.70 58.26 59.03 59.87 60.74 61.74 62.81 63.96 65.11 66.36 67.65
50.49 45.27 44.24 43.72 42.63 42.07 42.21 42.98 42.72 43.54 44.73 44.93 44.62 44.86 44.67 44.72 44.94 44.86 44.88 44.83 44.66 44.71 44.98 45.56 46.18 46.93 47.87 48.67 49.55 50.37 51.15 51.88 52.65 53.48 54.41 55.34 56.30 57.31 58.19 59.03 59.72 60.16 60.40 60.38 60.21 59.85 59.42 58.96 58.46 57.94 57.47 56.98 56.61 56.38 56.23 56.14 56.18 56.25 56.24 56.28 56.42 56.51 56.62 56.86 57.19 57.52 57.97 58.61 59.34 60.22 61.19 62.15 63.16 64.26 65.40 66.62 67.84
47.15 44.53 43.62 43.15 42.58 42.07 41.92 42.22 42.36 42.30 43.06 43.36 43.38 43.79 43.66 43.50 43.78 43.93 44.09 44.14 44.32 44.60 44.99 45.54 46.23 46.98 47.80 48.64 49.53 50.37 51.11 51.85 52.62 53.45 54.25 55.15 56.07 56.92 57.76 58.49 59.03 59.49 59.71 59.74 59.60 59.38 59.08 58.68 58.28 57.88 57.46 57.07 56.72 56.51 56.36 56.26 56.24 56.35 56.37 56.43 56.47 56.66 56.88 57.12 57.44 57.95 58.44 59.03 59.85 60.68 61.54 62.51 63.49 64.61 65.73 66.90 68.12
46.27 45.04 44.46 43.67 43.19 42.64 42.16 42.00 42.07 42.10 42.20 42.31 42.56 42.83 42.85 43.00 43.21 43.48 43.71 43.94 44.19 44.53 45.02 45.58 46.23 46.96 47.75 48.55 49.41 50.19 50.98 51.74 52.44 53.24 54.09 54.87 55.75 56.55 57.28 57.93 58.45 58.81 59.07 59.09 59.09 58.92 58.68 58.46 58.07 57.71 57.39 57.04 56.78 56.62 56.46 56.39 56.38 56.51 56.52 56.57 56.74 56.92 57.15 57.50 57.86 58.30 58.82 59.51 60.25 61.10 62.03 62.90 63.91 64.95 66.08 67.22 68.39
45.06 44.67 44.16 44.57 43.83 43.15 42.90 42.39 42.10 42.13 42.14 42.28 42.40 42.56 42.72 42.95 43.26 43.45 43.61 43.87 44.17 44.56 45.03 45.60 46.24 46.93 47.64 48.43 49.23 50.07 50.81 51.50 52.28 53.02 53.76 54.56 55.34 56.11 56.81 57.41 57.89 58.24 58.47 58.58 58.59 58.49 58.37 58.09 57.88 57.60 57.29 57.07 56.82 56.65 56.58 56.52 56.53 56.66 56.71 56.84 56.99 57.21 57.48 57.82 58.23 58.75 59.30 59.92 60.72 61.53 62.36 63.32 64.25 65.34 66.42 67.53 68.68
44.05 44.23 44.56 44.82 44.14 43.57 43.10 42.80 42.51 42.59 42.52 42.45 42.49 42.64 42.80 43.08 43.28 43.36 43.61 43.85 44.19 44.60 45.07 45.55 46.19 46.83 47.53 48.29 48.98 49.78 50.55 51.24 52.02 52.74 53.49 54.22 54.98 55.67 56.33 56.84 57.33 57.68 57.96 58.09 58.14 58.10 58.00 57.84 57.63 57.40 57.21 56.98 56.86 56.73 56.70 56.60 56.70 56.84 56.92 57.05 57.25 57.51 57.81 58.18 58.66 59.13 59.70 60.37 61.09 61.96 62.85 63.70 64.65 65.65 66.73 67.84 69.00
45.37 45.17 45.74 47.65 48.81 48.10 46.68 46.28 45.48 45.08 44.48 43.94 43.43 42.96 43.03 43.11 43.26 43.42 43.65 43.93 44.23 44.61 45.06 45.56 46.16 46.75 47.39 48.10 48.81 49.54 50.27 50.95 51.65 52.43 53.12 53.85 54.54 55.24 55.83 56.36 56.81 57.16 57.44 57.62 57.72 57.73 57.70 57.60 57.44 57.32 57.15 56.99 56.86 56.80 56.77 56.76 56.82 56.99 57.15 57.34 57.53 57.83 58.18 58.58 59.01 59.54 60.09 60.73 61.53 62.33 63.15 64.10 65.01 66.05 67.08 68.16 69.21
47.68 50.22 49.87 49.58 49.26 48.69 48.21 46.89 45.90 45.01 44.44 44.05 43.58 43.26 43.10 43.18 43.34 43.50 43.71 43.96 44.28 44.62 45.06 45.51 46.05 46.64 47.29 47.90 48.61 49.28 49.95 50.65 51.34 52.05 52.75 53.43 54.11 54.73 55.36 55.84 56.29 56.64 56.97 57.15 57.27 57.34 57.36 57.29 57.24 57.12 57.03 57.00 56.91 56.88 56.92 56.94 57.05 57.26 57.45 57.58 57.86 58.18 58.52 58.94 59.41 59.96 60.53 61.21 61.91 62.76 63.61 64.45 65.41 66.39 67.37 68.44 69.56
52.30 52.27 54.72 54.01 52.13 49.84 47.98 45.92 45.03 44.79 44.29 44.00 43.49 43.14 43.18 43.34 43.43 43.57 43.77 43.99 44.28 44.63 45.01 45.51 45.99 46.56 47.15 47.74 48.37 49.05 49.70 50.31 50.99 51.70 52.37 53.03 53.70 54.27 54.81 55.31 55.72 56.09 56.38 56.59 56.77 56.88 56.97 57.03 57.04 57.00 56.96 56.96 56.89 57.02 57.02 57.09 57.27 57.53 57.70 57.98 58.25 58.57 58.99 59.39 59.89 60.40 60.95 61.61 62.39 63.19 64.04 64.95 65.81 66.75 67.78 68.84 69.90
59.39 62.70 59.10 54.72 52.70 49.87 48.07 46.40 45.37 44.54 43.99 43.64 43.32 43.28 43.31 43.41 43.47 43.62 43.77 43.99 44.31 44.60 44.96 45.41 45.88 46.43 47.00 47.55 48.20 48.82 49.39 50.04 50.69 51.31 52.01 52.58 53.20 53.80 54.34 54.79 55.22 55.59 55.90 56.12 56.30 56.46 56.62 56.66 56.75 56.79 56.87 56.89 56.99 57.03 57.17 57.27 57.44 57.79 58.03 58.28 58.59 58.94 59.34 59.83 60.31 60.89 61.48 62.15 62.88 63.71 64.51 65.32 66.22 67.16 68.16 69.17 70.25
70.50 64.00 55.63 52.46 50.96 48.98 46.33 45.33 44.76 44.11 43.71 43.45 43.38 43.38 43.36 43.44 43.56 43.59 43.80 44.00 44.22 44.55 44.90 45.31 45.76 46.24 46.80 47.38 47.95 48.52 49.16 49.69 50.30 50.98 51.61 52.18 52.77 53.33 53.80 54.29 54.72 55.09 55.36 55.64 55.90 56.07 56.25 56.42 56.54 56.61 56.72 56.80 56.95 57.14 57.25 57.43 57.66 58.05 58.28 58.63 58.95 59.32 59.77 60.21 60.77 61.30 61.86 62.56 63.33 64.11 64.95 65.77 66.62 67.57 68.56 69.56 70.61
62.71 56.36 54.44 52.59 50.25 48.60 45.95 44.89 44.59 43.93 43.72 43.61 43.53 43.45 43.44 43.45 43.51 43.62 43.74 43.96 44.22 44.49 44.83 45.22 45.64 46.14 46.65 47.14 47.75 48.32 48.86 49.43 50.03 50.61 51.21 51.81 52.30 52.84 53.37 53.81 54.20 54.61 54.95 55.17 55.42 55.71 55.95 56.10 56.26 56.42 56.58 56.74 56.88 57.08 57.33 57.52 57.81 58.22 58.54 58.85 59.24 59.65 60.09 60.60 61.10 61.73 62.33 62.96 63.74 64.54 65.29 66.14 67.05 67.96 68.92 69.91 70.93
53.38 50.34 52.12 49.76 48.79 47.31 45.75 44.78 44.45 44.14 43.92 43.82 43.64 43.51 43.49 43.45 43.53 43.61 43.74 43.92 44.15 44.44 44.74 45.13 45.51 45.98 46.47 46.98 47.52 48.02 48.60 49.15 49.68 50.27 50.85 51.39 51.90 52.42 52.86 53.31 53.76 54.11 54.43 54.74 55.06 55.31 55.60 55.83 56.01 56.23 56.37 56.59 56.83 57.09 57.30 57.61 57.91 58.35 58.67 59.07 59.45 59.85 60.34 60.89 61.48 62.02 62.63 63.32 64.09 64.89 65.73 66.55 67.39 68.29 69.26 70.25 71.25
50.06 49.24 48.36 48.01 47.60 46.73 45.73 45.05 44.66 44.43 44.14 43.93 43.75 43.61 43.53 43.51 43.55 43.59 43.69 43.91 44.10 44.36 44.67 45.03 45.42 45.89 46.30 46.78 47.32 47.85 48.36 48.90 49.42 49.97 50.51 51.01 51.53 52.00 52.47 52.94 53.36 53.71 54.09 54.37 54.69 55.02 55.30 55.55 55.84 56.06 56.29 56.57 56.81 57.07 57.44 57.67 58.05 58.51 58.93 59.32 59.74 60.18 60.68 61.24 61.76 62.42 63.01 63.66 64.50 65.27 66.06 66.94 67.77 68.70 69.63 70.57 71.57
49.45 48.65 48.10 47.35 46.86 46.30 45.75 45.37 45.00 44.62 44.33 44.14 43.82 43.73 43.59 43.53 43.60 43.60 43.70 43.83 44.05 44.28 44.61 44.95 45.28 45.72 46.16 46.62 47.13 47.59 48.12 48.62 49.14 49.67 50.22 50.68 51.17 51.68 52.08 52.54 52.98 53.39 53.74 54.06 54.41 54.77 55.08 55.38 55.64 55.91 56.21 56.51 56.83 57.16 57.46 57.80 58.18 58.71 59.08 59.52 59.99 60.47 60.99 61.56 62.17 62.75 63.38 64.08 64.86 65.68 66.51 67.27 68.13 69.00 69.97 70.94 71.92
49.83 48.94 48.18 47.56 47.02 46.54 46.06 45.59 45.20 44.85 44.50 44.18 43.93 43.75 43.61 43.59 43.55 43.56 43.66 43.81 43.95 44.19 44.46 44.78 45.17 45.54 45.97 46.40 46.91 47.37 47.81 48.36 48.83 49.35 49.84 50.33 50.80 51.27 51.74 52.20 52.62 53.04 53.42 53.80 54.16 54.49 54.89 55.17 55.50 55.83 56.13 56.48 56.81 57.12 57.50 57.87 58.29 58.82 59.29 59.76 60.24 60.76 61.30 61.87 62.43 63.11 63.69 64.36 65.19 65.95 66.74 67.60 68.42 69.34 70.25 71.20 72.18
50.27 49.32 48.54 47.95 47.33 46.82 46.33 45.85 45.40 44.96 44.58 44.27 43.99 43.80 43.62 43.57 43.52 43.51 43.61 43.70 43.88 44.11 44.33 44.65 44.96 45.33 45.77 46.20 46.65 47.10 47.59 48.07 48.57 49.05 49.52 50.00 50.50 50.94 51.38 51.86 52.29 52.72 53.14 53.54 53.93 54.34 54.67 55.02 55.36 55.68 56.03 56.42 56.79 57.16 57.51 57.94 58.38 59.00 59.43 59.95 60.47 60.93 61.50 62.08 62.72 63.32 64.01 64.71 65.44 66.25 67.05 67.84 68.70 69.57 70.53 71.50 72.48
50.66 49.80 49.00 48.27 47.68 47.05 46.47 45.97 45.50 45.04 44.67 44.30 44.00 43.74 43.61 43.51 43.46 43.47 43.47 43.64 43.75 43.94 44.17 44.49 44.79 45.15 45.56 45.95 46.41 46.86 47.29 47.81 48.26 48.77 49.22 49.71 50.19 50.62 51.12 51.55 51.99 52.43 52.83 53.29 53.70 54.10 54.54 54.90 55.23 55.64 56.03 56.36 56.77 57.14 57.58 57.97 58.50 59.09 59.57 60.08 60.59 61.15 61.72 62.31 62.95 63.62 64.21 64.87 65.71 66.47 67.30 68.16 68.96 69.90 70.81 71.73 72.69
50.92 50.02 49.27 48.58 47.83 47.25 46.73 46.12 45.58 45.08 44.69 44.32 43.98 43.77 43.55 43.46 43.37 43.33 43.39 43.48 43.63 43.81 44.03 44.31 44.60 44.98 45.34 45.74 46.19 46.61 47.10 47.56 48.04 48.49 48.98 49.43 49.89 50.38 50.85 51.25 51.75 52.15 52.62 53.06 53.47 53.94 54.37 54.75 55.13 55.54 55.98 56.38 56.78 57.18 57.62 58.09 58.56 59.19 59.70 60.19 60.72 61.28 61.87 62.46 63.14 63.78 64.48 65.19 65.93 66.77 67.55 68.38 69.23 70.08 71.02 71.93 72.89
51.11 50.35 49.56 48.72 48.10 47.36 46.73 46.10 45.56 45.10 44.67 44.24 43.95 43.67 43.48 43.37 43.26 43.24 43.24 43.32 43.44 43.61 43.86 44.13 44.43 44.77 45.13 45.53 45.94 46.36 46.81 47.31 47.78 48.27 48.71 49.19 49.66 50.11 50.59 51.04 51.48 51.95 52.38 52.88 53.34 53.72 54.19 54.62 55.05 55.51 55.90 56.37 56.79 57.23 57.70 58.14 58.70 59.29 59.79 60.31 60.85 61.43 62.04 62.70 63.32 64.01 64.65 65.36 66.22 66.99 67.82 68.65 69.44 70.34 71.23 72.15 73.05
