project/src/data/BOM_climate/monthly_mean_rainfall/raindec.txt
ncols 886
nrows 691
xllcenter 112.0000
yllcenter -44.5000
cellsize 0.0500
nodata_value 99999.90
[rows 272 to 305 of 691, columns 308 to 384 of 886]
47.97 48.05 48.47 48.99 49.13 49.56 49.45 48.82 48.79 49.51 50.16 50.37 50.04 49.95 50.28 49.98 49.18 48.60 48.11 47.75 47.42 47.20 47.07 47.10 47.27 47.17 46.47 46.16 45.93 45.72 45.60 45.50 45.11 44.84 44.74 44.70 44.66 44.64 45.02 44.99 45.23 45.56 45.90 46.29 45.78 45.59 45.59 45.77 45.70 45.75 45.72 45.69 45.73 45.76 45.80 45.84 46.03 46.11 46.04 46.08 45.98 46.00 45.95 45.87 45.89 45.92 45.91 45.83 45.88 45.82 45.83 45.79 45.77 45.90 46.01 45.67 45.52
47.80 47.85 48.20 48.75 49.03 49.28 49.43 48.90 48.78 49.43 49.92 49.93 49.77 49.68 49.66 50.07 49.65 49.00 48.12 47.77 47.66 47.64 47.51 47.24 47.25 47.62 46.92 46.41 46.23 45.93 45.73 46.20 45.86 45.24 45.09 45.06 44.93 44.91 44.95 45.16 45.67 46.03 46.15 46.41 45.82 45.65 45.47 45.45 45.46 45.47 45.54 45.57 45.94 45.79 45.72 45.77 45.84 45.90 45.80 45.82 45.98 45.93 45.92 46.01 46.06 46.18 45.92 45.82 45.78 45.75 45.87 45.63 45.50 45.74 46.14 45.66 45.40
48.17 48.04 48.10 48.33 48.55 48.86 48.99 48.82 48.95 49.69 50.27 50.09 49.98 50.04 49.87 50.02 49.74 48.87 48.31 47.96 48.00 48.03 48.01 47.94 47.55 48.03 47.60 47.00 46.48 46.24 46.05 45.85 45.73 45.58 45.53 45.62 45.58 45.50 45.48 45.78 46.12 46.41 46.06 46.34 46.08 45.92 45.59 45.53 45.52 45.59 45.71 45.79 46.01 45.98 45.94 46.05 45.99 45.99 45.87 45.81 45.75 45.93 46.34 46.62 47.00 47.40 46.91 46.91 46.47 45.95 45.69 45.44 45.19 44.96 45.16 45.68 45.58
48.55 48.34 48.18 48.21 48.35 48.50 48.55 48.71 49.34 49.92 50.01 50.08 50.53 50.41 49.88 49.36 49.26 48.72 48.30 48.09 48.14 48.58 48.37 47.97 47.93 48.02 47.60 47.01 46.69 46.49 46.40 46.33 46.42 46.36 46.22 46.27 46.02 45.97 46.13 46.47 46.40 46.54 46.30 45.98 45.73 45.56 45.54 45.56 45.75 45.97 46.13 46.23 46.17 46.07 45.94 46.01 46.05 45.91 45.72 45.63 45.53 45.53 45.88 46.35 46.48 46.66 46.87 47.36 46.88 46.24 45.64 45.35 44.99 44.73 44.76 44.83 45.37
48.97 48.65 48.33 48.19 48.22 48.23 48.39 48.96 49.58 50.07 49.71 49.79 50.34 50.16 49.83 49.44 48.82 48.58 48.31 48.30 48.34 48.54 48.97 48.42 48.03 47.76 47.50 47.22 46.90 46.82 46.92 46.94 47.15 47.21 46.75 46.47 46.39 46.33 46.58 46.86 47.08 46.94 46.36 45.93 45.71 45.79 45.94 45.69 45.83 45.96 45.97 46.20 46.51 46.34 46.07 46.19 46.56 46.28 45.78 45.51 45.50 45.41 45.51 45.65 45.68 45.79 45.82 46.54 47.20 46.67 46.37 45.83 45.35 44.93 44.70 44.63 44.85
49.28 48.97 48.58 48.37 48.27 48.30 48.49 48.96 49.67 49.61 49.73 50.12 50.21 49.83 49.47 49.45 48.82 48.54 48.46 48.53 48.58 48.81 49.30 48.94 48.49 48.19 47.90 47.60 47.28 47.44 47.78 47.67 47.49 47.33 46.78 46.79 47.17 46.99 46.96 47.36 47.38 47.04 46.83 46.54 46.12 45.69 45.62 45.83 46.08 46.39 46.46 46.36 46.40 46.67 46.60 46.96 47.15 46.78 45.84 45.72 45.65 45.60 45.46 45.25 45.24 45.46 45.83 46.09 46.07 46.25 45.87 46.37 46.39 45.64 45.10 44.65 44.94
49.81 49.42 49.06 48.74 48.37 48.35 48.54 48.83 49.45 49.50 50.10 50.03 49.54 49.33 49.19 48.99 48.78 48.72 48.77 48.94 48.97 49.21 49.42 49.59 49.15 48.83 48.67 48.48 48.16 47.93 47.88 47.48 47.45 47.53 47.45 47.26 47.64 47.91 47.88 47.92 47.72 47.37 47.51 47.33 46.85 46.05 45.54 45.52 45.88 46.21 46.53 46.76 47.00 47.27 47.17 47.60 47.43 46.76 46.15 46.32 46.06 45.78 45.46 45.22 45.19 45.19 45.37 45.48 45.43 45.40 45.56 45.74 46.41 46.68 45.53 45.08 44.98
50.29 49.89 49.58 49.02 48.47 48.32 48.62 48.96 49.31 49.84 50.52 50.11 49.53 49.25 49.14 49.04 48.98 48.98 49.06 49.32 49.40 49.93 49.84 49.75 49.82 49.92 49.38 48.63 47.96 47.67 47.66 47.41 47.28 47.56 48.13 47.93 48.13 48.38 48.31 47.62 47.21 46.80 46.67 46.72 46.44 46.01 45.61 45.72 46.13 45.95 46.09 46.67 47.01 46.97 47.22 47.82 47.59 47.10 46.96 46.88 46.84 46.62 46.11 45.50 45.23 45.37 45.79 45.94 46.09 45.80 45.82 45.56 46.02 46.78 46.12 45.45 44.95
50.42 50.16 49.73 49.10 48.52 48.45 48.80 49.56 50.13 50.12 50.01 49.66 49.43 49.39 49.27 49.27 49.24 49.33 49.52 49.58 50.10 50.13 49.78 50.00 50.77 50.75 49.34 48.42 47.98 47.61 47.46 47.41 47.51 47.56 47.63 47.95 48.55 48.37 47.66 47.14 46.88 46.71 46.39 46.03 45.87 45.78 45.74 46.13 46.72 46.62 46.15 46.03 46.27 46.46 46.56 47.00 46.93 46.41 46.83 47.14 47.09 46.51 46.12 46.22 45.89 45.23 45.16 45.31 45.87 46.28 46.51 46.24 45.68 46.17 46.70 46.06 45.49
50.36 49.85 49.33 48.88 48.59 48.63 48.89 49.40 50.02 50.83 50.13 49.66 49.47 49.69 50.11 49.74 49.68 49.72 50.08 49.82 50.18 49.75 49.54 49.99 50.29 49.55 48.71 48.17 47.83 47.59 47.48 47.41 47.57 47.84 47.59 47.68 47.95 47.75 47.16 46.78 46.86 46.61 47.00 46.55 46.07 45.88 45.94 46.35 46.26 46.22 46.08 46.01 45.87 45.81 45.84 46.06 46.05 45.83 46.08 46.19 46.43 46.32 45.69 45.88 46.17 45.61 45.19 45.10 45.26 45.48 45.84 46.26 46.19 45.69 46.11 46.12 45.58
50.44 50.01 49.36 48.91 48.91 48.70 48.95 49.43 49.98 50.30 50.07 49.79 49.70 49.73 49.94 50.23 50.13 50.01 50.55 50.45 50.66 49.85 49.30 49.34 49.23 48.85 48.42 48.09 47.77 47.62 47.53 47.81 48.27 48.76 48.20 47.51 47.45 47.41 47.23 47.04 46.80 46.65 46.98 47.00 46.42 46.05 46.24 46.24 45.93 45.80 45.41 45.56 45.73 46.00 45.91 45.68 45.68 45.71 45.68 45.55 45.50 45.69 45.69 45.40 45.86 45.40 45.70 45.79 45.48 45.27 45.58 45.73 45.86 45.82 45.49 45.72 45.47
50.32 49.65 49.27 49.18 49.06 48.99 49.12 49.29 49.64 49.85 49.93 50.12 50.15 50.26 50.18 50.23 50.67 50.29 50.63 51.30 50.94 49.89 49.29 49.01 48.85 48.57 48.25 48.03 47.88 47.78 47.73 48.17 49.01 49.65 48.84 47.83 47.34 47.15 47.07 46.92 46.78 46.66 46.53 46.45 46.29 46.12 45.97 45.85 45.68 45.45 45.23 45.36 45.57 45.93 46.03 46.17 45.78 45.57 45.52 45.50 44.99 44.88 44.88 45.02 45.26 44.91 45.28 45.57 45.85 45.29 45.00 44.78 44.77 44.99 45.03 44.65 45.17
49.89 49.58 49.60 49.67 49.29 49.51 49.55 49.76 49.90 50.21 50.29 50.57 50.84 50.85 50.71 50.67 50.78 50.87 51.40 51.18 50.51 50.14 49.41 49.17 48.85 48.60 48.28 48.12 48.05 47.95 47.85 48.10 48.56 49.00 48.82 48.26 47.58 47.25 47.14 47.05 46.97 46.78 46.63 46.52 46.37 46.21 46.09 45.86 45.73 45.50 45.35 45.21 45.10 45.26 45.39 45.45 45.63 45.52 45.40 45.30 45.33 44.96 44.92 44.66 44.39 44.53 44.85 45.09 45.31 45.52 44.83 44.19 44.09 44.01 43.79 43.71 43.74
49.88 49.96 50.29 50.26 50.05 49.90 50.33 50.82 50.74 50.54 50.77 51.36 51.67 51.81 51.55 51.70 51.88 51.89 51.47 51.04 50.75 50.12 49.54 49.28 48.89 48.61 48.43 48.29 48.20 48.14 48.06 48.09 48.19 48.26 48.19 47.97 47.77 47.65 47.52 47.36 47.16 47.00 46.86 46.71 46.55 46.40 46.29 46.18 45.92 45.71 45.53 45.37 45.14 44.98 44.94 44.99 45.11 45.08 45.33 45.26 44.89 44.77 44.87 44.37 44.52 44.17 44.27 44.35 44.60 44.87 44.60 43.95 43.61 43.24 43.03 43.10 42.89
50.11 50.68 50.96 50.96 50.47 50.49 50.99 51.33 51.35 51.26 51.29 51.78 51.83 51.20 51.04 51.39 51.35 52.03 52.31 52.17 51.46 50.34 49.68 49.36 49.03 48.86 48.63 48.54 48.46 48.40 48.38 48.31 48.35 48.38 48.29 48.25 48.18 48.05 47.92 47.74 47.50 47.29 47.16 47.03 46.81 46.67 46.58 46.36 46.14 45.89 45.71 45.50 45.29 45.11 44.79 44.75 44.79 45.08 45.00 44.70 44.52 44.25 44.35 44.60 44.35 44.03 43.62 43.68 44.18 44.27 43.97 44.09 43.56 43.20 42.71 42.19 42.18
50.85 51.08 51.34 51.30 50.79 50.45 50.36 50.53 50.97 51.01 51.20 51.24 51.08 50.79 50.73 50.98 51.38 51.83 52.46 52.92 51.85 50.85 49.93 49.53 49.37 49.20 49.01 48.87 48.87 48.80 48.76 48.71 48.81 48.85 48.77 48.75 48.69 48.57 48.39 48.15 47.87 47.69 47.57 47.40 47.20 47.03 46.87 46.67 46.42 46.19 46.01 45.66 45.43 45.25 44.99 44.75 44.57 44.50 44.47 44.32 44.18 43.98 43.99 44.25 43.80 43.77 43.88 43.75 43.43 43.42 43.25 43.41 43.02 42.57 42.54 42.22 41.54
50.91 50.53 50.88 51.10 50.59 50.05 49.99 50.35 50.93 51.40 51.28 50.86 50.71 50.63 50.83 51.00 51.55 51.66 52.22 52.71 52.22 50.99 50.27 49.88 49.70 49.55 49.36 49.25 49.22 49.19 49.20 49.16 49.19 49.24 49.19 49.16 49.13 49.02 48.83 48.65 48.30 48.14 47.94 47.70 47.54 47.32 47.14 46.92 46.69 46.49 46.27 46.04 45.71 45.30 45.03 44.79 44.57 44.50 44.19 44.00 44.16 43.90 43.68 43.48 43.43 43.43 43.61 43.79 43.29 42.68 42.55 42.42 42.40 41.86 41.61 41.42 41.03
50.30 50.49 50.97 50.35 50.09 50.03 50.53 51.12 51.26 51.00 50.75 50.71 50.63 50.68 50.79 50.87 51.46 51.44 51.92 52.40 52.13 51.08 50.45 50.25 50.13 49.95 49.78 49.72 49.65 49.62 49.67 49.71 49.69 49.70 49.69 49.61 49.51 49.40 49.21 49.02 48.80 48.64 48.34 48.02 47.83 47.63 47.41 47.15 46.95 46.75 46.46 46.19 46.02 45.65 45.28 44.98 44.73 44.36 44.07 43.88 43.89 44.01 43.77 43.31 43.11 42.88 42.95 42.75 42.86 42.77 42.25 41.96 42.23 41.90 41.44 40.79 40.53
50.07 50.68 50.63 49.92 49.89 50.53 50.94 51.52 51.79 51.04 50.62 50.69 50.88 50.96 51.05 51.02 51.30 51.64 51.91 52.41 53.06 51.23 50.80 50.66 50.58 50.51 50.29 50.26 50.18 50.18 50.24 50.28 50.25 50.23 50.22 50.44 50.05 49.90 49.69 49.40 49.08 48.90 48.69 48.78 48.40 48.04 47.81 47.58 47.50 47.09 46.78 46.41 46.13 45.80 45.45 45.22 44.99 44.67 44.33 44.09 43.72 43.63 43.54 43.19 42.81 42.64 42.53 42.30 42.16 42.08 41.69 41.36 41.38 41.17 41.15 40.74 40.43
50.32 50.52 50.05 49.59 50.22 50.45 50.58 51.42 51.54 50.96 50.61 51.13 52.11 51.58 51.33 51.54 52.28 52.97 52.49 52.13 51.48 51.27 51.19 51.10 51.05 50.91 50.86 50.82 50.74 50.78 50.86 50.91 50.84 50.78 50.70 50.73 50.61 50.41 50.21 49.84 49.44 49.16 48.98 48.92 48.71 48.30 48.09 47.84 47.66 47.43 47.02 46.72 46.34 46.03 45.68 45.38 45.11 44.78 44.35 44.15 43.82 43.48 43.25 43.10 42.77 42.48 42.29 42.02 41.97 41.69 41.27 40.88 40.92 40.71 40.55 40.47 40.42
50.25 50.07 49.60 49.56 49.94 49.80 50.19 50.90 50.75 50.62 50.70 51.08 51.77 52.60 52.30 52.07 53.32 53.07 51.96 51.73 51.64 51.68 51.65 51.55 51.67 51.75 52.29 51.42 51.32 51.34 51.46 51.56 51.56 51.48 51.24 51.16 51.24 51.08 50.83 50.34 50.15 50.07 49.69 49.64 49.14 48.79 48.28 48.19 48.16 48.01 47.46 46.87 46.48 46.18 45.96 45.66 45.39 45.04 44.61 44.33 44.04 43.69 43.25 42.92 42.66 42.32 42.10 41.89 41.98 41.56 41.10 40.83 40.76 40.54 40.46 40.21 40.00
50.01 49.69 49.28 49.30 49.46 49.87 50.19 50.33 50.38 50.53 51.07 51.70 52.24 52.96 52.62 52.63 53.01 52.59 52.71 52.71 52.56 52.99 54.15 52.80 52.77 52.38 53.08 53.33 51.92 51.88 52.05 52.26 52.20 52.05 52.30 52.87 52.62 51.67 52.07 52.81 52.28 51.11 51.11 50.34 51.71 50.61 49.51 49.14 48.44 48.27 48.22 47.43 46.98 46.55 46.30 45.94 45.63 45.27 44.83 44.45 44.17 43.90 43.53 43.27 42.99 42.47 42.09 41.79 41.51 41.25 40.95 40.73 40.70 40.52 40.33 40.15 39.86
49.79 49.42 49.16 49.22 49.43 49.68 50.12 50.18 50.34 50.76 51.76 52.50 53.43 53.41 52.50 52.46 52.67 53.16 53.29 53.30 53.64 53.31 53.86 53.95 53.08 52.78 53.78 53.73 52.60 52.89 52.98 53.94 53.59 53.81 53.81 53.59 52.80 52.14 51.74 51.45 51.45 51.15 50.59 50.20 49.88 49.64 49.31 49.04 48.83 49.28 48.94 48.49 47.82 46.93 46.58 46.30 46.00 45.64 45.15 44.79 44.39 44.07 43.74 43.35 43.04 42.71 42.30 41.91 41.60 41.31 41.05 40.80 40.54 40.50 40.37 40.12 39.86
49.78 49.22 49.14 49.36 50.41 51.00 50.93 51.13 50.73 50.94 51.52 52.16 52.83 52.65 52.54 52.80 53.17 53.57 53.25 53.43 53.58 53.66 53.79 53.60 54.14 54.07 53.73 53.69 53.77 54.09 55.00 54.70 53.94 53.81 54.03 53.48 53.15 52.69 52.29 51.88 51.59 51.37 51.01 50.43 50.14 49.86 49.69 49.38 49.16 49.06 48.58 48.08 47.59 47.30 47.01 46.74 46.30 45.89 45.41 45.01 44.70 44.34 43.92 43.55 43.21 42.80 42.37 42.08 41.72 41.41 41.13 40.88 40.61 40.45 40.19 40.09 39.97
49.62 49.29 49.20 49.45 49.73 50.10 51.26 52.71 52.16 52.31 52.63 52.83 53.11 52.98 52.94 54.22 53.28 53.40 53.64 53.81 53.97 53.95 53.86 53.97 54.06 54.08 54.37 54.38 53.84 53.99 55.10 55.82 54.93 54.55 54.39 55.50 54.19 53.29 52.97 52.68 52.62 52.15 51.57 50.93 50.75 50.41 50.05 49.74 49.50 49.35 48.78 48.31 47.92 47.54 47.25 46.93 46.56 46.20 45.59 45.26 44.97 44.65 44.27 43.89 43.43 43.00 42.73 42.28 41.93 41.58 41.27 40.98 40.72 40.46 40.24 40.18 40.04
49.10 49.07 49.19 49.37 49.69 49.98 50.34 50.99 51.85 52.85 54.27 54.79 55.02 54.50 53.80 53.67 53.57 53.73 53.88 54.06 54.30 54.96 55.85 56.08 56.85 55.76 55.98 55.78 55.47 54.75 55.60 56.16 56.89 55.93 54.92 54.74 54.59 54.00 53.99 54.68 53.46 52.32 51.79 51.12 51.08 50.80 50.43 50.14 49.86 49.55 49.02 48.74 48.44 47.94 47.56 47.18 46.82 46.50 45.92 45.58 45.24 44.90 44.52 44.10 43.64 43.26 42.94 42.58 42.22 41.86 41.52 41.13 40.84 40.59 40.36 40.17 39.99
49.18 49.12 49.24 49.41 49.80 50.31 50.42 50.76 51.20 51.81 52.49 53.06 53.71 54.49 54.63 53.71 53.91 54.18 54.34 55.34 55.96 54.73 54.73 54.71 54.93 55.47 56.08 56.44 55.58 54.96 55.88 56.94 57.31 56.58 56.10 56.56 56.54 54.30 53.72 53.83 54.34 53.20 52.30 51.52 51.32 51.10 50.84 50.56 50.23 49.98 49.59 49.29 48.64 48.21 47.79 47.48 47.19 46.79 46.38 45.92 45.55 45.17 44.76 44.31 43.88 43.53 43.16 42.80 42.40 42.11 41.75 41.28 41.00 40.74 40.54 40.27 40.15
49.20 49.38 49.56 49.68 50.37 50.54 50.61 50.88 51.25 51.67 52.12 52.62 53.18 54.02 56.19 54.65 54.55 55.19 55.43 57.01 56.80 55.45 55.02 55.02 54.94 54.99 55.15 55.45 55.25 55.49 55.89 57.07 57.29 57.33 56.24 55.94 57.04 57.76 56.06 54.00 53.93 53.90 53.09 51.96 51.83 51.57 51.32 51.06 50.68 50.43 49.82 49.40 48.98 48.61 48.22 47.88 47.56 47.20 46.78 46.31 45.85 45.61 45.20 44.68 44.17 43.85 43.57 43.14 42.79 42.37 42.03 41.51 41.14 40.94 40.72 40.48 40.32
49.42 49.70 49.91 50.15 50.82 50.85 50.90 51.07 51.39 51.79 52.19 52.63 53.26 53.84 54.84 56.08 55.84 55.42 55.89 57.32 56.99 55.77 55.41 55.42 55.32 55.35 55.61 55.89 56.07 55.78 56.47 58.03 58.92 57.58 57.99 56.92 57.21 57.16 56.09 55.21 54.01 53.68 54.00 52.72 52.30 52.04 51.81 51.54 51.11 50.52 50.10 49.78 49.40 48.98 48.59 48.28 47.93 47.56 47.12 46.85 46.21 45.86 45.80 45.75 44.79 44.19 43.82 43.40 42.94 42.51 42.12 41.71 41.47 41.31 41.11 40.88 40.72
49.70 49.92 50.26 50.79 51.17 51.01 51.15 51.27 51.57 52.13 52.46 52.90 53.29 53.76 54.41 55.01 55.21 55.61 55.84 56.08 56.28 56.28 55.82 55.86 55.70 55.52 55.83 56.23 56.60 56.16 56.87 58.29 57.58 57.55 57.63 57.61 57.45 56.40 55.66 54.75 54.67 54.63 53.78 53.87 53.42 52.68 52.27 51.96 51.67 51.07 50.53 50.16 49.74 49.41 49.10 48.67 48.26 47.87 47.30 47.03 46.60 46.26 46.06 46.15 45.21 44.54 44.13 43.92 43.33 42.78 42.36 42.06 41.88 41.67 41.48 41.25 41.03
50.06 50.22 50.55 51.19 51.62 51.45 51.43 51.49 51.65 52.17 52.74 53.39 53.66 53.93 54.48 54.67 54.94 55.47 56.07 56.23 56.32 56.36 56.09 56.08 56.07 55.65 55.72 55.99 56.31 56.31 57.16 58.15 57.31 56.80 57.03 57.23 57.36 56.31 56.07 55.84 54.66 54.96 54.40 54.94 53.93 53.33 52.97 52.58 52.39 51.67 51.01 50.49 50.16 49.85 49.43 48.99 48.61 48.12 47.60 47.27 46.81 46.44 46.07 45.78 45.34 44.81 44.52 44.35 43.70 43.18 42.76 42.45 42.22 42.01 41.82 41.58 41.35
50.41 50.61 50.86 51.07 51.34 51.58 51.69 51.69 51.84 52.19 52.86 53.70 54.28 54.37 54.51 54.38 54.77 55.36 55.93 56.23 56.04 55.96 55.69 55.77 55.78 55.93 56.12 56.03 56.07 56.15 56.32 56.51 56.53 56.63 57.00 57.02 57.10 56.60 55.83 55.24 54.71 55.05 54.81 54.69 54.30 53.77 54.55 53.17 52.71 52.21 51.64 51.43 50.59 50.23 50.03 49.35 48.90 48.61 47.99 47.55 47.20 46.72 46.37 46.18 45.98 45.51 44.92 44.40 44.00 43.77 43.29 42.88 42.71 42.54 42.30 42.08 41.84
50.69 51.00 51.30 51.42 51.79 51.91 51.95 52.00 51.98 52.14 52.64 53.24 53.82 54.08 54.14 54.13 54.38 54.83 55.33 55.58 55.57 55.61 55.42 55.62 55.71 55.91 56.29 56.30 56.39 56.43 56.53 56.55 56.29 56.41 56.60 56.53 56.62 56.32 55.67 55.34 55.13 54.80 54.81 54.60 54.79 54.94 54.31 53.67 53.25 53.35 52.89 51.81 51.07 50.53 50.08 49.65 49.17 48.75 48.24 47.94 47.50 47.12 46.74 46.62 46.72 46.27 45.40 45.02 44.62 44.46 44.36 43.41 43.19 42.99 42.79 42.62 42.31
51.01 51.38 51.88 51.90 52.06 52.20 52.27 52.18 52.22 52.26 52.56 52.91 53.32 53.46 53.73 53.97 54.19 54.53 54.82 55.02 55.08 55.10 55.18 55.34 55.62 55.74 56.14 56.34 56.23 56.47 57.00 57.00 56.86 56.79 56.97 56.87 56.45 55.98 55.58 55.56 55.50 55.10 55.09 54.91 54.98 55.08 54.75 54.51 54.11 54.06 52.79 52.00 51.30 50.82 50.38 49.92 49.48 49.06 48.54 48.52 47.90 47.59 47.01 46.80 46.92 46.59 46.12 45.79 45.34 45.14 44.80 44.15 43.91 43.68 43.39 43.17 42.86
