project/src/data/BOM_climate/monthly_mean_rainfall/rainjun.txt
ncols 886
nrows 691
xllcenter 112.0000
yllcenter -44.5000
cellsize 0.0500
nodata_value 99999.90
[rows 210 to 244 of 691, columns 77 to 153 of 886]
33.30 33.09 32.88 32.72 32.56 32.46 32.36 32.30 32.25 32.26 32.29 32.38 32.46 32.55 32.61 32.70 32.68 32.56 32.27 31.91 31.49 30.78 30.07 29.44 28.81 28.29 27.87 27.51 27.23 27.03 26.87 26.70 26.55 26.37 26.18 25.97 25.70 25.42 25.14 24.86 24.61 24.37 24.19 24.03 23.87 23.64 23.37 23.15 22.99 22.85 22.72 22.61 22.53 22.42 22.26 21.93 21.59 21.11 20.65 20.04 19.43 18.74 18.15 17.56 17.07 16.66 16.37 16.15 16.04 15.96 15.92 15.86 15.80 15.75 15.66 15.54 15.43
33.03 32.83 32.65 32.45 32.28 32.16 32.06 32.03 32.00 32.00 32.05 32.15 32.30 32.42 32.56 32.66 32.71 32.59 32.36 32.00 31.47 30.67 29.96 29.26 28.63 28.09 27.63 27.26 26.98 26.78 26.63 26.50 26.38 26.20 26.01 25.80 25.52 25.23 24.92 24.64 24.37 24.12 23.89 23.74 23.64 23.40 23.17 22.97 22.82 22.74 22.63 22.56 22.49 22.39 22.27 21.99 21.60 21.12 20.63 20.17 19.50 18.80 18.30 17.70 17.26 16.84 16.53 16.31 16.18 16.07 16.01 15.98 15.87 15.78 15.72 15.59 15.44
32.84 32.63 32.40 32.21 32.05 31.93 31.83 31.76 31.72 31.74 31.82 31.94 32.11 32.31 32.45 32.62 32.79 32.65 32.46 32.10 31.30 30.60 29.86 29.11 28.45 27.86 27.36 27.04 26.77 26.54 26.42 26.31 26.21 26.03 25.82 25.59 25.33 25.07 24.71 24.36 24.05 23.81 23.63 23.44 23.27 23.08 22.92 22.78 22.68 22.60 22.54 22.52 22.51 22.39 22.24 21.97 21.62 21.20 20.67 20.15 19.65 19.02 18.46 17.87 17.41 17.03 16.75 16.50 16.34 16.22 16.14 16.10 16.00 15.88 15.80 15.68 15.52
32.66 32.43 32.21 31.98 31.82 31.68 31.55 31.48 31.43 31.46 31.53 31.64 31.82 31.99 32.19 32.39 32.56 32.64 32.50 31.92 31.22 30.49 29.71 28.99 28.36 27.78 27.32 26.84 26.59 26.40 26.28 26.18 26.04 25.85 25.64 25.44 25.18 24.94 24.51 24.09 23.78 23.54 23.35 23.06 22.87 22.75 22.68 22.56 22.49 22.48 22.46 22.49 22.49 22.43 22.26 22.02 21.71 21.28 20.75 20.21 19.70 19.19 18.57 18.05 17.61 17.34 17.02 16.75 16.51 16.41 16.32 16.24 16.13 16.01 15.91 15.79 15.63
32.46 32.22 32.00 31.77 31.54 31.39 31.27 31.20 31.15 31.14 31.19 31.30 31.49 31.67 31.85 32.07 32.23 32.38 32.17 31.69 31.03 30.29 29.58 28.98 28.38 27.91 27.29 26.78 26.54 26.33 26.16 26.01 25.90 25.75 25.57 25.30 24.95 24.63 24.26 23.88 23.53 23.22 22.90 22.67 22.52 22.42 22.35 22.32 22.31 22.33 22.39 22.43 22.48 22.45 22.35 22.16 21.86 21.39 20.83 20.36 19.92 19.30 18.75 18.24 17.86 17.69 17.33 17.04 16.78 16.65 16.53 16.43 16.31 16.25 16.10 15.94 15.77
32.30 32.02 31.75 31.49 31.29 31.10 30.94 30.87 30.80 30.78 30.81 30.93 31.08 31.22 31.39 31.52 31.63 31.71 31.72 31.35 30.83 30.09 29.43 28.87 28.37 27.78 27.25 26.87 26.55 26.30 26.10 25.96 25.84 25.68 25.47 25.18 24.88 24.53 24.11 23.69 23.34 23.00 22.58 22.31 22.13 22.04 22.04 22.07 22.14 22.20 22.26 22.35 22.45 22.47 22.48 22.29 21.89 21.45 21.01 20.45 19.95 19.49 18.97 18.47 18.12 17.87 17.57 17.27 17.06 16.89 16.76 16.63 16.52 16.50 16.48 16.18 15.96
32.09 31.78 31.49 31.22 30.95 30.74 30.58 30.47 30.40 30.39 30.42 30.50 30.62 30.75 30.83 30.93 30.97 31.06 31.19 30.81 30.35 29.82 29.30 28.92 28.36 27.76 27.34 27.01 26.61 26.35 26.12 25.95 25.82 25.64 25.45 25.15 24.81 24.42 23.95 23.50 23.18 22.75 22.26 21.95 21.76 21.70 21.75 21.82 21.91 22.02 22.11 22.23 22.36 22.42 22.43 22.44 21.98 21.43 20.95 20.47 20.02 19.66 19.16 18.74 18.45 18.12 17.81 17.55 17.36 17.18 17.02 16.89 16.78 16.72 16.71 16.44 16.20
31.95 31.59 31.23 30.90 30.59 30.34 30.15 30.04 29.95 29.94 29.95 30.05 30.18 30.26 30.30 30.31 30.34 30.43 30.48 30.33 30.04 29.70 29.17 28.81 28.35 28.00 27.51 27.06 26.70 26.42 26.15 26.00 25.84 25.65 25.45 25.12 24.79 24.40 23.89 23.47 22.97 22.81 22.12 21.62 21.42 21.42 21.49 21.59 21.72 21.84 21.98 22.11 22.17 22.23 22.23 22.18 21.81 21.43 20.99 20.52 20.18 19.76 19.40 19.02 18.68 18.41 18.14 17.85 17.62 17.46 17.29 17.27 17.37 17.31 17.15 16.85 16.56
31.77 31.38 30.97 30.57 30.21 29.91 29.67 29.55 29.47 29.46 29.56 29.66 29.78 29.82 29.83 29.80 29.71 29.72 29.82 29.80 29.69 29.39 28.98 28.72 28.35 27.94 27.62 27.38 26.95 26.67 26.22 26.05 25.93 25.73 25.48 25.14 24.81 24.35 23.96 23.53 22.91 22.64 21.88 21.45 21.24 21.30 21.36 21.49 21.56 21.66 21.78 21.93 21.96 22.07 22.03 21.89 21.70 21.44 21.02 20.54 20.29 19.87 19.57 19.22 18.94 18.66 18.42 18.11 17.88 17.69 17.54 17.76 17.93 17.74 17.66 17.36 17.07
31.62 31.17 30.68 30.24 29.82 29.45 29.17 29.05 29.03 29.00 29.14 29.40 29.56 29.58 29.54 29.46 29.35 29.34 29.42 29.39 29.35 29.36 28.90 28.71 28.48 28.11 27.79 27.63 27.44 26.93 26.43 26.16 26.06 25.92 25.59 25.17 24.81 24.42 23.89 23.44 22.89 22.30 21.83 21.49 21.29 21.24 21.30 21.36 21.45 21.50 21.54 21.70 21.82 21.86 21.77 21.67 21.50 21.33 20.99 20.64 20.27 19.97 19.70 19.46 19.12 18.83 18.57 18.33 18.12 17.91 17.88 17.96 17.97 18.02 17.98 17.66 17.48
31.46 30.94 30.45 29.92 29.41 28.97 28.69 28.60 28.61 28.60 28.91 29.18 29.27 29.44 29.45 29.66 29.33 29.19 29.23 29.17 29.12 29.11 29.03 28.71 28.40 28.03 27.98 27.65 27.24 27.01 26.66 26.48 26.36 26.13 25.76 25.23 24.85 24.45 23.83 23.24 22.97 22.36 21.91 21.59 21.46 21.28 21.23 21.31 21.32 21.36 21.43 21.43 21.51 21.54 21.52 21.45 21.30 21.09 20.85 20.61 20.37 20.18 20.00 19.60 19.24 18.99 18.79 18.59 18.36 18.21 18.08 18.26 18.26 18.25 18.26 18.33 18.17
31.35 30.80 30.21 29.62 29.03 28.53 28.23 28.20 28.25 28.29 28.64 29.24 29.42 29.43 29.30 29.16 29.14 29.13 29.04 28.96 28.83 28.89 28.83 28.80 28.46 28.13 27.68 27.61 27.59 27.35 27.01 26.78 26.59 26.21 25.96 25.27 24.89 24.29 23.70 23.27 23.10 22.40 22.08 21.69 21.43 21.38 21.24 21.36 21.25 21.20 21.27 21.22 21.40 21.48 21.44 21.30 21.17 20.94 20.75 20.53 20.37 20.26 20.07 19.70 19.41 19.22 18.98 18.81 18.63 18.56 18.54 18.62 18.35 18.49 18.73 18.87 18.74
31.24 30.70 30.12 29.49 28.81 28.13 27.85 27.96 28.08 28.15 28.64 29.10 29.23 29.28 29.48 29.19 29.30 29.10 29.24 28.95 28.85 28.74 28.89 28.72 28.90 28.16 27.74 27.70 27.94 27.62 27.42 26.88 26.59 26.35 25.90 25.25 24.68 24.14 23.56 23.14 22.72 22.35 22.02 21.85 21.59 21.36 21.25 21.24 21.29 21.14 21.17 21.11 21.09 21.17 21.17 21.11 21.13 20.83 20.62 20.47 20.36 20.29 20.10 19.83 19.63 19.43 19.33 19.29 19.18 18.83 18.70 18.59 18.71 18.66 18.95 19.23 19.10
31.12 30.58 30.06 29.47 28.65 27.82 27.49 27.54 28.00 28.40 28.98 29.23 29.17 29.52 29.43 29.34 29.43 29.40 29.44 29.12 28.63 28.70 28.69 28.63 28.40 27.98 27.73 27.60 27.76 27.91 27.36 26.61 26.36 26.04 25.75 25.13 24.73 24.20 23.48 22.97 22.58 22.25 21.99 21.81 21.59 21.55 21.30 21.30 21.42 21.19 21.30 21.11 20.89 20.89 20.91 20.94 21.08 20.82 20.59 20.43 20.32 20.31 20.18 20.19 20.02 19.95 19.58 19.75 19.37 18.97 18.76 18.67 18.93 18.81 18.95 19.48 19.41
31.01 30.51 30.06 29.50 28.67 27.95 27.61 27.65 28.09 28.72 28.88 29.21 29.48 29.72 29.62 29.50 29.54 29.63 29.70 29.32 28.64 28.82 28.63 28.67 28.29 27.99 27.80 27.60 27.74 27.47 26.87 26.43 26.21 25.90 25.56 25.16 24.92 24.17 23.36 22.87 22.48 22.22 21.90 21.70 21.59 21.60 21.43 21.26 21.35 21.11 21.02 20.80 20.74 20.73 20.72 20.76 21.04 20.76 20.57 20.40 20.30 20.52 20.40 20.32 20.29 19.94 19.57 19.55 19.38 18.93 19.00 19.09 19.04 19.20 19.32 19.46 19.32
30.84 30.32 29.86 29.35 28.76 28.19 27.95 27.92 28.02 28.39 28.62 29.11 29.42 29.55 29.72 29.74 29.80 29.97 29.51 29.28 29.26 29.08 28.92 28.71 28.51 28.23 28.34 27.87 27.68 26.93 26.56 26.28 26.28 26.14 25.28 24.89 24.57 24.07 23.26 22.76 22.33 22.04 21.89 21.62 21.50 21.42 21.20 21.35 21.23 20.99 20.77 20.62 20.62 20.62 20.59 20.73 20.85 20.58 20.46 20.37 20.17 20.18 20.34 20.34 20.44 19.98 19.57 19.33 19.07 19.08 19.30 19.24 19.40 19.48 19.45 19.20 19.03
30.65 30.18 29.73 29.26 28.81 28.48 28.21 28.29 28.18 28.27 28.56 29.07 29.12 29.13 29.42 29.57 29.86 29.96 29.52 29.46 29.33 29.28 29.19 29.02 28.68 28.59 28.67 28.13 27.25 26.73 26.46 26.14 26.01 25.64 25.16 24.89 24.29 23.82 23.27 22.63 22.26 21.94 21.80 21.82 21.75 21.63 21.64 21.38 20.90 20.73 20.62 20.51 20.49 20.52 20.59 20.53 20.53 20.52 20.42 20.37 20.15 20.05 20.16 20.13 20.35 19.89 19.64 19.62 19.12 19.06 19.06 19.02 19.13 19.39 19.42 19.15 19.01
30.45 30.08 29.70 29.25 28.91 28.76 28.52 28.32 28.27 28.29 28.56 29.00 28.98 29.11 29.20 29.29 29.46 29.75 29.85 29.76 29.54 29.45 29.39 29.28 28.98 28.91 28.59 28.39 27.44 26.83 26.41 26.13 26.06 25.63 25.43 25.05 24.33 24.04 23.19 22.69 22.24 21.92 21.67 21.73 21.85 21.81 21.30 20.95 20.76 20.61 20.50 20.42 20.36 20.43 20.63 20.52 20.46 20.53 20.40 20.29 20.16 19.96 20.02 20.03 20.08 20.02 20.01 19.65 19.42 19.14 18.76 18.81 18.87 19.23 19.37 19.10 19.07
30.38 30.01 29.65 29.32 29.12 29.13 28.76 28.66 28.68 28.72 28.93 28.87 29.06 29.14 29.33 29.53 29.48 29.51 29.50 29.51 29.30 29.26 29.23 29.08 28.97 28.77 28.55 28.23 27.47 27.27 26.74 26.36 26.10 25.62 25.31 24.91 24.44 23.73 23.14 22.63 22.60 22.06 21.47 21.51 21.69 21.39 21.09 21.24 20.96 20.54 20.42 20.33 20.21 20.25 20.39 20.41 20.39 20.39 20.40 20.32 20.15 19.97 19.83 19.77 19.83 20.03 19.90 19.51 19.44 18.97 18.77 18.67 18.75 18.97 19.06 19.06 19.21
30.37 29.99 29.68 29.43 29.30 29.24 29.08 29.18 29.09 29.24 29.10 29.38 29.72 29.72 29.49 29.16 29.32 29.40 29.30 29.08 28.99 28.97 28.95 28.80 28.68 28.63 28.40 28.09 27.59 27.15 26.80 26.50 26.18 25.62 25.13 24.57 23.98 23.40 23.34 22.84 22.39 22.03 21.54 21.37 21.23 21.31 21.35 21.17 20.72 20.46 20.32 20.21 20.18 20.11 20.14 20.15 20.18 20.18 20.19 20.16 20.08 19.97 19.82 19.78 19.86 19.96 19.94 19.66 19.24 18.95 18.66 18.64 18.74 18.81 18.82 19.01 19.19
30.34 29.95 29.70 29.53 29.46 29.49 29.47 29.41 29.44 29.53 29.65 29.61 29.65 29.75 29.85 29.42 29.10 29.14 28.95 29.04 28.85 29.05 29.01 28.79 28.62 28.41 28.17 27.91 27.59 27.11 26.84 26.48 26.02 25.42 24.86 24.27 24.16 23.38 23.41 22.94 22.32 21.88 21.63 21.51 21.03 21.25 21.54 21.44 20.62 20.35 20.23 20.12 20.10 20.06 20.02 20.02 20.03 20.02 19.98 19.97 19.97 19.97 19.82 19.77 19.75 19.83 19.79 19.57 19.19 19.07 18.62 18.62 18.64 18.84 18.79 18.87 19.02
30.34 29.92 29.76 29.71 29.69 29.70 29.78 29.89 29.81 29.85 30.02 30.21 30.24 29.91 29.87 29.71 29.63 29.42 29.09 28.94 28.88 28.86 28.79 28.67 28.59 28.36 28.07 27.68 27.33 26.94 26.58 26.23 25.73 25.19 24.74 24.36 24.09 23.74 23.28 22.59 22.54 21.67 21.62 21.33 20.96 21.56 21.62 21.38 20.40 20.22 20.10 20.05 20.04 20.01 19.96 19.89 19.91 19.91 19.90 19.89 19.90 19.84 19.82 19.74 19.77 19.93 19.93 19.55 19.17 19.06 18.56 18.60 18.63 18.77 18.79 18.86 18.64
30.48 30.09 29.95 29.95 29.95 29.97 30.19 30.21 30.27 30.21 30.30 30.41 30.45 30.28 30.13 29.93 29.82 29.51 29.31 29.00 29.14 28.95 28.77 28.65 28.43 28.11 27.78 27.42 27.08 26.74 26.37 25.91 25.49 25.06 24.59 24.29 23.92 23.62 23.28 22.61 22.02 21.57 21.56 21.17 21.06 21.30 21.31 20.85 20.56 20.14 20.02 20.01 20.00 19.94 19.93 19.87 19.79 19.77 19.75 19.77 19.78 19.75 19.69 19.65 19.62 19.69 19.60 19.25 18.92 18.64 18.49 18.60 18.58 18.56 18.71 18.78 18.73
30.84 30.47 30.16 30.02 30.07 30.24 30.20 30.34 30.42 30.45 30.37 30.43 30.51 30.34 30.07 29.98 29.91 29.65 29.47 29.34 29.15 28.86 28.70 28.54 28.28 27.93 27.47 27.09 26.74 26.41 26.02 25.58 25.18 24.74 24.35 24.04 23.71 23.35 22.99 22.28 21.91 21.42 21.13 20.98 21.34 21.40 21.49 21.01 20.87 20.25 20.13 20.29 20.24 20.22 20.01 19.91 19.78 19.75 19.70 19.69 19.68 19.67 19.62 19.59 19.59 19.60 19.51 19.19 18.79 18.58 18.43 18.50 18.72 18.58 18.64 18.54 18.37
31.20 30.82 30.47 30.22 30.29 30.27 30.32 30.20 30.38 30.29 30.42 30.52 30.29 30.16 29.90 29.79 29.73 29.61 29.42 29.15 29.00 28.85 28.87 28.53 28.13 27.69 27.28 26.83 26.46 26.06 25.65 25.25 24.82 24.49 24.15 23.74 23.36 23.05 22.65 22.24 21.99 21.46 20.97 21.20 21.19 21.23 21.26 21.23 21.10 20.71 20.80 20.58 20.19 20.52 20.41 20.18 19.89 19.79 19.76 19.72 19.68 19.68 19.70 19.58 19.59 19.65 19.50 19.38 18.93 18.59 18.35 18.29 18.32 18.41 18.60 18.48 18.26
31.32 31.12 30.91 30.56 30.39 30.37 30.43 30.51 30.38 30.45 30.43 30.42 30.42 30.28 30.09 29.79 29.64 29.39 29.21 29.09 29.00 29.34 29.26 28.91 28.31 27.63 27.11 26.63 26.21 25.78 25.38 24.94 24.52 24.13 23.80 23.47 23.15 22.81 22.36 21.91 21.71 21.37 20.90 20.93 20.87 20.93 20.96 21.01 20.99 20.96 20.60 20.26 20.23 20.58 20.41 20.01 19.87 19.96 19.82 19.82 19.74 19.69 19.68 19.70 19.55 19.62 19.40 19.14 18.82 18.61 18.45 18.28 18.19 18.27 18.44 18.52 18.36
31.55 31.28 31.17 30.91 30.61 30.56 30.64 31.12 30.93 30.41 30.47 30.45 30.43 30.33 30.08 29.83 29.51 29.22 29.16 29.36 29.25 29.53 29.41 28.82 28.70 27.81 27.21 26.66 26.05 25.60 25.17 24.72 24.33 23.90 23.49 23.17 22.85 22.39 21.93 21.52 21.41 21.24 21.17 21.19 20.87 20.97 20.97 20.90 20.92 20.79 20.37 20.29 20.61 20.36 20.32 20.22 19.92 19.93 20.06 19.88 19.82 19.75 19.73 19.79 19.71 19.54 19.47 19.30 18.95 18.74 18.55 18.31 18.16 18.27 18.39 18.42 18.31
31.76 31.60 31.43 31.10 30.83 30.81 30.86 31.13 31.38 31.03 30.33 30.11 30.02 29.98 29.79 29.67 29.53 29.23 29.07 29.80 29.27 28.87 28.66 28.41 28.35 28.32 27.93 26.95 26.09 25.92 25.52 24.81 24.26 23.86 23.36 22.99 22.60 22.21 21.82 21.51 21.31 21.18 21.07 21.08 20.94 20.83 20.86 20.68 20.68 20.53 20.72 20.85 20.70 20.66 20.79 20.52 20.01 20.04 20.33 20.03 19.94 19.86 19.91 19.91 19.85 19.64 19.71 19.48 19.17 18.75 18.57 18.25 18.16 18.23 18.25 18.39 18.29
31.78 31.64 31.51 31.28 31.00 31.02 30.95 31.03 31.25 31.14 31.01 30.35 30.28 30.18 30.01 29.93 29.87 29.92 29.25 29.83 29.18 28.77 28.57 28.25 27.92 27.87 27.71 27.03 26.71 26.90 26.29 25.55 24.66 23.99 23.33 22.93 22.53 22.16 21.89 21.65 21.37 21.19 21.03 20.93 20.84 20.73 20.75 20.67 20.79 20.84 20.88 21.10 21.02 20.92 21.09 20.66 20.17 20.35 20.59 20.35 20.02 19.99 19.91 19.94 19.90 19.74 19.68 19.40 19.10 18.80 18.48 18.28 18.18 18.15 18.21 18.35 18.32
31.82 31.50 31.55 31.44 31.19 31.12 31.06 31.02 31.10 31.30 31.28 31.05 30.42 30.27 30.08 29.97 29.97 30.08 29.18 29.09 28.77 28.59 28.24 28.11 27.87 27.60 27.23 27.19 27.24 26.79 26.28 25.48 24.78 24.48 23.86 23.07 22.63 22.45 22.69 22.85 22.59 21.72 21.16 21.01 20.99 21.01 20.93 21.01 21.17 21.21 21.33 21.33 21.38 21.30 21.36 20.98 20.55 20.62 20.75 20.52 20.24 20.28 20.13 19.97 19.97 19.89 19.64 19.40 19.30 18.90 18.41 18.24 18.17 18.19 18.19 18.21 18.30
31.75 31.42 31.31 31.30 31.12 30.90 30.77 30.89 30.92 31.00 31.03 31.24 30.89 30.12 30.13 30.00 29.94 29.64 29.42 29.27 28.50 28.23 28.08 27.92 27.60 27.36 27.11 26.83 26.54 26.29 25.93 25.40 24.81 24.81 24.08 23.42 22.82 23.30 23.72 23.95 23.50 22.72 21.55 21.24 21.13 21.28 21.36 21.44 21.45 21.51 21.57 21.48 21.65 21.58 21.49 21.28 21.00 20.93 20.82 20.81 20.49 20.56 20.42 20.29 20.33 20.20 19.77 19.41 19.11 18.74 18.37 18.28 18.12 18.01 17.99 18.03 18.14
31.41 31.18 31.05 31.00 30.89 30.70 30.49 30.44 30.60 30.73 30.77 30.92 31.15 30.34 30.17 30.06 29.77 29.59 29.27 28.81 28.52 28.11 27.91 27.69 27.51 27.31 27.04 26.79 26.43 25.95 25.49 25.17 24.93 24.32 24.02 23.22 22.91 22.92 23.54 23.57 23.39 22.57 21.92 21.50 21.35 21.39 21.50 21.55 21.61 21.68 21.66 21.67 21.69 21.56 21.58 21.63 21.45 21.20 20.90 21.05 20.84 20.64 20.67 20.55 20.37 20.14 19.68 19.15 18.81 18.55 18.40 18.32 18.18 18.03 17.91 17.96 17.98
31.08 30.92 30.80 30.71 30.58 30.40 30.33 30.23 30.36 30.30 30.52 30.84 30.97 30.55 30.67 30.54 30.16 29.66 29.29 28.75 28.46 28.33 27.88 27.76 27.55 27.21 27.12 26.98 26.59 26.25 26.06 25.76 25.13 24.51 24.09 23.80 23.39 23.08 23.42 23.27 23.11 23.11 22.62 21.73 21.61 21.60 21.65 21.74 21.81 21.89 21.90 21.83 21.73 21.68 21.56 21.46 21.30 21.19 21.19 21.12 21.00 20.91 20.75 20.66 20.45 20.07 19.61 19.16 18.75 18.62 18.62 18.69 18.22 18.02 17.90 17.83 17.83
30.72 30.63 30.50 30.28 30.06 29.97 29.96 29.85 30.02 30.33 30.25 30.49 30.76 30.75 30.40 30.67 30.13 29.82 29.44 28.92 28.70 28.24 27.86 27.61 27.65 27.44 27.25 27.27 26.74 26.48 26.10 26.26 25.79 24.91 24.49 24.53 24.52 23.72 23.70 23.67 23.28 23.41 22.68 22.04 21.96 21.97 22.06 22.24 22.30 22.31 22.27 22.10 21.91 21.68 21.46 21.27 21.07 20.93 20.87 20.78 20.75 20.67 20.47 20.34 20.15 19.92 19.57 19.16 18.79 18.84 18.65 18.75 18.39 18.07 17.96 17.91 17.79
30.37 30.21 29.98 29.83 29.67 29.58 29.51 29.39 29.30 29.55 29.89 30.18 30.53 29.95 29.65 29.36 29.33 29.61 29.67 29.12 29.03 28.75 28.21 27.87 27.72 28.06 27.90 27.66 26.92 26.89 26.51 26.26 26.00 24.90 24.92 25.40 24.52 23.65 24.12 24.28 23.91 23.49 23.03 22.73 22.63 22.72 22.91 23.06 23.05 22.92 22.82 22.47 22.11 21.84 21.50 21.17 20.90 20.71 20.57 20.42 20.35 20.26 20.10 19.99 19.73 19.51 19.33 19.24 18.91 18.92 18.90 18.85 18.57 18.16 18.09 18.14 18.03
