project/src/data/BOM_climate/monthly_mean_rainfall/rainnov.txt
ncols 886
nrows 691
xllcenter 112.0000
yllcenter -44.5000
cellsize 0.0500
nodata_value 99999.90
[rows 476 to 509 of 691, columns 624 to 701 of 886]
28.17 28.27 29.34 29.14 29.73 29.77 29.08 28.91 28.96 28.97 28.78 28.68 28.53 28.29 28.00 27.68 27.55 27.25 27.08 26.86 26.59 26.44 26.29 26.29 26.30 26.40 26.51 26.58 26.88 27.15 27.32 27.60 27.71 27.73 27.65 27.57 27.69 27.77 27.86 27.93 28.08 28.24 28.47 28.82 29.42 30.10 30.45 30.63 30.95 31.28 31.89 32.09 32.64 33.09 33.38 32.87 33.33 36.33 38.21 37.16 38.86 38.31 38.05 35.55 34.53 34.17 33.92 34.40 34.89 35.18 36.04 36.70 37.52 37.93 37.42 37.62 38.27 38.81
28.37 28.66 29.04 29.11 29.24 29.01 28.93 28.95 28.93 28.88 28.82 28.63 28.54 28.28 27.98 27.71 27.52 27.31 27.08 26.79 26.60 26.44 26.26 26.22 26.22 26.15 26.18 26.30 26.46 26.61 26.82 27.05 27.14 27.20 27.23 27.34 27.44 27.53 27.58 27.67 27.83 28.02 28.24 28.57 29.05 29.60 29.94 30.31 30.81 31.25 31.80 32.03 32.21 32.77 32.97 33.06 34.11 36.98 35.55 36.51 39.19 38.01 36.28 35.00 34.38 34.02 34.25 35.24 35.94 36.05 37.73 37.27 37.75 38.59 38.73 38.25 38.19 38.91
28.70 28.92 28.97 29.68 29.92 28.78 28.97 29.09 29.13 28.95 28.94 28.79 28.52 28.30 28.07 27.82 27.57 27.46 27.26 26.96 26.69 26.47 26.27 26.19 26.07 25.93 25.90 25.90 25.94 26.08 26.17 26.32 26.46 26.58 26.78 26.98 27.12 27.18 27.35 27.43 27.55 27.75 28.08 28.41 28.76 29.20 29.58 30.07 30.56 31.08 31.56 31.87 32.10 32.80 33.61 34.43 35.43 35.25 34.76 35.70 37.86 37.85 36.24 35.01 34.29 34.10 34.64 35.23 35.25 36.65 37.86 37.38 37.72 38.37 39.04 38.94 38.67 39.33
28.92 29.05 29.23 30.08 29.43 29.04 28.98 29.35 29.56 29.08 28.98 28.89 28.63 28.52 28.36 28.02 27.86 27.86 27.58 27.28 26.97 26.68 26.46 26.30 26.15 25.98 25.75 25.59 25.47 25.44 25.50 25.68 25.85 26.06 26.34 26.55 26.67 26.87 27.08 27.24 27.46 27.70 28.12 28.30 28.67 29.01 29.44 29.88 30.28 30.64 31.28 31.68 31.92 32.56 33.14 34.84 34.61 33.90 34.67 36.27 38.82 38.04 36.54 35.25 34.53 34.22 34.30 34.41 34.30 36.01 37.40 35.64 36.18 36.75 38.34 38.53 38.18 38.43
29.12 29.11 29.56 30.30 29.05 29.23 29.32 29.30 29.51 29.52 29.06 28.91 28.76 28.58 28.54 28.16 28.18 28.08 27.80 27.42 27.13 26.80 26.56 26.40 26.17 25.92 25.54 25.24 24.95 24.81 24.90 25.12 25.38 25.65 25.95 26.14 26.32 26.56 26.84 27.05 27.33 27.55 27.86 28.15 28.46 28.85 29.26 29.81 30.16 30.62 31.35 31.61 31.72 32.84 33.38 33.37 33.32 33.38 33.95 35.55 39.93 39.81 37.18 35.18 34.67 34.10 33.81 33.65 33.39 34.09 35.30 34.80 34.41 35.08 36.00 36.40 37.15 37.66
29.33 29.47 29.84 29.95 29.25 29.25 29.47 29.46 29.62 29.44 29.13 29.00 28.81 28.64 28.61 28.42 28.21 28.20 27.88 27.69 27.33 27.01 26.75 26.49 26.15 25.80 25.41 24.92 24.44 24.24 24.42 24.71 25.01 25.30 25.61 25.85 26.12 26.40 26.64 26.92 27.16 27.41 27.71 27.99 28.35 28.73 29.17 29.67 30.06 30.53 31.00 31.20 31.71 32.57 33.80 33.25 33.09 34.10 33.70 34.80 39.78 40.06 37.00 36.60 34.44 33.72 33.44 33.13 32.94 33.16 34.83 36.23 34.09 33.97 34.66 35.30 36.32 37.59
29.47 29.69 29.98 29.87 29.47 29.43 29.46 29.49 29.41 29.28 29.12 28.85 28.76 28.71 28.55 28.40 28.23 28.15 27.90 27.70 27.36 27.17 26.84 26.50 26.13 25.67 25.24 24.67 24.14 23.83 24.09 24.44 24.70 24.98 25.37 25.63 25.95 26.27 26.50 26.73 26.93 27.21 27.50 27.85 28.21 28.63 29.07 29.51 29.96 30.42 30.74 31.26 31.63 31.89 33.62 33.51 32.79 34.06 34.13 34.30 37.03 39.58 37.39 36.47 34.41 33.69 33.42 33.11 32.90 33.46 34.03 35.74 34.04 34.05 36.20 37.25 37.46 38.72
29.53 29.85 30.29 29.77 29.80 29.79 29.68 29.59 29.48 29.41 29.24 29.01 28.74 28.73 28.63 28.61 28.55 28.26 28.01 27.76 27.45 27.20 26.94 26.61 26.24 25.78 25.29 24.75 24.28 24.16 24.22 24.42 24.67 24.94 25.29 25.54 25.84 26.14 26.35 26.63 26.85 27.12 27.42 27.75 28.12 28.56 29.00 29.48 29.93 30.31 30.61 31.03 31.38 31.62 32.46 33.24 32.75 33.42 34.31 33.76 35.58 39.87 36.75 35.54 34.40 33.82 33.57 33.40 33.32 33.43 33.67 34.06 33.59 34.11 36.81 36.99 37.91 38.81
29.90 30.18 30.33 30.14 30.09 30.10 29.96 29.77 29.78 29.66 29.45 29.34 29.06 29.04 28.96 28.89 28.72 28.45 28.19 27.97 27.70 27.47 27.17 26.89 26.49 26.00 25.50 25.02 24.66 24.55 24.47 24.59 24.81 25.05 25.34 25.54 25.82 26.05 26.34 26.59 26.82 27.08 27.38 27.72 28.10 28.45 28.94 29.40 29.85 30.32 30.66 30.97 31.19 31.70 32.29 32.75 32.91 33.51 34.82 33.74 34.01 35.40 36.75 34.24 33.96 33.93 33.84 33.67 33.66 33.68 33.58 34.06 34.79 34.90 35.72 37.01 37.29 38.17
30.33 30.43 30.37 30.42 30.42 30.39 30.19 30.15 30.30 30.12 29.93 29.55 29.36 29.32 29.14 29.07 28.86 28.58 28.47 28.35 28.03 27.76 27.49 27.13 26.66 26.34 25.88 25.41 25.06 24.88 24.85 24.95 25.08 25.23 25.47 25.69 25.83 26.03 26.38 26.62 26.82 27.03 27.38 27.69 28.05 28.45 28.98 29.47 29.93 30.42 30.80 31.09 31.45 31.78 32.19 32.87 33.64 34.30 34.42 33.89 34.01 34.18 34.48 34.02 34.03 34.07 34.10 33.93 33.91 33.86 33.89 34.31 35.48 35.72 37.06 36.33 36.91 37.79
30.68 30.68 30.79 30.70 30.77 30.67 30.61 30.40 30.44 30.44 30.51 29.93 29.70 29.57 29.43 29.22 29.14 28.89 28.76 28.60 28.34 28.10 27.85 27.46 27.08 26.71 26.29 25.87 25.56 25.38 25.28 25.33 25.40 25.44 25.69 25.89 26.06 26.22 26.47 26.59 26.78 27.00 27.23 27.64 28.05 28.49 29.01 29.45 29.93 30.45 30.85 31.31 31.64 32.08 32.35 32.83 33.31 33.77 33.89 33.88 33.87 33.96 34.18 34.47 34.08 34.05 34.00 34.09 34.09 33.99 34.00 34.70 35.95 36.53 36.97 35.90 36.74 38.02
30.98 31.00 31.06 31.00 31.10 31.02 30.89 30.81 30.78 30.91 30.63 30.25 30.03 29.84 29.70 29.49 29.40 29.23 29.05 28.90 28.67 28.40 28.12 27.88 27.49 27.03 26.61 26.28 26.02 25.81 25.70 25.73 25.75 25.77 25.95 26.09 26.27 26.44 26.50 26.50 26.78 27.00 27.28 27.63 28.09 28.56 29.07 29.53 30.06 30.61 31.02 31.56 31.83 32.11 32.50 32.87 33.16 33.38 33.61 33.79 33.93 35.06 34.09 34.02 34.48 34.08 34.09 34.13 34.26 34.38 34.21 34.87 36.36 36.52 35.86 36.80 37.47 39.12
31.25 31.34 31.34 31.32 31.34 31.33 31.25 31.21 31.10 30.97 30.84 30.56 30.35 30.17 30.05 29.91 29.67 29.45 29.29 29.13 28.95 28.72 28.49 28.22 27.81 27.33 26.89 26.57 26.30 26.13 26.07 26.09 26.12 26.16 26.23 26.32 26.46 26.58 26.68 26.73 26.82 26.98 27.20 27.59 28.13 28.57 29.19 29.80 30.28 30.90 31.18 31.70 31.94 32.17 32.55 32.86 33.09 33.32 33.41 33.60 33.73 33.92 33.68 33.63 35.67 35.31 34.59 35.46 35.35 35.31 34.59 34.79 35.27 35.52 36.53 37.10 38.68 39.85
31.62 31.64 31.60 31.70 31.71 31.73 31.73 31.48 31.42 31.23 31.02 30.82 30.62 30.49 30.37 30.16 29.95 29.76 29.52 29.31 29.12 28.98 28.81 28.49 28.03 27.56 27.12 26.75 26.51 26.35 26.36 26.35 26.39 26.41 26.51 26.58 26.65 26.72 26.76 26.83 26.90 26.98 27.03 27.42 28.02 28.51 29.11 29.70 30.22 30.76 31.38 31.69 31.91 32.29 32.61 32.80 33.04 33.12 33.14 33.08 33.11 33.14 33.16 33.12 34.13 36.02 36.01 35.88 37.80 37.00 35.21 35.50 36.27 37.10 36.92 38.39 39.61 39.91
32.02 32.07 32.09 32.13 32.22 32.16 32.22 32.07 31.84 31.59 31.28 31.10 30.90 30.72 30.53 30.31 30.09 29.93 29.67 29.47 29.26 29.13 28.97 28.62 28.16 27.68 27.25 26.93 26.70 26.55 26.54 26.53 26.61 26.70 26.69 26.70 26.80 26.83 26.92 26.90 26.96 27.10 27.26 27.76 28.35 28.88 29.53 30.08 30.61 30.94 31.07 31.63 32.00 32.33 32.62 32.88 33.02 33.12 33.02 32.84 32.88 32.87 32.84 32.96 33.01 33.86 37.37 37.58 38.24 39.32 36.17 35.05 35.51 36.52 36.62 38.07 39.30 39.49
32.46 32.45 32.50 32.53 32.58 32.53 32.62 32.53 32.30 31.91 31.72 31.48 31.27 31.05 30.79 30.63 30.31 30.06 29.83 29.62 29.40 29.19 29.00 28.69 28.32 27.90 27.50 27.18 26.87 26.69 26.71 26.84 26.92 26.90 26.92 26.92 27.03 27.10 27.20 27.25 27.32 27.42 27.70 28.16 28.71 29.26 29.90 30.32 30.93 31.38 31.74 31.92 32.21 32.58 32.88 33.05 33.20 33.14 32.96 32.73 32.55 32.53 32.53 32.77 33.07 33.43 34.56 36.87 36.96 37.39 35.63 34.76 35.14 35.87 36.37 37.29 38.18 38.99
32.65 32.86 32.92 32.99 33.05 33.05 33.11 32.99 32.78 32.42 32.34 32.02 31.70 31.39 31.13 30.82 30.55 30.29 30.03 29.77 29.51 29.30 29.06 28.83 28.54 28.14 27.83 27.54 27.27 27.11 27.09 27.19 27.25 27.29 27.28 27.21 27.29 27.36 27.44 27.51 27.60 27.78 28.10 28.54 29.12 29.62 30.19 30.62 31.10 31.60 32.00 32.44 32.80 32.98 33.19 33.33 33.35 33.15 32.86 32.61 32.28 32.08 32.16 32.52 33.00 34.29 34.09 34.71 35.80 36.42 34.61 35.25 35.75 35.80 36.22 36.95 37.66 38.41
32.79 33.01 33.17 33.32 33.42 33.44 33.34 33.25 33.00 32.92 32.73 32.29 31.96 31.66 31.35 31.00 30.68 30.56 30.34 29.93 29.58 29.36 29.15 28.92 28.59 28.30 28.01 27.80 27.61 27.49 27.43 27.44 27.50 27.57 27.61 27.51 27.60 27.68 27.71 27.75 27.91 28.16 28.45 28.82 29.30 29.73 30.26 30.79 31.33 31.80 32.19 32.69 33.02 33.27 33.38 33.41 33.54 33.40 33.00 32.62 32.22 31.93 32.15 32.54 32.92 33.68 34.86 35.06 34.56 34.93 34.73 35.37 35.76 35.74 36.25 37.18 37.94 38.45
33.04 33.31 33.47 33.62 33.71 33.76 33.86 33.84 33.45 33.22 32.91 32.64 32.33 32.00 31.64 31.22 30.92 30.68 30.45 30.05 29.68 29.43 29.27 29.06 28.73 28.50 28.27 28.10 27.92 27.84 27.77 27.79 27.85 27.85 27.92 27.83 27.94 28.05 28.08 28.15 28.34 28.56 28.83 29.20 29.63 30.03 30.60 31.09 31.65 32.09 32.52 32.93 33.23 33.64 33.71 33.71 33.88 33.79 33.43 33.08 32.85 32.52 32.57 32.80 33.08 33.31 33.72 34.92 34.93 35.95 36.01 35.07 35.63 35.59 36.33 37.08 37.71 38.52
33.25 33.48 33.94 34.21 34.13 34.16 34.31 34.15 33.84 33.67 33.37 33.10 32.73 32.31 32.03 31.57 31.22 30.71 30.43 30.09 29.81 29.58 29.44 29.24 28.99 28.80 28.59 28.43 28.29 28.19 28.14 28.18 28.18 28.22 28.32 28.26 28.35 28.48 28.56 28.68 28.82 29.03 29.29 29.65 30.02 30.46 30.98 31.43 31.95 32.39 32.81 33.21 33.59 33.96 34.08 34.04 34.08 33.90 33.63 33.37 33.15 33.03 33.04 33.15 33.41 33.63 33.95 34.46 35.36 34.72 34.47 34.99 35.35 35.91 36.69 37.35 37.95 38.53
33.50 33.79 34.01 34.29 34.44 34.57 34.68 34.64 34.30 34.08 33.76 33.38 33.04 32.58 32.18 31.79 31.36 30.91 30.52 30.16 29.90 29.74 29.58 29.44 29.30 29.10 28.90 28.75 28.63 28.49 28.53 28.52 28.54 28.56 28.67 28.65 28.75 28.81 28.91 29.06 29.27 29.54 29.80 30.06 30.39 30.81 31.35 31.79 32.27 32.64 33.11 33.51 33.87 34.22 34.46 34.32 34.25 34.12 33.89 33.73 33.59 33.51 33.49 33.56 33.71 34.09 34.96 34.44 34.34 34.35 34.58 34.84 35.37 36.01 36.76 37.40 37.93 38.99
33.72 34.13 34.48 34.51 34.70 34.93 35.18 35.09 34.74 34.56 34.23 33.70 33.32 32.85 32.44 31.93 31.53 31.14 30.75 30.43 30.20 30.01 29.85 29.69 29.59 29.41 29.25 29.13 29.05 28.93 28.90 28.90 28.92 28.97 29.01 28.97 29.03 29.17 29.29 29.47 29.73 30.02 30.26 30.45 30.71 31.13 31.71 32.21 32.56 32.96 33.42 33.80 34.11 34.42 34.54 34.49 34.48 34.42 34.29 34.20 34.09 33.94 33.90 34.13 34.54 34.99 35.41 35.38 34.56 34.53 34.81 35.07 35.37 36.31 36.61 37.15 37.72 38.93
33.87 34.26 34.53 34.79 35.12 35.26 35.56 35.69 35.42 35.23 34.84 34.32 33.85 33.23 32.76 32.29 31.87 31.42 30.99 30.71 30.55 30.30 30.12 29.98 29.85 29.71 29.60 29.52 29.41 29.36 29.32 29.37 29.34 29.35 29.42 29.34 29.44 29.58 29.73 29.92 30.21 30.48 30.67 30.84 31.05 31.48 32.06 32.61 32.86 33.31 33.66 34.02 34.28 34.52 34.66 34.69 34.82 34.76 34.76 34.68 34.58 34.42 34.37 34.33 34.78 35.80 35.16 34.56 34.53 34.73 34.84 35.07 35.40 35.94 36.21 37.02 38.04 39.19
34.06 34.62 34.75 35.13 35.52 35.66 36.01 36.13 35.92 35.82 35.36 34.85 34.35 33.69 33.13 32.69 32.19 31.67 31.27 30.99 30.77 30.58 30.45 30.29 30.18 30.12 29.98 29.89 29.77 29.74 29.73 29.77 29.74 29.79 29.84 29.79 29.88 30.04 30.19 30.36 30.63 30.87 31.05 31.19 31.42 31.81 32.21 32.60 33.12 33.46 33.74 34.06 34.42 34.65 34.78 34.94 35.05 35.07 35.11 35.08 34.94 34.75 34.63 34.42 34.63 35.38 35.61 35.27 35.20 35.34 34.91 35.18 35.64 36.27 36.14 36.60 37.39 38.63
34.00 34.69 34.97 35.49 35.84 36.15 36.33 36.46 36.34 35.96 35.50 34.94 34.41 33.86 33.29 32.94 32.32 31.82 31.48 31.29 31.04 30.95 30.88 30.67 30.52 30.45 30.31 30.20 30.08 29.97 30.02 30.05 30.06 30.09 30.21 30.18 30.33 30.50 30.66 30.78 30.96 31.18 31.34 31.52 31.80 32.10 32.40 32.68 33.06 33.44 33.77 34.09 34.43 34.70 34.92 35.08 35.18 35.24 35.40 35.49 35.32 35.15 34.76 34.50 34.34 34.64 35.36 35.40 35.60 36.32 35.78 35.21 35.42 35.71 36.15 36.56 37.10 38.31
33.99 34.97 35.30 35.70 36.17 36.81 36.78 36.95 36.77 36.25 35.88 35.19 34.68 34.13 33.51 33.04 32.54 31.91 31.72 31.58 31.41 31.38 31.31 31.10 30.91 30.82 30.75 30.59 30.47 30.30 30.31 30.39 30.42 30.47 30.56 30.57 30.66 30.84 30.99 31.13 31.31 31.57 31.74 31.98 32.18 32.44 32.68 32.94 33.30 33.65 33.95 34.31 34.58 34.89 35.14 35.30 35.43 35.61 35.77 35.94 35.89 35.47 35.10 34.73 34.54 34.71 35.17 34.80 35.47 35.49 35.68 35.85 35.78 36.06 36.41 36.83 37.36 37.90
34.44 35.15 35.80 35.94 36.40 36.87 36.87 36.93 36.69 36.36 36.17 35.43 34.95 34.39 33.81 33.26 32.59 32.24 32.07 31.99 31.85 31.72 31.61 31.44 31.28 31.15 31.06 30.91 30.77 30.64 30.58 30.63 30.71 30.81 30.89 30.90 31.00 31.13 31.28 31.43 31.64 31.85 32.03 32.23 32.49 32.68 32.92 33.21 33.53 33.91 34.22 34.50 34.76 35.05 35.27 35.46 35.67 35.81 36.00 36.18 36.03 35.74 35.43 35.04 34.98 35.49 35.02 34.78 35.02 35.22 36.12 37.31 38.35 37.16 36.99 37.32 37.74 38.26
34.91 35.69 36.24 36.46 36.31 36.59 36.88 36.98 36.56 36.29 35.88 35.47 35.01 34.68 34.07 33.62 33.08 32.67 32.41 32.33 32.17 32.08 31.97 31.79 31.66 31.55 31.47 31.30 31.12 30.97 30.90 30.97 31.08 31.21 31.25 31.32 31.39 31.52 31.63 31.76 31.92 32.13 32.32 32.51 32.79 33.01 33.22 33.48 33.75 33.96 34.29 34.58 34.83 35.13 35.37 35.61 35.81 36.02 36.15 36.20 36.24 35.97 35.71 35.36 35.17 35.61 35.02 34.87 35.37 35.65 36.16 36.67 37.37 38.03 37.37 37.15 37.94 38.67
34.95 36.05 36.46 36.75 36.51 36.38 36.49 36.51 36.67 36.16 35.66 35.21 34.85 34.52 34.11 33.63 33.15 32.81 32.66 32.53 32.40 32.33 32.26 32.08 31.98 31.92 31.83 31.66 31.50 31.36 31.25 31.28 31.40 31.47 31.52 31.62 31.76 31.84 31.96 32.12 32.33 32.55 32.75 32.95 33.24 33.45 33.61 33.83 34.01 34.17 34.42 34.67 34.98 35.24 35.50 35.71 35.87 36.15 36.30 36.33 36.35 36.14 35.98 35.87 35.91 35.55 35.27 35.04 35.39 36.15 36.19 36.11 37.33 38.00 37.77 37.49 38.36 39.38
35.10 36.18 36.55 36.66 36.76 36.23 36.29 36.27 36.14 36.08 35.36 34.98 34.65 34.39 34.11 33.81 33.40 33.13 32.99 32.87 32.70 32.64 32.57 32.48 32.38 32.30 32.20 32.07 31.91 31.80 31.68 31.70 31.71 31.71 31.75 31.89 32.03 32.16 32.33 32.46 32.68 32.92 33.20 33.37 33.54 33.72 33.95 34.14 34.38 34.41 34.60 34.91 35.16 35.39 35.64 35.89 36.06 36.34 36.56 36.62 36.62 36.54 36.43 36.47 36.71 36.00 35.52 35.46 36.02 36.44 36.34 36.51 38.09 38.30 37.58 38.01 38.73 40.63
35.09 35.96 36.39 36.58 36.65 36.34 36.03 35.84 35.59 35.62 35.20 34.97 34.78 34.53 34.33 34.28 33.91 33.62 33.46 33.34 33.15 33.12 33.08 32.99 32.90 32.80 32.69 32.55 32.44 32.28 32.18 32.10 32.13 32.16 32.15 32.26 32.36 32.50 32.70 32.92 32.96 33.16 33.40 33.64 33.85 34.06 34.19 34.47 34.65 34.66 34.84 35.05 35.33 35.62 35.83 36.07 36.20 36.44 36.73 37.14 36.76 36.78 36.80 36.91 36.91 36.27 35.96 36.06 36.17 36.70 37.24 37.46 39.05 39.47 38.59 38.76 38.97 41.49
35.00 35.86 36.24 36.44 36.58 36.45 35.99 35.46 35.09 35.11 35.04 34.93 34.97 34.83 34.70 34.56 34.39 34.22 34.03 33.85 33.67 33.65 33.65 33.60 33.55 33.50 33.32 33.07 32.94 32.77 32.59 32.55 32.58 32.59 32.60 32.70 32.84 32.87 33.01 33.24 33.33 33.58 33.86 34.04 34.20 34.33 34.51 34.72 34.88 34.91 35.00 35.19 35.40 35.74 36.00 36.28 36.60 36.84 37.12 37.28 37.18 37.18 37.19 37.00 36.76 36.53 36.49 36.61 36.67 37.21 37.76 37.94 38.90 39.96 39.11 39.20 40.05 42.44
35.04 35.80 36.19 36.21 36.35 36.24 35.77 35.17 34.65 34.62 34.82 34.98 35.15 35.18 35.12 35.06 34.96 34.76 34.60 34.48 34.32 34.28 34.29 34.36 34.29 34.14 33.92 33.72 33.55 33.27 33.08 32.99 32.98 33.02 33.05 33.17 33.28 33.43 33.59 33.81 33.98 34.09 34.35 34.53 34.75 34.89 35.03 35.19 35.39 35.21 35.33 35.42 35.71 35.99 36.27 36.60 36.90 37.24 37.52 37.76 37.81 37.81 37.87 37.63 37.34 37.02 37.22 38.04 37.42 37.55 38.13 39.06 40.49 40.52 39.93 40.37 41.18 42.47
35.09 35.85 36.19 36.23 35.95 36.06 35.86 35.05 34.61 34.66 34.87 34.99 35.24 35.42 35.52 35.54 35.40 35.27 35.08 34.92 34.85 34.81 34.83 34.95 34.96 34.65 34.40 34.17 33.91 33.70 33.47 33.30 33.25 33.23 33.33 33.53 33.65 33.85 34.04 34.18 34.29 34.56 34.78 34.97 35.13 35.28 35.34 35.45 35.56 35.42 35.56 35.63 35.78 36.10 36.50 36.88 37.22 37.59 37.90 38.15 38.29 38.24 38.21 38.07 37.78 37.58 37.78 38.46 38.74 38.13 38.38 39.56 41.41 41.35 41.93 41.56 41.96 43.95
