project/src/data/BOM_climate/monthly_mean_rainfall/raindec.txt
ncols 886
nrows 691
xllcenter 112.0000
yllcenter -44.5000
cellsize 0.0500
nodata_value 99999.90
[rows 374 to 407 of 691, columns 385 to 461 of 886]
34.80 34.56 34.31 34.36 34.14 34.17 33.71 33.50 33.40 33.32 33.20 32.90 32.70 32.60 32.42 32.56 32.74 32.59 32.53 32.13 32.03 31.94 31.68 31.61 31.38 31.06 30.83 30.60 30.24 29.69 29.27 29.02 28.62 28.37 28.20 28.22 28.09 27.97 27.64 27.39 27.10 26.94 26.61 26.35 26.19 25.58 25.44 25.69 25.72 25.61 25.52 25.59 25.69 25.63 25.70 25.84 25.60 25.25 25.23 25.21 25.37 25.50 25.43 25.46 25.48 25.02 24.22 23.78 23.30 22.65 22.25 21.83 21.48 21.13 20.86 20.61 20.47
34.74 34.73 34.53 34.37 34.33 34.40 34.02 33.52 33.49 33.17 32.96 32.74 32.61 32.42 32.23 32.17 32.35 32.08 31.84 31.62 31.69 31.75 31.43 31.25 31.05 30.75 30.42 30.20 29.79 29.37 29.03 28.70 28.37 28.38 28.04 27.73 27.72 27.53 27.26 26.99 26.88 26.56 26.34 26.07 25.87 25.46 25.48 25.41 25.40 25.29 25.32 25.34 25.50 25.55 25.60 25.51 25.26 24.97 24.81 24.87 24.91 24.87 25.18 25.21 25.10 24.82 24.32 23.67 23.13 22.59 22.20 21.79 21.42 21.21 20.85 20.52 20.25
34.16 34.34 34.14 34.12 34.00 34.03 33.68 33.50 33.49 33.23 32.93 32.66 32.43 32.30 32.14 31.92 31.76 31.49 31.33 31.19 31.11 31.06 30.94 30.95 30.69 30.37 30.03 29.67 29.33 29.05 28.82 28.61 28.29 28.20 27.97 27.48 27.02 26.91 26.72 26.68 26.48 26.36 26.13 25.94 25.66 25.19 25.10 24.96 24.94 25.11 25.16 25.17 25.28 25.37 25.40 25.22 25.11 24.82 24.55 24.89 24.56 24.59 24.74 25.11 24.65 24.60 24.09 23.72 23.39 23.00 22.37 21.89 21.44 21.12 20.82 20.58 20.27
33.61 33.89 33.60 33.66 33.48 33.67 33.42 32.97 33.12 33.00 32.59 32.32 32.29 32.15 31.96 31.63 31.48 31.29 31.01 30.82 30.73 30.72 30.82 30.62 30.31 29.97 29.59 29.37 29.11 28.76 28.51 28.27 28.09 27.85 27.50 27.09 27.00 26.75 26.41 26.22 26.24 26.00 25.78 25.44 25.16 24.99 24.77 24.74 24.64 24.76 24.94 24.90 24.96 25.02 24.91 24.85 24.83 24.77 24.26 24.34 24.15 24.22 24.10 24.02 23.97 24.05 23.90 23.71 23.55 23.32 22.65 22.03 21.44 21.12 20.88 20.64 20.33
33.18 33.19 33.13 33.09 33.16 33.38 33.27 32.72 32.51 32.55 32.59 32.15 32.09 31.96 31.79 31.49 31.13 30.83 30.79 30.73 30.57 30.75 30.61 30.28 29.93 29.55 29.22 28.99 28.76 28.40 28.15 27.97 27.78 27.52 27.15 26.85 26.61 26.45 26.37 26.01 25.88 25.68 25.34 25.10 24.90 24.96 24.63 24.59 24.45 24.48 24.59 24.64 24.65 24.65 24.47 24.40 24.25 24.20 23.89 23.77 23.62 23.77 23.59 23.87 24.04 23.66 23.56 23.53 23.70 23.06 22.50 21.81 21.39 21.13 20.79 20.51 20.21
33.24 33.04 32.93 32.75 32.81 32.86 32.99 32.87 32.40 32.04 32.04 31.95 31.92 31.84 31.67 31.08 31.01 30.81 30.79 30.85 30.70 30.47 30.16 29.77 29.46 29.14 29.01 28.80 28.45 28.01 27.84 27.77 27.38 27.13 26.79 26.63 26.39 26.19 26.07 25.75 25.54 25.43 24.89 24.81 24.79 24.74 24.49 24.38 24.35 24.41 24.47 24.38 24.42 24.40 24.26 24.19 23.97 23.89 23.57 23.40 23.34 23.22 23.60 23.72 23.53 23.34 23.44 23.47 23.51 23.16 22.51 21.99 21.36 21.13 20.87 20.56 20.36
33.66 33.11 32.98 33.07 32.65 32.36 32.50 32.54 32.44 32.35 32.00 31.76 31.69 31.60 31.35 31.05 30.89 30.84 30.89 30.77 30.58 30.27 29.97 29.56 29.25 28.91 28.87 28.70 28.18 27.86 27.72 27.49 27.19 26.96 26.70 26.34 26.11 25.95 25.77 25.52 25.05 24.72 24.50 24.58 24.45 24.42 24.30 24.20 24.12 24.05 23.96 23.95 23.88 23.87 23.90 23.79 23.55 23.36 23.29 23.29 23.01 23.10 23.26 23.31 23.11 23.05 23.26 23.21 23.37 23.56 23.34 22.38 21.88 21.61 21.29 20.82 20.41
33.52 33.30 33.38 33.24 32.67 32.29 32.02 31.88 32.09 32.21 32.01 31.69 31.54 31.48 31.18 30.78 30.75 30.84 30.75 30.72 30.46 30.14 29.89 29.56 29.30 28.94 28.68 28.47 28.31 28.08 27.78 27.24 27.04 26.84 26.62 26.34 25.95 25.73 25.57 25.41 24.92 24.38 24.55 24.42 24.30 24.20 24.10 23.99 23.91 23.83 23.69 23.64 23.55 23.52 23.45 23.36 23.21 22.98 23.03 22.98 22.82 23.05 22.89 22.93 22.92 22.80 22.96 23.23 23.46 23.67 23.63 23.38 22.67 22.22 21.67 21.06 20.66
33.44 33.41 33.35 32.90 32.48 32.30 32.04 31.69 31.66 31.58 31.55 31.59 31.43 31.29 31.08 30.85 30.82 30.64 30.48 30.41 30.19 29.95 29.62 29.25 29.00 28.73 28.23 28.26 28.24 27.76 27.33 27.06 26.80 26.54 26.35 26.17 25.71 25.53 25.25 25.01 24.71 24.09 24.21 23.98 24.08 23.97 23.87 23.79 23.70 23.59 23.38 23.45 23.42 23.37 23.29 23.02 22.84 22.63 22.78 22.73 22.59 22.70 22.68 22.78 22.52 22.64 22.76 23.09 23.36 23.45 23.43 22.96 23.03 23.01 22.22 21.31 20.88
33.25 33.25 33.29 33.02 32.68 32.59 32.26 31.80 31.45 31.49 31.36 31.39 31.12 30.96 30.77 30.88 30.78 30.57 30.46 30.27 30.03 29.66 29.32 29.04 28.64 28.21 27.98 28.12 27.94 27.58 27.15 26.98 26.42 26.09 25.97 25.66 25.43 25.25 24.76 24.55 24.38 23.85 23.79 23.91 23.86 23.71 23.67 23.58 23.47 23.47 23.40 23.31 23.28 23.23 23.10 22.90 22.74 22.55 22.56 22.46 22.40 22.55 22.58 22.43 22.28 22.47 22.33 22.78 23.06 22.94 22.88 22.78 22.87 23.03 22.73 21.55 20.95
32.96 33.00 33.06 33.07 32.92 32.67 32.51 32.08 31.82 31.88 31.61 31.18 30.95 30.82 30.64 30.52 30.34 30.36 30.33 30.03 29.72 29.44 29.10 28.99 28.66 28.26 27.98 27.85 27.63 27.34 26.93 26.85 26.34 25.85 25.49 25.24 25.01 24.94 24.55 24.24 23.86 23.77 23.72 23.61 23.64 23.53 23.45 23.38 23.31 23.46 23.20 23.14 23.10 23.04 22.90 22.82 22.58 22.42 22.45 22.33 22.25 22.16 22.19 22.11 22.00 21.97 21.97 22.19 22.44 22.62 22.49 22.46 22.62 22.82 22.78 21.72 20.96
32.97 32.77 32.74 32.77 32.71 32.60 32.33 32.27 32.17 32.10 31.77 31.17 30.86 30.74 30.55 30.37 30.12 30.03 29.88 29.40 29.29 29.18 29.09 28.70 28.39 28.21 27.71 27.35 27.12 26.91 26.67 26.47 26.13 25.71 25.39 25.08 24.67 24.44 24.30 23.73 23.67 23.98 23.94 23.71 23.48 23.37 23.38 23.35 23.13 23.09 22.95 22.92 22.89 22.86 22.84 22.67 22.43 22.35 22.36 22.23 22.21 22.11 21.91 21.82 21.78 21.66 21.74 21.82 21.79 22.11 22.27 22.14 22.36 22.56 22.89 21.89 21.02
33.02 32.84 32.66 32.55 32.45 32.52 32.17 32.04 31.95 31.83 31.49 31.13 30.88 30.63 30.46 30.24 30.00 29.94 29.38 29.03 28.92 28.96 28.94 28.55 28.17 28.08 27.76 27.40 26.62 26.44 26.60 26.31 25.84 25.45 25.19 25.01 24.58 24.08 23.84 23.55 23.90 24.13 23.91 23.74 23.64 23.57 23.44 23.16 22.90 22.81 22.68 22.68 22.61 22.69 22.79 22.52 22.37 22.40 22.36 22.13 22.17 22.21 21.90 21.66 21.53 21.50 21.49 21.53 21.52 21.70 21.91 22.02 22.22 22.36 22.43 21.89 21.01
32.35 32.49 32.19 31.94 31.98 32.18 31.97 31.92 31.54 31.22 31.18 30.92 30.73 30.55 30.37 30.13 29.77 29.59 29.00 28.74 28.72 28.73 28.41 28.30 28.13 27.70 27.46 27.06 26.73 26.46 25.82 25.43 25.10 25.04 24.95 24.61 24.21 23.70 23.40 23.54 23.46 23.56 23.41 23.78 23.80 23.43 23.15 22.76 22.52 22.31 22.24 22.22 22.20 22.29 22.34 22.21 22.14 22.23 22.21 22.06 21.91 21.76 21.45 21.45 21.44 21.73 21.83 21.70 21.67 21.66 21.66 21.72 21.86 21.95 22.10 21.95 21.07
31.78 32.02 31.80 31.46 31.32 31.33 31.33 31.38 31.16 30.89 30.94 30.91 30.68 30.47 30.28 30.01 29.50 29.21 28.75 28.56 28.36 28.19 28.11 28.14 27.76 27.42 27.03 26.76 26.64 26.23 25.68 24.98 24.64 24.56 24.70 24.28 23.90 23.55 23.46 23.88 23.40 23.46 23.45 23.85 23.67 23.24 22.80 22.52 22.16 22.05 21.99 21.98 21.97 21.94 21.91 21.80 21.80 21.73 21.83 21.78 21.80 21.72 21.60 21.40 21.46 21.57 21.55 21.49 21.48 21.47 21.46 21.59 21.84 22.20 22.00 22.01 21.44
31.68 31.89 31.65 31.46 31.31 31.12 31.04 30.98 30.91 30.86 30.82 30.76 30.67 30.56 30.18 29.74 29.41 29.17 28.81 28.51 28.25 28.14 28.02 27.97 27.76 27.24 26.97 26.39 26.04 25.80 25.29 24.82 24.59 24.31 24.44 24.09 23.82 23.31 23.29 23.58 23.37 23.25 23.29 23.28 22.92 22.58 22.41 22.36 22.09 21.98 21.85 21.83 21.79 21.78 21.77 21.66 21.74 21.79 21.78 21.73 21.77 21.88 21.67 21.37 21.04 21.53 21.46 21.47 21.46 21.48 21.29 21.41 21.55 21.83 21.98 21.89 21.48
31.50 31.57 31.49 31.36 31.12 31.04 31.01 30.88 30.80 30.66 30.54 30.39 30.22 30.18 30.46 29.87 29.39 28.97 28.51 28.37 28.37 28.19 27.93 27.59 27.41 27.25 26.92 26.47 25.85 25.50 24.95 24.67 24.39 24.25 24.15 23.42 23.38 22.99 23.21 23.54 23.36 22.80 22.56 22.39 22.24 22.20 22.23 22.21 21.97 21.79 21.68 21.62 21.57 21.58 21.77 21.71 21.74 21.77 21.77 21.64 21.51 21.45 21.49 21.26 21.35 21.37 21.26 21.46 21.31 21.27 21.26 21.32 21.53 21.75 21.70 21.69 21.63
31.46 31.48 31.40 31.39 31.16 31.04 30.94 30.86 30.76 30.64 30.49 30.33 30.16 30.00 30.14 30.00 29.41 28.89 28.46 28.46 28.37 28.01 27.73 27.61 27.22 26.78 26.30 25.93 25.31 24.94 24.69 24.51 24.24 24.01 23.75 23.42 23.20 23.01 23.21 23.23 22.84 22.26 22.21 22.09 21.83 22.09 22.08 22.08 21.78 21.43 21.33 21.43 21.49 21.47 21.65 21.66 21.75 21.71 21.53 21.39 21.41 21.40 21.41 21.20 21.29 21.43 21.25 21.24 21.22 21.31 21.35 21.45 21.55 21.55 21.71 21.87 21.71
31.41 31.42 31.24 31.15 31.07 30.99 30.94 30.84 30.71 30.57 30.43 30.27 30.10 29.81 29.68 29.69 29.58 29.20 28.69 28.24 28.03 27.63 27.52 27.19 26.65 26.10 25.78 25.41 24.82 24.42 24.21 24.12 24.05 23.82 23.57 23.31 22.84 22.72 22.71 22.32 21.86 21.54 21.43 21.43 21.48 21.74 21.76 21.72 21.29 21.28 21.34 21.53 21.52 21.34 21.37 21.41 21.36 21.36 21.28 21.33 21.50 21.59 21.43 21.31 21.38 21.41 21.19 21.04 21.34 21.29 21.39 21.53 21.50 21.57 21.73 22.03 21.92
31.37 31.31 31.10 31.08 31.02 30.95 30.90 30.78 30.57 30.40 30.31 30.24 30.04 29.78 29.64 29.52 29.13 29.09 28.96 28.41 27.87 27.52 26.96 26.42 25.98 25.54 25.31 25.02 25.05 24.65 24.15 23.79 23.84 23.78 23.41 23.12 22.69 22.46 22.06 21.79 21.67 21.75 21.43 21.11 21.07 21.13 21.11 21.20 21.08 21.26 21.45 21.76 21.70 21.27 21.16 21.13 21.24 21.27 21.26 21.42 21.45 21.51 21.58 21.55 21.47 21.38 21.42 21.47 21.56 21.46 21.51 21.52 21.49 21.48 21.64 21.62 21.67
31.29 31.13 31.06 31.02 31.00 30.97 30.91 30.78 30.59 30.37 30.27 30.23 30.05 29.81 29.62 29.37 28.87 28.39 28.44 28.73 28.42 28.02 27.01 26.25 25.97 25.52 25.33 25.24 25.06 24.90 24.59 23.89 23.81 23.68 23.29 23.00 22.94 22.85 22.24 21.87 21.73 21.68 21.53 21.52 21.05 20.98 20.91 20.94 21.06 21.29 21.34 21.56 21.58 21.35 21.15 21.07 21.26 21.39 21.31 21.36 21.39 21.53 21.73 21.64 21.57 21.58 21.50 21.61 21.75 21.65 21.65 21.70 21.67 21.58 21.67 21.69 21.83
31.06 31.03 30.97 30.93 31.04 30.92 30.77 30.68 30.49 30.34 30.24 30.08 29.99 29.80 29.52 29.31 28.93 28.43 28.23 28.17 28.40 28.11 27.54 27.06 26.56 25.86 25.17 25.00 25.15 24.62 24.19 24.10 23.71 23.39 23.13 22.90 23.01 22.89 22.40 21.97 21.83 21.67 21.28 21.26 21.29 21.21 20.97 21.00 21.14 21.59 21.44 21.24 21.27 21.54 21.14 20.96 21.21 21.26 21.28 21.37 21.31 21.42 21.61 21.56 21.62 21.67 21.53 21.59 21.75 21.79 21.80 21.81 21.85 21.76 21.67 21.72 21.95
31.04 31.02 31.04 31.03 31.00 30.79 30.67 30.66 30.48 30.39 30.22 29.93 29.82 29.74 29.50 29.33 29.02 28.58 28.12 27.54 27.58 27.93 27.76 27.37 26.41 26.21 25.47 25.02 24.83 24.78 24.41 23.99 23.41 22.97 22.91 22.97 22.93 22.90 22.73 22.29 22.23 21.80 21.11 21.09 21.51 21.25 21.32 21.26 21.32 21.59 21.57 21.26 21.45 21.65 21.50 21.20 21.22 21.35 21.46 21.60 21.29 21.42 21.53 21.49 21.62 21.68 21.64 21.63 21.81 22.04 22.05 22.02 22.07 22.10 22.05 21.82 21.89
31.11 31.01 31.04 31.08 30.92 30.75 30.69 30.78 30.58 30.36 30.13 29.94 29.84 29.54 29.42 29.39 29.15 28.58 28.02 27.28 27.07 27.44 27.49 27.16 26.81 26.08 25.38 25.28 25.04 24.70 24.12 23.66 23.12 22.82 22.81 22.90 22.69 22.62 22.16 22.13 21.99 21.33 21.08 21.04 21.31 21.42 21.38 21.51 21.58 21.64 21.42 21.45 21.77 21.73 21.63 21.30 21.55 21.73 21.61 21.68 21.34 21.51 21.46 21.29 21.51 21.59 21.66 21.82 22.02 22.18 22.25 22.24 22.23 22.23 22.08 21.85 21.82
31.28 31.06 31.04 31.10 31.13 31.03 30.97 30.79 30.53 30.35 30.19 30.02 29.78 29.42 29.44 29.48 29.07 28.43 28.04 27.33 26.94 26.77 27.07 27.38 26.76 25.99 25.63 25.40 25.15 24.56 23.82 23.52 23.15 22.77 22.49 22.49 22.55 22.40 22.02 22.07 21.57 21.19 21.11 21.15 21.32 21.40 21.42 21.80 21.76 21.77 21.68 21.66 21.99 22.07 21.62 21.64 21.75 22.00 21.65 21.69 21.59 21.31 21.45 21.57 21.73 21.67 21.70 21.84 22.08 22.24 22.30 22.29 22.30 22.26 22.09 21.83 21.88
31.72 31.44 31.20 31.14 31.18 31.18 31.17 31.02 30.60 30.40 30.26 30.00 29.68 29.60 29.78 29.56 28.85 28.36 27.98 27.43 26.70 26.54 26.80 27.48 26.78 25.99 25.81 25.48 25.24 24.56 24.13 23.64 23.33 22.96 22.66 22.50 22.43 22.16 22.03 21.83 21.36 20.86 20.83 20.85 21.16 21.43 21.31 21.62 21.70 21.77 21.84 21.94 22.09 22.14 21.94 21.87 21.93 22.08 21.61 21.63 21.72 21.40 21.46 21.49 21.74 21.79 21.82 21.91 22.08 22.25 22.38 22.35 22.33 22.24 22.12 21.89 21.66
31.39 31.74 31.71 31.41 31.23 31.24 31.23 31.12 30.79 30.47 30.23 29.93 29.92 30.00 29.97 29.21 28.74 28.11 27.62 27.12 26.52 26.47 26.31 26.56 27.02 26.42 25.91 25.51 24.90 24.27 23.97 23.62 23.34 23.05 22.67 22.46 22.28 22.05 22.05 21.70 21.22 21.01 20.92 20.86 21.01 21.22 21.18 21.58 21.83 22.10 22.08 22.44 23.04 22.68 22.36 22.11 22.15 22.36 22.22 21.98 21.66 21.50 21.61 21.61 21.70 21.80 21.83 21.93 22.05 22.17 22.28 22.23 22.33 22.43 22.09 21.86 21.59
30.61 31.18 31.56 32.00 31.82 31.43 31.29 31.22 31.00 30.74 30.31 30.17 30.28 30.18 29.65 29.10 28.48 27.63 27.22 26.82 26.68 26.45 26.13 25.88 26.42 26.48 26.42 25.73 24.57 24.05 23.60 23.27 23.21 23.02 22.75 22.54 22.33 21.93 21.74 21.39 21.62 21.64 21.75 21.25 21.13 21.26 21.45 21.45 21.98 22.50 22.74 22.87 23.39 23.33 22.80 22.49 22.37 22.28 22.74 22.54 22.16 22.07 22.08 21.72 21.60 21.73 21.70 21.78 21.97 22.17 22.15 22.12 22.19 22.42 22.63 22.10 21.51
29.98 30.22 30.61 31.26 32.11 32.16 31.72 31.41 31.12 30.92 30.66 30.48 30.20 29.62 29.14 28.67 28.00 27.49 27.12 26.77 26.42 26.21 26.05 25.82 26.15 26.25 26.25 25.75 24.77 24.03 23.68 23.18 23.02 23.07 22.87 22.65 22.27 21.78 22.09 21.79 21.44 21.76 22.06 21.74 21.74 21.84 22.09 21.93 22.00 22.31 22.57 22.95 23.22 23.35 23.10 22.69 22.75 22.63 22.57 22.45 22.35 22.38 22.24 22.15 22.00 21.74 21.73 21.91 22.05 22.12 22.14 22.10 22.04 22.31 22.75 21.95 21.63
29.61 29.76 29.99 30.16 30.74 31.55 32.33 32.33 31.60 30.73 30.75 30.33 30.18 29.30 28.82 28.43 27.92 27.49 26.99 26.65 26.35 26.11 25.88 25.79 25.91 25.79 25.52 25.46 24.96 24.02 23.72 23.26 23.07 23.10 22.88 22.68 22.31 22.19 22.37 22.10 21.78 21.91 21.97 22.04 22.15 21.96 22.32 22.56 22.72 22.80 22.64 22.72 22.98 23.19 23.30 23.28 23.26 23.03 22.78 22.61 22.24 22.46 22.57 22.49 22.44 22.03 21.92 21.91 22.07 22.16 22.21 22.21 22.18 22.32 22.09 21.75 21.59
29.08 29.08 29.24 29.53 29.86 30.21 31.00 32.06 31.79 31.22 31.01 30.54 29.78 29.33 28.74 28.33 27.95 27.55 26.95 26.66 26.52 26.07 25.77 25.66 25.60 25.59 25.43 25.37 25.09 24.17 23.72 23.48 23.30 23.11 22.77 22.39 22.41 22.37 22.54 22.62 22.35 22.41 22.04 22.28 22.07 22.09 22.24 22.56 23.07 23.14 23.06 23.21 23.35 23.67 24.11 24.16 24.14 23.51 22.89 22.58 22.38 22.09 22.08 22.59 22.67 22.30 22.16 22.08 22.10 22.23 22.40 22.52 22.66 22.04 21.83 21.82 21.63
28.85 28.93 29.01 29.19 29.28 29.29 29.83 30.45 30.80 30.45 30.53 30.41 30.17 29.73 28.92 28.22 27.81 27.41 26.95 26.63 26.42 26.02 25.75 25.52 25.25 25.14 25.27 25.15 24.91 24.45 23.83 23.53 23.32 23.04 22.45 22.17 22.10 22.15 22.27 22.44 22.70 22.66 22.20 22.24 22.06 22.35 22.78 22.79 23.05 23.11 22.89 22.93 23.34 23.79 24.28 24.53 24.30 23.71 23.14 22.73 22.33 22.04 21.88 22.07 22.48 22.52 22.39 22.23 22.42 22.54 22.59 22.35 22.15 22.13 22.17 21.85 21.74
28.70 28.85 29.02 29.17 29.19 29.06 29.18 29.46 29.50 29.42 29.85 30.08 30.16 29.78 29.01 28.60 27.78 27.31 26.93 26.59 26.31 26.00 25.72 25.44 25.17 25.10 25.21 24.90 24.59 24.69 24.29 23.52 23.37 22.73 22.37 22.38 22.20 22.12 22.29 22.26 22.57 22.46 22.10 21.92 22.19 22.80 23.06 22.87 22.80 22.67 22.54 22.72 23.30 23.78 24.11 24.16 24.36 23.99 23.62 23.45 22.82 22.15 21.98 22.22 22.59 22.82 22.77 22.44 22.39 22.50 22.49 21.89 21.88 21.79 22.09 21.96 22.01
28.51 28.67 28.82 28.94 28.99 28.96 29.04 29.15 28.79 28.60 28.51 28.60 28.81 29.16 29.28 28.75 27.81 27.15 26.54 26.28 26.11 25.87 25.60 25.34 25.10 25.01 25.00 24.74 24.46 24.30 24.24 23.99 23.50 22.81 22.62 22.48 22.34 22.10 22.15 22.23 22.46 22.84 22.15 21.86 22.09 22.53 22.43 22.30 22.21 22.26 22.30 22.71 23.51 24.12 23.88 23.69 23.91 24.02 23.54 23.15 23.06 22.80 22.44 22.06 22.02 22.25 22.40 22.06 21.87 22.27 22.19 22.04 21.63 21.41 21.65 21.99 22.03
