project/src/data/BOM_climate/monthly_mean_rainfall/rainfeb.txt
ncols 886
nrows 691
xllcenter 112.0000
yllcenter -44.5000
cellsize 0.0500
nodata_value 99999.90
[rows 374 to 407 of 691, columns 539 to 615 of 886]
22.72 22.82 23.02 22.84 22.96 22.92 22.78 22.89 22.90 22.77 22.79 22.67 22.69 22.57 22.66 22.53 22.47 22.44 22.46 22.42 22.44 22.32 22.28 22.21 22.20 22.12 22.21 22.26 22.18 22.22 22.23 22.21 22.31 22.38 22.59 22.51 22.69 22.79 22.74 22.73 22.74 22.70 22.61 22.65 22.79 22.90 22.30 22.06 22.13 22.20 22.08 22.19 22.48 22.85 23.41 23.11 22.91 22.96 22.89 22.94 23.03 23.22 23.58 23.97 22.81 22.16 22.16 21.83 21.84 21.96 21.87 21.71 21.62 21.54 21.46 21.39 21.41
22.45 22.34 22.68 22.69 22.77 22.82 22.89 22.74 22.57 22.60 22.62 22.55 22.53 22.41 22.37 22.29 22.30 22.24 22.21 22.25 22.18 22.19 22.15 22.15 22.10 22.09 22.09 22.09 22.15 22.28 22.25 22.23 22.29 22.59 22.70 22.75 22.85 22.84 22.76 22.75 22.84 22.91 22.84 22.77 22.75 22.63 22.12 22.10 22.21 22.21 22.17 22.32 22.56 22.84 23.27 23.43 23.41 23.77 23.45 23.31 23.38 23.55 23.98 23.81 22.44 22.10 22.07 21.95 22.06 22.06 22.02 21.81 21.78 21.66 21.61 21.53 21.55
22.35 22.28 22.61 22.68 22.64 22.73 22.80 22.72 22.67 22.66 22.63 22.47 22.50 22.41 22.37 22.29 22.24 22.20 22.16 22.14 22.21 22.21 22.18 22.18 22.12 22.21 22.16 22.16 22.16 22.40 22.45 22.57 22.49 22.67 22.91 22.93 23.01 23.03 22.99 22.98 23.20 23.21 23.07 22.92 22.56 22.61 22.51 22.40 22.48 22.47 22.36 22.51 22.79 23.06 23.39 23.75 24.13 24.61 23.69 23.77 23.72 23.94 24.59 23.17 22.51 22.16 22.20 22.15 22.09 22.10 22.24 22.04 21.95 21.82 21.84 21.76 21.69
22.00 21.93 22.08 22.27 22.43 22.45 22.40 22.42 22.47 22.38 22.46 22.32 22.28 22.22 22.25 22.23 22.23 22.24 22.10 22.13 22.13 22.14 22.20 22.20 22.09 22.15 22.16 22.13 22.21 22.48 22.55 22.62 22.65 22.75 23.04 23.03 23.06 23.15 23.22 23.30 23.41 23.47 23.43 23.07 23.02 22.89 22.74 22.72 22.80 22.73 22.67 22.86 23.06 23.45 23.73 24.04 24.68 24.29 23.98 24.06 24.10 24.40 25.03 23.55 22.75 22.35 22.39 22.31 22.27 22.26 22.36 22.45 22.16 22.05 22.07 22.02 21.97
21.66 21.68 21.71 21.98 22.35 22.24 22.13 22.14 22.24 22.27 22.18 22.20 22.13 22.12 22.18 22.17 22.29 22.28 22.11 21.99 22.07 22.14 22.13 22.09 22.00 22.19 22.19 22.19 22.31 22.47 22.59 22.73 22.76 22.97 23.04 23.05 23.12 23.30 23.43 23.60 23.61 23.63 23.59 23.40 23.30 23.21 23.11 23.00 22.99 22.78 22.93 23.14 23.36 23.68 24.07 24.75 25.08 24.59 24.49 24.35 24.39 24.84 25.51 23.68 22.94 22.60 22.59 22.54 22.46 22.48 22.48 22.55 22.55 22.34 22.25 22.22 22.12
21.43 21.46 21.51 21.56 21.77 22.06 21.91 22.02 21.94 21.89 21.89 21.91 21.94 22.09 22.14 22.03 22.11 22.22 22.04 21.95 22.08 22.03 22.10 21.99 22.08 22.24 22.35 22.33 22.43 22.61 22.68 22.67 22.81 22.89 22.94 23.16 23.31 23.39 23.56 23.84 23.87 23.88 23.81 23.66 23.53 23.39 23.39 23.39 23.29 23.17 23.20 23.46 23.71 24.32 24.76 25.50 25.42 25.18 24.85 24.66 24.88 25.74 25.91 24.05 23.40 23.01 22.85 22.76 22.69 22.65 22.63 22.66 22.81 22.61 22.53 22.45 22.38
21.25 21.26 21.35 21.40 21.51 21.68 21.98 21.71 21.78 21.79 21.73 21.87 22.01 21.94 22.00 22.00 21.91 21.91 21.91 21.96 21.91 21.81 21.87 21.96 22.04 22.14 22.33 22.32 22.43 22.56 22.55 22.72 22.72 22.86 23.01 23.21 23.46 23.53 23.87 24.07 24.09 24.05 24.01 23.87 23.78 23.64 23.68 23.57 23.58 23.50 23.56 23.87 24.15 25.26 25.11 25.42 25.65 25.76 25.41 25.11 25.41 25.40 24.64 24.16 23.95 23.51 23.26 22.99 22.92 22.87 22.87 22.84 23.00 22.92 22.95 22.83 22.71
21.34 21.14 21.22 21.39 21.46 21.34 21.35 21.51 21.68 21.67 21.66 21.86 22.22 22.24 22.16 22.19 22.17 22.07 21.95 21.94 21.92 21.80 21.94 21.94 22.07 22.17 22.28 22.43 22.44 22.65 22.54 22.66 22.79 22.99 23.08 23.31 23.47 23.76 24.06 24.38 24.38 24.16 24.18 23.90 23.86 23.80 23.84 23.83 23.70 23.76 23.90 24.22 24.61 25.76 25.60 25.69 26.43 27.28 26.45 25.92 26.40 25.08 24.87 24.74 24.85 24.11 23.54 23.24 23.21 23.15 23.12 23.09 23.11 23.24 23.08 23.09 22.95
21.24 21.15 21.55 21.56 21.41 21.35 21.10 21.24 21.44 21.53 21.63 21.88 21.67 21.71 21.67 21.97 22.14 22.11 21.95 21.87 21.85 21.67 21.86 21.83 22.03 22.22 22.24 22.29 22.43 22.61 22.59 22.65 22.85 23.01 23.15 23.19 23.57 23.80 24.20 24.62 24.57 24.31 24.28 24.26 24.02 23.94 23.79 23.94 23.89 23.99 24.15 24.45 24.71 25.28 25.45 26.00 27.14 27.23 26.41 26.73 25.99 25.61 25.47 25.75 26.12 25.34 24.25 23.81 23.56 23.48 23.43 23.40 23.36 23.43 23.40 23.38 23.19
21.36 21.43 21.52 21.45 21.32 21.27 21.19 21.17 21.05 21.08 21.21 21.29 21.16 21.19 21.24 21.45 21.69 22.03 21.96 21.84 21.74 21.56 21.79 21.79 21.96 22.08 22.27 22.34 22.39 22.51 22.51 22.68 22.90 22.89 23.11 23.48 23.75 23.96 24.17 24.64 24.62 24.44 24.48 24.57 24.44 24.31 24.12 24.01 24.24 24.19 24.35 24.60 24.78 25.08 25.63 26.66 27.22 26.02 25.82 26.21 26.01 26.19 26.13 26.27 26.05 26.09 25.04 24.43 24.09 23.83 23.77 23.72 23.90 23.85 23.94 23.95 23.53
21.50 21.50 21.66 21.69 21.35 21.41 21.21 21.13 21.13 21.04 21.00 21.03 21.08 21.11 21.16 21.20 21.30 21.65 21.80 21.76 21.58 21.49 21.81 21.75 21.86 22.03 22.15 22.35 22.37 22.40 22.47 22.69 22.87 22.87 23.21 23.47 23.87 23.96 24.37 24.66 24.56 24.47 24.66 24.62 24.45 24.26 24.13 24.20 24.33 24.49 24.58 24.68 24.85 25.27 25.75 26.74 26.73 26.02 25.90 25.96 25.97 26.25 26.39 26.34 26.32 25.92 25.83 25.08 24.61 24.34 24.11 24.04 24.05 24.14 24.11 23.87 23.75
21.52 21.79 21.84 21.65 21.38 21.28 21.12 21.43 21.51 21.14 20.98 20.92 20.99 21.05 21.10 21.14 21.19 21.28 21.61 21.74 21.43 21.49 21.59 21.66 21.71 21.95 22.17 22.20 22.21 22.41 22.55 22.42 22.66 22.92 23.25 23.56 23.80 23.89 24.28 24.54 24.41 24.47 24.64 24.59 24.58 24.50 24.13 24.33 24.41 24.61 24.77 24.86 25.08 25.42 25.95 26.50 25.97 25.77 25.88 26.00 26.19 26.26 26.33 26.40 26.39 26.28 26.83 25.67 25.19 24.91 24.58 24.46 24.36 24.24 24.18 24.08 23.94
21.89 21.97 21.96 21.70 21.47 21.22 21.26 21.88 21.73 21.22 21.08 21.00 20.93 20.97 21.02 21.09 21.12 21.15 21.29 21.67 21.58 21.44 21.58 21.64 21.71 21.90 22.29 22.29 22.25 22.44 22.56 22.57 22.69 23.01 23.33 23.65 23.81 24.14 24.46 24.46 24.44 24.42 24.40 24.43 24.55 24.44 24.43 24.39 24.53 24.75 24.94 25.09 25.40 25.68 26.46 26.12 26.07 26.16 26.15 26.50 26.94 27.04 26.77 26.37 26.24 26.22 26.63 25.93 25.48 25.22 24.98 24.83 24.71 24.51 24.42 24.30 24.14
22.07 21.89 21.61 21.36 21.15 21.02 21.32 22.01 21.46 21.32 21.13 21.02 20.96 20.87 20.96 21.02 21.09 21.09 21.21 21.35 21.44 21.36 21.53 21.66 21.70 21.78 22.04 22.21 22.16 22.33 22.54 22.70 22.70 23.11 23.26 23.51 23.81 24.17 24.45 24.48 24.50 24.42 24.43 24.69 24.53 24.58 24.56 24.42 24.57 24.78 24.81 25.15 25.43 25.90 26.06 25.97 25.74 25.85 26.26 26.98 27.81 28.06 27.38 27.01 27.46 27.14 26.64 25.82 25.52 25.39 25.29 25.26 25.10 24.76 24.67 24.55 24.41
21.57 21.41 21.48 21.23 20.98 21.09 21.22 21.94 21.44 21.27 21.16 21.08 21.00 20.88 20.91 20.97 21.04 21.04 21.09 21.14 21.20 21.34 21.51 21.55 21.71 21.75 21.95 21.92 22.04 22.23 22.49 22.65 22.87 23.22 23.25 23.47 23.71 24.11 24.37 24.43 24.37 24.26 24.46 24.68 24.48 24.50 24.50 24.52 24.60 24.72 24.89 25.07 25.37 25.73 25.65 25.49 25.59 26.04 26.58 27.59 29.12 29.03 28.13 27.61 27.68 27.48 26.52 26.01 25.69 25.66 26.03 25.96 25.86 24.92 24.83 24.75 24.69
22.11 21.86 21.47 21.08 21.21 21.20 21.24 21.81 21.55 21.55 21.38 21.12 21.16 21.03 21.07 21.05 21.07 21.04 21.05 21.16 21.25 21.42 21.51 21.56 21.68 21.73 21.95 21.93 22.03 22.18 22.50 22.80 23.04 23.18 23.34 23.51 23.75 24.08 24.26 24.35 24.15 24.26 24.39 24.35 24.32 24.48 24.45 24.53 24.61 24.71 24.84 25.10 25.28 25.62 25.63 25.33 25.56 26.45 27.06 27.54 28.25 28.63 28.31 27.67 27.32 27.39 26.48 26.02 25.88 26.06 26.45 26.58 25.82 25.21 25.02 24.97 24.95
22.46 21.90 21.49 21.23 21.33 21.32 21.39 21.65 21.84 22.01 21.48 21.29 21.36 21.25 21.27 21.26 21.22 21.24 21.12 21.13 21.55 21.77 21.71 21.55 21.70 21.65 21.81 21.99 22.07 22.22 22.54 22.70 22.97 23.03 23.26 23.59 23.84 24.03 24.12 24.14 24.19 24.24 24.31 24.12 24.27 24.44 24.37 24.35 24.51 24.66 24.86 24.91 25.09 25.42 25.35 25.37 25.27 26.19 27.16 26.34 26.83 27.35 27.21 27.08 27.01 26.89 26.13 26.03 26.05 26.15 26.46 26.89 25.73 25.44 25.25 25.23 25.22
22.38 22.11 21.53 21.50 21.61 21.57 21.77 21.88 22.15 21.94 21.65 21.63 21.54 21.48 21.63 21.64 21.59 21.58 21.45 21.26 21.24 21.50 21.54 21.72 21.71 21.68 21.72 22.10 22.36 22.44 22.57 22.59 23.00 23.07 23.24 23.56 23.84 23.92 24.12 24.06 24.06 24.05 24.04 24.12 24.22 24.26 24.28 24.35 24.40 24.70 25.04 25.10 24.90 25.13 25.10 25.23 24.48 25.15 25.94 24.91 25.57 26.50 26.41 27.03 27.64 27.37 26.03 25.86 25.98 26.01 26.09 26.14 25.90 25.57 25.54 25.51 25.50
21.61 21.57 21.47 21.67 21.86 21.73 21.92 22.16 21.99 21.88 22.02 21.99 21.73 21.83 22.12 21.92 21.90 21.65 21.50 21.36 21.26 21.30 21.32 21.35 21.38 21.61 21.78 22.13 22.22 22.49 22.42 22.61 22.76 22.87 23.00 23.34 23.47 23.53 23.81 23.75 23.80 23.94 24.00 24.01 24.13 24.16 24.17 24.29 24.45 24.51 25.14 25.09 24.65 24.66 24.29 23.76 23.57 23.26 23.91 23.37 24.07 25.80 26.71 26.76 26.91 26.57 25.66 25.77 25.90 26.06 26.11 26.03 25.95 25.87 25.83 25.84 25.85
21.39 21.52 21.58 21.98 21.95 21.80 22.04 22.08 22.07 22.05 22.28 22.22 22.02 22.16 22.24 22.15 22.05 21.82 21.58 21.47 21.36 21.35 21.35 21.34 21.36 21.61 21.88 22.03 22.22 22.41 22.40 22.52 22.63 22.66 22.77 23.07 23.23 23.45 23.66 23.74 23.80 23.84 23.90 23.99 24.10 24.24 24.44 24.62 25.03 24.86 24.83 24.68 24.59 24.43 23.74 23.01 22.37 21.69 21.67 21.77 22.45 24.10 25.22 25.37 25.06 24.96 25.18 25.46 25.79 25.96 26.15 26.14 26.34 26.43 26.24 26.13 26.33
21.56 21.68 21.84 22.24 22.19 22.18 22.45 22.23 22.62 22.37 22.50 22.44 22.28 22.49 22.65 22.62 22.24 22.01 21.82 21.59 21.45 21.38 21.37 21.37 21.45 21.76 21.88 22.09 22.07 22.31 22.38 22.49 22.77 22.85 22.89 23.25 23.37 23.50 23.68 23.79 23.67 23.79 23.90 24.00 24.10 24.22 24.44 24.55 24.61 24.71 24.91 25.09 25.09 24.10 23.61 22.94 22.21 21.27 19.92 20.08 21.18 22.07 22.99 23.59 24.12 24.35 24.63 25.00 25.54 25.84 26.22 26.39 26.72 26.98 26.53 26.50 26.76
21.80 21.69 21.82 22.30 22.33 22.27 22.35 22.57 22.71 22.77 22.66 22.46 22.65 22.76 22.76 22.52 22.32 22.23 21.93 21.77 21.62 21.42 21.40 21.38 21.35 21.61 21.73 21.99 21.96 22.09 22.45 22.71 22.76 22.72 22.85 23.11 23.27 23.39 23.43 23.50 23.65 23.74 23.85 23.95 24.04 24.27 24.65 24.98 25.20 25.35 25.61 25.59 24.86 24.26 24.22 23.69 22.16 21.56 19.62 18.87 20.23 21.40 21.87 22.62 23.36 23.83 24.40 24.66 25.38 25.93 26.37 26.53 26.89 27.16 27.19 26.72 26.84
21.83 21.88 21.98 22.49 22.29 22.33 22.51 22.94 23.21 23.28 23.21 23.24 23.12 23.10 22.94 22.97 22.78 22.50 22.29 22.17 21.77 21.46 21.46 21.38 21.34 21.31 21.76 21.85 22.02 22.20 22.49 22.56 22.66 22.70 22.79 22.98 23.16 23.29 23.36 23.46 23.53 23.61 23.72 23.85 23.98 24.16 24.45 24.99 25.55 25.41 25.17 24.95 24.62 24.44 24.72 23.49 22.18 21.50 20.39 19.71 20.13 20.90 21.55 22.24 22.87 23.44 24.00 24.50 25.27 25.81 26.43 26.58 27.09 27.41 27.38 26.97 27.04
21.83 22.08 22.10 22.46 22.39 23.08 23.37 23.61 24.46 24.82 24.75 24.67 23.99 23.60 23.45 23.36 23.34 22.84 22.65 22.33 22.15 21.73 21.53 21.36 21.31 21.50 21.87 21.87 22.06 22.22 22.30 22.30 22.37 22.53 22.62 22.79 23.04 23.12 23.26 23.35 23.43 23.47 23.53 23.76 23.88 24.01 24.29 24.63 24.78 24.84 24.65 24.58 24.32 24.17 24.35 23.88 22.53 21.56 21.08 20.78 20.49 20.99 21.57 22.12 22.68 23.24 23.78 24.38 25.26 25.83 26.39 26.63 27.02 27.45 27.30 27.11 27.26
21.74 22.20 22.31 22.53 22.83 23.64 24.59 24.57 25.60 26.49 25.94 25.33 24.84 24.52 24.73 24.20 23.55 22.96 22.65 22.37 22.12 21.80 21.60 21.36 21.28 21.78 21.80 21.79 21.90 21.97 22.15 22.10 22.19 22.36 22.64 23.02 23.10 23.02 23.17 23.28 23.33 23.35 23.34 23.53 23.73 23.91 24.04 24.24 24.47 24.55 24.76 25.30 25.83 25.61 25.12 23.67 23.04 22.32 21.62 21.64 21.18 21.30 21.73 22.24 22.67 23.07 23.59 24.19 24.90 25.62 26.05 26.43 26.92 27.22 27.07 27.15 27.53
21.97 22.08 22.47 22.62 23.09 23.89 24.79 25.47 26.16 27.09 26.73 26.11 25.51 24.87 25.19 25.48 23.32 22.91 22.65 22.38 22.13 21.93 21.67 21.32 21.25 21.70 21.73 21.78 21.80 21.82 21.96 22.02 22.19 22.29 22.69 22.92 22.97 22.86 23.08 23.25 23.19 23.26 23.34 23.53 23.67 23.89 23.93 24.16 24.39 24.49 24.98 25.39 25.93 25.60 24.98 24.41 23.84 23.37 22.48 22.07 21.76 21.72 21.98 22.45 22.63 22.84 23.52 23.98 24.46 25.03 25.59 26.15 26.71 26.90 26.86 27.13 27.54
21.91 22.06 22.49 22.80 23.16 23.94 25.04 26.30 27.12 28.24 27.83 26.07 25.25 25.41 26.00 24.32 22.91 22.68 22.43 22.22 22.02 21.83 21.55 21.23 21.19 21.54 21.68 21.55 21.61 21.72 21.95 21.98 22.13 22.31 22.65 22.68 22.69 22.80 23.10 22.98 23.07 23.20 23.31 23.38 23.45 23.68 23.90 24.13 24.44 24.69 25.07 25.19 25.40 25.89 26.02 25.66 25.35 24.58 23.33 22.71 22.23 22.11 22.23 22.49 22.48 22.70 23.42 23.91 24.14 24.64 25.22 25.74 26.14 26.38 26.67 27.00 27.44
22.08 22.06 22.43 22.89 23.39 24.43 25.76 27.45 29.09 29.47 28.03 26.97 26.50 26.19 24.31 22.92 22.63 22.42 22.25 22.10 21.89 21.67 21.40 21.17 21.18 21.43 21.45 21.64 21.60 21.71 21.95 22.09 22.21 22.39 22.58 22.67 22.54 22.64 22.96 22.92 23.21 23.21 23.15 23.26 23.42 23.61 23.88 24.19 24.57 24.74 24.90 25.23 25.74 26.46 26.63 26.34 25.80 24.79 23.75 23.04 22.50 22.28 22.35 22.22 22.16 22.68 23.32 23.74 23.89 24.19 24.73 25.18 25.54 25.95 26.41 26.84 27.40
22.62 22.70 22.91 23.37 23.69 24.40 25.68 27.31 29.82 32.14 30.31 26.90 24.73 23.74 23.03 22.63 22.45 22.26 22.04 21.90 21.71 21.50 21.35 21.23 21.31 21.48 21.48 21.63 21.67 21.72 21.89 21.88 21.97 22.26 22.42 22.40 22.22 22.43 22.72 22.68 23.07 22.96 23.15 23.24 23.38 23.57 23.82 24.14 24.38 24.56 24.89 25.33 26.01 27.35 27.44 26.68 26.17 25.06 24.02 23.20 22.66 22.36 22.25 22.08 21.98 22.36 22.91 23.26 23.47 23.91 24.37 24.81 25.25 25.66 26.15 26.72 27.33
23.40 23.07 23.90 24.24 24.69 24.98 26.09 27.76 29.38 30.32 26.97 24.49 23.77 23.29 22.95 22.70 22.50 22.18 21.89 21.65 21.44 21.35 21.51 21.64 21.36 21.43 21.44 21.50 21.46 21.57 21.74 21.68 21.97 22.14 22.24 22.06 22.06 22.22 22.59 22.86 23.12 22.92 22.87 23.01 23.22 23.43 23.59 23.85 24.07 24.38 24.81 25.18 25.84 27.03 27.51 26.92 26.54 25.37 24.36 23.31 22.92 22.34 22.05 22.08 21.83 22.04 22.25 22.62 23.00 23.41 23.84 24.37 24.82 25.27 25.81 26.78 27.63
23.96 23.65 24.51 25.51 25.03 25.60 27.63 29.94 28.10 26.84 24.84 24.21 23.77 23.35 22.99 22.73 22.50 22.18 21.80 21.51 21.27 21.22 21.54 21.52 21.22 21.18 21.32 21.34 21.48 21.49 21.65 21.70 21.79 21.89 22.00 21.83 22.01 22.19 22.64 22.89 22.93 22.91 22.69 22.74 22.96 23.07 23.22 23.49 23.86 24.14 24.57 24.77 25.30 26.11 26.79 26.54 25.76 24.87 24.00 23.24 22.85 22.27 21.95 21.84 21.60 21.61 21.86 22.31 22.72 22.99 23.41 23.93 24.45 24.89 25.39 26.13 27.42
24.53 24.48 24.95 25.44 25.14 26.91 27.25 27.45 26.99 26.89 24.91 24.21 23.73 23.32 22.96 22.67 22.40 22.06 21.67 21.33 21.10 21.22 21.33 21.23 21.08 21.08 21.11 21.14 21.20 21.43 21.38 21.31 21.25 21.46 21.68 21.54 21.82 22.08 22.45 22.60 22.75 22.72 22.67 22.52 22.49 22.66 22.95 23.20 23.71 23.91 24.10 24.20 24.72 25.24 25.77 26.09 25.23 24.30 23.51 23.02 22.61 22.11 21.79 21.66 21.52 21.41 21.68 22.08 22.43 22.76 23.14 23.58 24.10 24.62 25.10 25.64 26.40
26.33 26.19 26.06 26.70 27.51 26.67 26.13 26.32 26.10 26.07 25.13 24.33 23.80 23.43 23.08 22.76 22.44 22.05 21.61 21.29 21.00 21.15 21.21 21.10 21.07 21.00 20.96 21.11 21.08 21.23 21.18 21.16 21.22 21.40 21.51 21.57 21.69 21.96 22.30 22.54 22.70 22.57 22.14 22.07 22.30 22.47 22.86 23.01 23.20 23.51 23.66 23.99 24.16 24.49 24.92 25.11 24.66 23.97 23.29 22.67 22.13 21.79 21.49 21.31 21.24 21.34 21.63 21.91 22.18 22.60 23.06 23.30 23.78 24.26 24.74 25.33 25.99
26.71 27.31 27.72 27.93 28.11 27.56 27.30 26.88 26.73 26.21 25.60 24.21 23.84 23.41 23.05 22.72 22.30 21.88 21.50 21.07 20.85 20.72 21.07 20.90 20.85 20.82 20.78 20.80 20.82 21.07 21.23 21.10 21.03 21.16 21.45 21.29 21.39 21.74 22.03 22.24 22.23 21.79 21.75 21.82 22.03 22.22 22.70 23.01 22.90 23.10 23.38 23.52 23.65 23.85 23.87 24.08 24.06 23.89 23.14 22.32 21.75 21.49 21.08 21.00 21.25 21.31 21.57 21.76 21.87 22.40 22.78 23.01 23.43 23.92 24.50 25.07 25.76
