project/src/data/BOM_climate/monthly_mean_rainfall/rainnov.txt
ncols 886
nrows 691
xllcenter 112.0000
yllcenter -44.5000
cellsize 0.0500
nodata_value 99999.90
[rows 34 to 67 of 691, columns 624 to 701 of 886]
61.37 61.56 61.76 61.98 62.22 62.46 62.67 62.90 63.12 63.23 63.36 63.54 63.73 63.88 64.06 64.20 64.38 64.54 64.72 64.89 65.08 65.27 65.47 65.96 66.37 66.60 66.83 67.06 67.31 67.54 67.78 68.01 68.29 68.55 68.83 69.22 69.51 0.00 0.00 0.00 0.00 0.00 0.00 0.00 0.00 0.00 0.00 0.00 0.00 0.00 0.00 0.00 0.00 0.00 0.00 0.00 0.00 0.00 0.00 0.00 0.00 0.00 0.00 0.00 0.00 0.00 0.00 0.00 0.00 0.00 0.00 0.00 0.00 0.00 0.00 0.00 0.00 0.00
61.51 61.74 61.97 62.20 62.42 62.66 62.90 63.13 63.33 63.46 63.58 63.74 63.92 64.05 64.20 64.35 64.50 64.65 64.81 64.98 65.15 65.35 65.51 66.02 66.40 66.64 66.84 67.07 67.30 67.54 67.77 68.02 68.28 68.55 68.82 69.20 69.50 69.78 0.00 0.00 0.00 0.00 0.00 0.00 0.00 0.00 0.00 0.00 0.00 0.00 0.00 0.00 0.00 0.00 0.00 0.00 0.00 0.00 0.00 0.00 0.00 0.00 0.00 0.00 0.00 0.00 0.00 0.00 0.00 0.00 0.00 0.00 0.00 0.00 0.00 0.00 0.00 0.00
61.71 61.92 62.17 62.41 62.66 62.91 63.12 63.36 63.57 63.68 63.80 63.94 64.08 64.20 64.36 64.49 64.64 64.77 64.92 65.06 65.22 65.38 65.55 66.02 66.40 66.61 66.84 67.06 67.30 67.52 67.77 68.01 68.27 68.52 68.81 69.20 69.48 69.76 0.00 0.00 0.00 0.00 0.00 0.00 0.00 0.00 0.00 0.00 0.00 0.00 0.00 0.00 0.00 0.00 0.00 0.00 0.00 0.00 0.00 0.00 0.00 0.00 0.00 0.00 0.00 0.00 0.00 0.00 0.00 0.00 0.00 0.00 0.00 0.00 0.00 0.00 0.00 0.00
61.88 62.14 62.40 62.67 62.91 63.15 63.37 63.58 63.78 63.90 64.00 64.14 64.28 64.42 64.51 64.64 64.76 64.87 64.99 65.12 65.25 65.41 65.58 66.02 66.39 66.60 66.83 67.05 67.28 67.54 67.77 68.04 68.29 68.53 68.80 69.21 69.51 69.79 70.08 0.00 0.00 0.00 0.00 0.00 0.00 0.00 0.00 0.00 0.00 0.00 0.00 0.00 0.00 0.00 0.00 0.00 0.00 0.00 0.00 0.00 0.00 0.00 0.00 0.00 0.00 0.00 0.00 0.00 0.00 0.00 0.00 0.00 0.00 0.00 0.00 0.00 0.00 0.00
62.11 62.38 62.66 62.92 63.16 63.46 63.64 63.83 64.05 64.12 64.21 64.35 64.47 64.56 64.66 64.77 64.85 64.96 65.06 65.18 65.31 65.46 65.62 66.07 66.43 66.63 66.86 67.08 67.32 67.55 67.80 68.07 68.34 68.59 68.86 69.25 69.53 69.80 70.11 70.41 0.00 0.00 0.00 0.00 0.00 0.00 0.00 0.00 0.00 0.00 0.00 0.00 0.00 0.00 0.00 0.00 0.00 0.00 0.00 0.00 0.00 0.00 0.00 0.00 0.00 0.00 0.00 0.00 0.00 0.00 0.00 0.00 0.00 0.00 0.00 0.00 0.00 0.00
62.51 62.74 62.92 63.18 63.43 63.66 63.87 64.08 64.26 64.34 64.41 64.52 64.61 64.72 64.80 64.88 64.96 65.05 65.16 65.29 65.40 65.54 65.71 66.14 66.49 66.70 66.91 67.15 67.38 67.62 67.87 68.12 68.39 68.64 68.88 69.27 69.57 69.84 70.14 70.45 70.77 0.00 0.00 0.00 0.00 0.00 0.00 0.00 0.00 0.00 0.00 0.00 0.00 0.00 0.00 0.00 0.00 0.00 0.00 0.00 0.00 0.00 0.00 0.00 0.00 0.00 0.00 0.00 0.00 0.00 0.00 0.00 0.00 0.00 0.00 0.00 0.00 0.00
62.72 62.97 63.21 63.46 63.71 63.94 64.15 64.33 64.49 64.53 64.57 64.68 64.77 64.86 64.95 65.03 65.10 65.18 65.27 65.39 65.52 65.66 65.82 66.23 66.57 66.80 67.01 67.22 67.46 67.69 67.93 68.20 68.44 68.70 68.97 69.32 69.61 69.90 70.19 70.50 70.82 71.15 0.00 0.00 0.00 0.00 0.00 0.00 0.00 0.00 0.00 0.00 0.00 0.00 0.00 0.00 0.00 0.00 0.00 0.00 0.00 0.00 0.00 0.00 0.00 0.00 0.00 0.00 0.00 0.00 0.00 0.00 0.00 0.00 0.00 0.00 0.00 0.00
62.92 63.24 63.65 63.78 64.02 64.21 64.37 64.54 64.69 64.74 64.76 64.87 64.94 65.04 65.11 65.17 65.26 65.34 65.43 65.54 65.67 65.82 65.96 66.35 66.68 66.88 67.09 67.32 67.55 67.79 68.03 68.28 68.53 68.77 69.06 69.44 69.72 69.98 70.27 70.58 70.88 71.24 0.00 0.00 0.00 0.00 0.00 0.00 0.00 0.00 0.00 0.00 0.00 0.00 0.00 0.00 0.00 0.00 0.00 0.00 0.00 0.00 0.00 0.00 0.00 0.00 0.00 0.00 0.00 0.00 0.00 0.00 0.00 0.00 0.00 0.00 0.00 0.00
63.26 63.58 63.86 64.11 64.31 64.49 64.65 64.78 64.92 64.93 64.94 65.04 65.13 65.21 65.26 65.36 65.46 65.53 65.63 65.73 65.86 65.97 66.12 66.48 66.80 67.00 67.20 67.43 67.68 67.92 68.16 68.42 68.63 68.89 69.15 69.51 69.79 70.09 70.36 70.66 70.98 71.29 71.62 0.00 0.00 0.00 0.00 0.00 0.00 0.00 0.00 0.00 0.00 0.00 0.00 0.00 0.00 0.00 0.00 0.00 0.00 0.00 0.00 0.00 0.00 0.00 0.00 0.00 0.00 0.00 0.00 0.00 0.00 0.00 0.00 0.00 0.00 0.00
63.62 63.94 64.21 64.42 64.63 64.79 64.91 65.05 65.16 65.16 65.15 65.24 65.32 65.39 65.48 65.54 65.64 65.73 65.82 65.94 66.03 66.16 66.31 66.65 66.93 67.13 67.33 67.54 67.77 68.02 68.25 68.47 68.72 68.94 69.20 69.57 69.83 70.11 70.42 70.72 71.02 71.36 71.70 72.00 0.00 0.00 0.00 0.00 0.00 0.00 0.00 0.00 0.00 0.00 0.00 0.00 0.00 0.00 0.00 0.00 0.00 0.00 0.00 0.00 0.00 0.00 0.00 0.00 0.00 0.00 0.00 0.00 0.00 0.00 0.00 0.00 0.00 0.00
64.04 64.34 64.61 64.82 64.98 65.12 65.24 65.33 65.40 65.39 65.38 65.45 65.50 65.61 65.66 65.74 65.83 65.92 66.03 66.12 66.23 66.36 66.47 66.81 67.07 67.22 67.43 67.63 67.82 68.07 68.28 68.54 68.76 68.99 69.24 69.59 69.88 70.17 70.45 70.77 71.09 71.40 71.73 72.10 72.41 0.00 0.00 0.00 0.00 0.00 0.00 0.00 0.00 0.00 0.00 0.00 0.00 0.00 0.00 0.00 0.00 0.00 0.00 0.00 0.00 0.00 0.00 0.00 0.00 0.00 0.00 0.00 0.00 0.00 0.00 0.00 0.00 0.00
64.53 64.84 65.06 65.24 65.36 65.49 65.54 65.63 65.70 65.66 65.63 65.67 65.73 65.79 65.88 65.94 66.01 66.11 66.19 66.28 66.38 66.49 66.60 66.90 67.14 67.29 67.47 67.67 67.89 68.10 68.33 68.56 68.79 69.02 69.26 69.62 69.89 70.17 70.50 70.80 71.10 71.47 71.81 72.13 72.50 0.00 0.00 0.00 0.00 0.00 0.00 0.00 0.00 0.00 0.00 0.00 0.00 0.00 0.00 0.00 0.00 0.00 0.00 0.00 0.00 0.00 0.00 0.00 0.00 0.00 0.00 0.00 0.00 0.00 0.00 0.00 0.00 0.00
65.10 65.38 65.58 65.70 65.82 65.83 65.87 65.92 65.96 65.92 65.89 65.91 65.96 66.02 66.07 66.14 66.19 66.25 66.32 66.39 66.48 66.57 66.67 66.96 67.20 67.33 67.50 67.69 67.88 68.09 68.32 68.56 68.77 69.02 69.26 69.61 69.91 70.20 70.50 70.82 71.16 71.49 71.83 72.20 72.56 72.94 0.00 0.00 0.00 0.00 0.00 0.00 0.00 0.00 0.00 0.00 0.00 0.00 0.00 0.00 0.00 0.00 0.00 0.00 0.00 0.00 0.00 0.00 0.00 0.00 0.00 0.00 0.00 0.00 0.00 0.00 0.00 0.00
66.06 65.98 66.16 66.20 66.20 66.22 66.21 66.22 66.26 66.15 66.12 66.16 66.19 66.20 66.24 66.27 66.31 66.34 66.40 66.46 66.56 66.62 66.72 66.99 67.20 67.34 67.49 67.65 67.84 68.05 68.26 68.51 68.77 68.99 69.24 69.59 69.87 70.17 70.49 70.80 71.11 71.47 71.83 72.17 72.55 72.95 73.32 0.00 0.00 0.00 0.00 0.00 0.00 0.00 0.00 0.00 0.00 0.00 0.00 0.00 0.00 0.00 0.00 0.00 0.00 0.00 0.00 0.00 0.00 0.00 0.00 0.00 0.00 0.00 0.00 0.00 0.00 0.00
68.94 68.10 66.79 66.80 66.71 66.61 66.54 66.47 66.47 66.42 66.37 66.36 66.37 66.34 66.35 66.35 66.38 66.41 66.46 66.52 66.55 66.61 66.72 66.95 67.16 67.28 67.46 67.60 67.78 67.98 68.21 68.45 68.67 68.93 69.17 69.53 69.81 70.11 70.42 70.77 71.11 71.46 71.82 72.16 72.57 72.95 73.38 0.00 0.00 0.00 0.00 0.00 0.00 0.00 0.00 0.00 0.00 0.00 0.00 0.00 0.00 0.00 0.00 0.00 0.00 0.00 0.00 0.00 0.00 0.00 0.00 0.00 0.00 0.00 0.00 0.00 0.00 0.00
70.00 73.35 67.63 67.49 67.33 67.10 66.91 66.80 66.75 66.61 66.53 66.50 66.48 66.44 66.42 66.40 66.41 66.42 66.42 66.44 66.49 66.56 66.64 66.90 67.09 67.23 67.37 67.54 67.72 67.91 68.12 68.35 68.60 68.83 69.09 69.46 69.76 70.06 70.40 70.74 71.08 71.45 71.83 72.22 72.59 73.00 73.39 73.82 0.00 0.00 0.00 0.00 0.00 0.00 0.00 0.00 0.00 0.00 0.00 0.00 0.00 0.00 0.00 0.00 0.00 0.00 0.00 0.00 0.00 0.00 0.00 0.00 0.00 0.00 0.00 0.00 0.00 0.00
71.35 70.11 68.59 68.38 68.04 67.69 67.38 67.13 66.99 66.82 66.69 66.65 66.56 66.52 66.43 66.38 66.35 66.34 66.35 66.38 66.40 66.47 66.57 66.79 66.99 67.12 67.27 67.44 67.61 67.81 68.02 68.26 68.51 68.78 69.03 69.40 69.70 70.04 70.37 70.71 71.08 71.45 71.86 72.24 72.64 73.06 73.49 73.91 74.33 0.00 0.00 0.00 0.00 0.00 0.00 0.00 0.00 0.00 0.00 0.00 0.00 0.00 0.00 0.00 0.00 0.00 0.00 0.00 0.00 0.00 0.00 0.00 0.00 0.00 0.00 0.00 0.00 0.00
70.81 71.24 70.37 69.49 68.96 68.43 67.95 67.56 67.30 67.02 66.84 66.74 66.64 66.52 66.42 66.34 66.28 66.26 66.24 66.26 66.30 66.34 66.42 66.65 66.85 66.96 67.14 67.30 67.53 67.73 67.95 68.20 68.45 68.72 69.00 69.35 69.66 70.01 70.36 70.71 71.07 71.44 71.83 72.28 72.70 73.13 73.53 73.97 74.42 74.83 0.00 0.00 0.00 0.00 0.00 0.00 0.00 0.00 0.00 0.00 0.00 0.00 0.00 0.00 0.00 0.00 0.00 0.00 0.00 0.00 0.00 0.00 0.00 0.00 0.00 0.00 0.00 0.00
75.52 74.06 72.67 72.90 70.45 69.09 68.58 68.07 67.66 67.28 67.01 66.83 66.66 66.52 66.35 66.25 66.16 66.11 66.09 66.10 66.12 66.18 66.27 66.48 66.67 66.83 66.99 67.21 67.40 67.64 67.85 68.11 68.38 68.64 68.95 69.29 69.61 69.92 70.29 70.66 71.03 71.46 71.84 72.25 72.70 73.13 73.62 74.03 74.46 74.91 75.37 0.00 0.00 0.00 0.00 0.00 0.00 0.00 0.00 0.00 0.00 0.00 0.00 0.00 0.00 0.00 0.00 0.00 0.00 0.00 0.00 0.00 0.00 0.00 0.00 0.00 0.00 0.00
79.57 77.46 75.22 73.67 71.61 70.16 69.34 68.65 68.04 67.58 67.16 66.92 66.71 66.49 66.28 66.12 65.97 65.93 65.90 65.89 65.96 66.00 66.10 66.30 66.51 66.68 66.85 67.07 67.28 67.51 67.76 68.02 68.27 68.56 68.87 69.22 69.55 69.89 70.23 70.60 71.00 71.38 71.80 72.26 72.68 73.16 73.59 74.05 74.52 74.96 75.46 0.00 0.00 0.00 0.00 0.00 0.00 0.00 0.00 0.00 0.00 0.00 0.00 0.00 0.00 0.00 0.00 0.00 0.00 0.00 0.00 0.00 0.00 0.00 0.00 0.00 0.00 0.00
79.88 77.37 76.07 74.77 72.73 71.24 70.17 69.23 68.52 67.87 67.32 67.01 66.66 66.40 66.15 65.93 65.82 65.72 65.69 65.71 65.74 65.82 65.89 66.11 66.32 66.47 66.70 66.90 67.15 67.39 67.63 67.90 68.19 68.46 68.77 69.12 69.43 69.77 70.15 70.53 70.91 71.35 71.77 72.20 72.66 73.13 73.62 74.10 74.59 75.02 75.50 76.02 0.00 0.00 0.00 0.00 0.00 0.00 0.00 0.00 0.00 0.00 0.00 0.00 0.00 0.00 0.00 0.00 0.00 0.00 0.00 0.00 0.00 0.00 0.00 0.00 0.00 0.00
81.33 77.78 77.57 76.05 73.54 72.11 70.78 69.70 68.85 68.06 67.45 67.00 66.61 66.32 65.98 65.79 65.63 65.52 65.49 65.47 65.53 65.59 65.71 65.92 66.11 66.32 66.47 66.73 66.96 67.20 67.49 67.72 68.03 68.31 68.64 69.00 69.34 69.71 70.06 70.47 70.88 71.29 71.74 72.19 72.66 73.13 73.62 74.11 74.60 75.06 75.55 76.07 76.60 0.00 0.00 0.00 0.00 0.00 0.00 0.00 0.00 0.00 0.00 0.00 0.00 0.00 0.00 0.00 0.00 0.00 0.00 0.00 0.00 0.00 0.00 0.00 0.00 0.00
85.44 79.09 77.86 76.25 74.10 72.58 71.21 69.99 69.06 68.13 67.43 66.93 66.48 66.14 65.82 65.60 65.41 65.30 65.26 65.25 65.29 65.33 65.45 65.68 65.89 66.10 66.27 66.51 66.74 67.01 67.30 67.58 67.90 68.20 68.53 68.91 69.25 69.61 69.99 70.40 70.79 71.24 71.70 72.15 72.64 73.11 73.62 74.13 74.64 75.10 75.59 76.14 76.64 0.00 0.00 0.00 0.00 0.00 0.00 0.00 0.00 0.00 0.00 0.00 0.00 0.00 0.00 0.00 0.00 0.00 0.00 0.00 0.00 0.00 0.00 0.00 0.00 0.00
84.57 80.62 77.26 75.59 74.05 72.75 71.39 70.17 69.02 68.11 67.34 66.78 66.34 65.97 65.62 65.40 65.19 65.08 65.01 64.99 65.04 65.10 65.23 65.42 65.64 65.83 66.06 66.32 66.56 66.83 67.14 67.42 67.72 68.05 68.38 68.74 69.12 69.48 69.84 70.28 70.71 71.16 71.63 72.11 72.58 73.11 73.63 74.14 74.65 75.16 75.68 76.23 76.76 77.31 0.00 0.00 0.00 0.00 0.00 0.00 0.00 0.00 0.00 0.00 0.00 0.00 0.00 0.00 0.00 0.00 0.00 0.00 0.00 0.00 0.00 0.00 0.00 0.00
83.44 82.01 76.48 74.80 73.48 72.83 71.92 69.84 68.85 67.91 67.11 66.57 66.09 65.71 65.36 65.12 64.93 64.81 64.75 64.72 64.74 64.84 64.95 65.18 65.38 65.58 65.82 66.07 66.34 66.64 66.91 67.23 67.55 67.86 68.23 68.53 68.91 69.30 69.73 70.15 70.58 71.05 71.53 72.05 72.57 73.07 73.60 74.16 74.72 75.21 75.76 76.32 76.88 77.45 78.03 0.00 0.00 0.00 0.00 0.00 0.00 0.00 0.00 0.00 0.00 0.00 0.00 0.00 0.00 0.00 0.00 0.00 0.00 0.00 0.00 0.00 0.00 0.00
82.53 82.23 77.23 74.11 72.59 72.71 70.91 69.31 68.38 67.50 66.74 66.17 65.69 65.30 64.97 64.72 64.54 64.43 64.33 64.34 64.38 64.48 64.62 64.83 65.05 65.24 65.50 65.78 66.06 66.35 66.66 66.98 67.29 67.64 67.98 68.34 68.74 69.15 69.57 70.03 70.50 70.98 71.49 72.00 72.50 73.09 73.66 74.22 74.77 75.31 75.86 76.45 77.01 77.60 78.18 78.79 0.00 0.00 0.00 0.00 0.00 0.00 0.00 0.00 0.00 0.00 0.00 0.00 0.00 0.00 0.00 0.00 0.00 0.00 0.00 0.00 0.00 0.00
83.06 81.93 78.26 73.55 71.66 72.83 70.57 68.59 67.76 66.91 66.18 65.63 65.19 64.83 64.53 64.31 64.11 63.99 63.95 63.92 63.98 64.06 64.19 64.42 64.64 64.86 65.13 65.41 65.71 66.03 66.37 66.70 67.05 67.38 67.77 68.13 68.54 68.99 69.45 69.92 70.40 70.90 71.41 71.97 72.53 73.08 73.64 74.25 74.84 75.38 75.95 76.54 77.14 77.72 78.34 78.95 79.58 0.00 0.00 0.00 0.00 0.00 0.00 0.00 0.00 0.00 0.00 0.00 0.00 0.00 0.00 0.00 0.00 0.00 0.00 0.00 0.00 0.00
85.22 85.61 77.91 72.42 70.66 73.52 69.76 67.66 66.92 66.17 65.53 65.05 64.58 64.29 63.96 63.77 63.63 63.52 63.45 63.46 63.48 63.60 63.73 63.96 64.19 64.42 64.71 65.03 65.35 65.68 66.02 66.39 66.73 67.13 67.48 67.89 68.33 68.76 69.23 69.73 70.24 70.78 71.33 71.86 72.45 73.04 73.67 74.27 74.88 75.43 76.04 76.64 77.26 77.89 78.50 79.12 79.73 0.00 0.00 0.00 0.00 0.00 0.00 0.00 0.00 0.00 0.00 0.00 0.00 0.00 0.00 0.00 0.00 0.00 0.00 0.00 0.00 0.00
80.43 80.17 75.81 71.70 69.67 70.69 68.01 66.64 66.00 65.31 64.73 64.30 63.95 63.65 63.36 63.19 63.04 62.95 62.91 62.92 62.98 63.09 63.24 63.49 63.76 64.01 64.31 64.61 64.95 65.29 65.67 66.04 66.42 66.80 67.21 67.61 68.06 68.55 69.03 69.53 70.08 70.62 71.20 71.80 72.39 73.01 73.61 74.25 74.88 75.46 76.09 76.73 77.35 77.98 78.63 79.26 79.92 80.54 0.00 0.00 0.00 0.00 0.00 0.00 0.00 0.00 0.00 0.00 0.00 0.00 0.00 0.00 0.00 0.00 0.00 0.00 0.00 0.00
77.69 77.81 80.60 75.09 68.81 70.02 67.68 65.56 65.00 64.40 63.86 63.48 63.17 62.91 62.70 62.52 62.42 62.32 62.32 62.33 62.42 62.55 62.74 63.02 63.28 63.56 63.85 64.19 64.54 64.90 65.28 65.69 66.08 66.49 66.89 67.32 67.78 68.26 68.78 69.32 69.85 70.44 71.05 71.65 72.29 72.92 73.59 74.24 74.87 75.49 76.14 76.81 77.48 78.13 78.78 79.42 80.08 80.74 81.40 0.00 0.00 0.00 0.00 0.00 0.00 0.00 0.00 0.00 0.00 0.00 0.00 0.00 0.00 0.00 0.00 0.00 0.00 0.00
77.03 76.06 78.59 75.06 68.77 69.11 65.47 64.39 63.88 63.37 62.93 62.58 62.32 62.08 61.92 61.77 61.71 61.66 61.68 61.73 61.85 62.01 62.22 62.51 62.79 63.09 63.40 63.74 64.11 64.49 64.90 65.32 65.71 66.14 66.57 66.99 67.49 68.02 68.54 69.09 69.69 70.29 70.90 71.56 72.19 72.86 73.52 74.18 74.85 75.47 76.18 76.85 77.55 78.22 78.90 79.58 80.26 80.93 81.62 82.29 0.00 0.00 0.00 0.00 0.00 0.00 0.00 0.00 0.00 0.00 0.00 0.00 0.00 0.00 0.00 0.00 0.00 0.00
74.89 73.75 74.79 72.58 67.18 68.75 64.82 63.20 62.75 62.28 61.86 61.59 61.36 61.20 61.08 60.98 60.97 60.96 61.00 61.12 61.24 61.43 61.68 61.97 62.28 62.61 62.95 63.30 63.69 64.09 64.49 64.95 65.38 65.82 66.26 66.71 67.22 67.74 68.31 68.88 69.46 70.10 70.75 71.40 72.09 72.77 73.45 74.15 74.83 75.47 76.16 76.89 77.61 78.31 79.02 79.72 80.42 81.11 81.82 82.50 0.00 0.00 0.00 0.00 0.00 0.00 0.00 0.00 0.00 0.00 0.00 0.00 0.00 0.00 0.00 0.00 0.00 0.00
72.52 73.38 74.76 71.31 67.92 66.04 64.45 61.92 61.51 61.10 60.78 60.54 60.38 60.27 60.21 60.17 60.17 60.22 60.31 60.43 60.61 60.81 61.08 61.40 61.77 62.11 62.47 62.87 63.26 63.68 64.14 64.56 65.02 65.49 65.94 66.40 66.93 67.47 68.04 68.64 69.28 69.93 70.57 71.27 71.97 72.69 73.40 74.12 74.80 75.48 76.22 76.93 77.66 78.40 79.12 79.86 80.57 81.32 82.02 82.75 83.53 0.00 0.00 0.00 0.00 0.00 0.00 0.00 0.00 0.00 0.00 0.00 0.00 0.00 0.00 0.00 0.00 0.00
70.52 70.74 69.53 69.05 67.98 65.36 63.10 60.61 60.23 59.86 59.61 59.47 59.36 59.31 59.27 59.29 59.36 59.44 59.56 59.73 59.94 60.17 60.47 60.85 61.22 61.61 61.99 62.41 62.84 63.30 63.74 64.20 64.67 65.14 65.62 66.11 66.65 67.20 67.80 68.42 69.05 69.71 70.41 71.13 71.87 72.59 73.31 74.06 74.82 75.47 76.20 76.97 77.71 78.47 79.23 79.99 80.74 81.49 82.23 82.97 83.82 84.66 0.00 0.00 0.00 0.00 0.00 0.00 0.00 0.00 0.00 0.00 0.00 0.00 0.00 0.00 0.00 0.00
