project/src/data/BOM_climate/monthly_mean_rainfall/rainsep.txt
ncols 886
nrows 691
xllcenter 112.0000
yllcenter -44.5000
cellsize 0.0500
nodata_value 99999.90
[rows 612 to 647 of 691, columns 648 to 728 of 886]
87.35 85.81 84.27 82.99 81.86 81.07 80.90 82.85 83.82 86.10 88.32 90.40 91.56 92.57 93.27 93.50 93.47 93.27 92.98 92.67 92.26 91.86 91.28 90.52 89.78 88.76 87.70 86.61 85.38 84.02 82.71 81.39 80.05 78.82 77.38 76.19 74.84 73.50 72.29 71.14 70.17 69.28 68.40 67.68 67.08 66.40 65.96 65.61 65.19 64.83 64.52 64.31 64.08 63.73 63.27 62.80 62.31 61.71 61.16 60.55 60.06 59.34 58.67 58.05 57.29 56.83 56.40 55.88 55.56 55.31 54.98 54.60 54.16 53.65 53.21 53.22 53.70 54.19 54.95 55.57 56.19
87.70 86.17 84.73 83.48 82.27 81.17 81.26 82.30 85.14 88.07 91.35 93.27 94.23 95.22 95.63 95.68 95.68 95.17 94.73 94.23 93.87 93.27 92.71 91.97 90.96 90.10 88.93 87.70 86.41 85.02 83.55 82.07 80.74 79.30 77.96 76.51 75.09 73.61 72.42 71.36 70.32 69.28 68.38 67.59 66.86 66.42 65.78 65.46 65.08 64.68 64.55 64.40 64.05 63.82 63.46 62.97 62.39 61.78 61.14 60.47 59.96 59.13 58.40 57.53 56.99 56.25 55.81 55.37 55.09 54.79 54.40 54.06 53.38 52.63 51.85 51.74 52.45 53.42 54.35 55.07 55.82
88.52 87.05 85.73 84.54 83.45 82.65 84.85 84.45 87.72 91.01 96.61 96.74 98.11 98.48 98.70 98.51 98.17 97.78 97.04 96.44 95.88 95.34 94.65 93.72 92.78 91.70 90.57 89.16 87.66 86.06 84.64 83.06 81.45 79.99 78.42 76.99 75.50 74.06 72.70 71.40 70.36 69.31 68.34 67.52 66.75 66.08 65.65 65.33 64.89 64.61 64.54 64.32 64.34 64.05 63.59 63.17 62.70 62.04 61.21 60.53 59.92 59.03 58.17 57.44 56.53 55.88 55.34 54.93 54.72 54.63 54.51 54.23 53.45 52.25 50.96 50.66 51.88 53.18 54.19 55.12 55.74
89.58 88.32 87.20 86.32 85.73 85.59 89.56 90.14 92.13 95.66 98.88 100.61 101.43 102.12 102.29 102.16 101.64 100.96 100.65 99.51 98.91 98.06 97.20 96.29 95.12 93.99 92.43 90.87 89.25 87.52 85.75 83.97 82.34 80.72 79.15 77.57 76.01 74.48 73.07 71.81 70.52 69.37 68.36 67.38 66.64 66.04 65.43 65.20 64.94 64.63 64.62 64.58 64.47 64.29 64.02 63.59 62.94 62.22 61.55 60.78 60.02 59.17 58.29 57.24 56.43 55.67 54.97 54.58 54.59 54.84 55.11 55.35 55.42 53.56 51.93 51.42 52.56 53.77 54.68 55.34 55.97
91.07 90.02 89.13 88.53 88.45 89.07 91.56 96.03 98.40 102.99 106.66 106.33 107.97 106.99 106.35 106.24 105.99 105.02 104.20 103.46 102.59 101.73 100.68 99.35 98.11 96.45 94.84 92.93 91.03 89.03 87.10 85.28 83.40 81.76 79.91 78.32 76.63 75.09 73.56 71.97 70.68 69.41 68.25 67.23 66.34 65.63 65.27 65.02 64.71 64.62 64.58 64.75 64.80 64.64 64.31 63.95 63.43 62.76 61.96 61.11 60.31 59.43 58.34 57.46 56.40 55.71 54.78 54.31 54.60 55.43 56.34 59.70 61.59 58.70 56.34 54.55 54.78 55.20 55.63 56.02 56.37
92.97 92.11 91.49 91.27 91.60 92.82 95.90 101.98 104.58 109.82 111.23 113.07 116.08 112.77 111.40 114.47 113.84 114.72 110.85 109.61 107.71 105.96 105.63 103.18 101.37 99.56 97.56 95.26 93.06 90.83 88.68 86.66 84.55 82.70 80.89 79.18 77.51 75.76 74.10 72.50 70.94 69.53 68.18 66.98 66.04 65.45 64.96 64.77 64.67 64.57 64.73 65.00 65.01 64.98 64.82 64.47 64.08 63.40 62.60 61.72 60.94 59.83 58.87 57.67 57.69 58.58 55.14 54.39 54.79 56.43 58.53 64.09 67.38 64.52 61.35 59.28 58.39 57.27 57.19 57.00 57.05
95.07 94.34 94.09 94.14 94.86 97.26 102.10 107.62 112.44 116.12 115.51 119.40 121.25 117.75 117.98 122.83 124.73 123.11 121.38 121.98 118.42 113.92 118.66 109.98 105.40 102.76 100.42 97.79 95.42 92.86 90.53 88.31 86.05 84.20 82.20 80.38 78.63 76.83 75.03 73.15 71.37 69.64 68.12 66.92 65.85 65.23 64.85 64.73 64.59 64.73 64.96 65.23 65.45 65.40 65.38 65.25 64.72 64.17 63.53 62.59 61.74 60.85 59.66 58.88 58.84 59.07 57.03 55.56 57.53 60.31 62.56 65.31 68.92 67.98 65.61 66.20 65.53 60.66 58.93 58.34 58.00
97.19 96.78 96.71 97.05 98.21 103.42 110.75 116.03 116.99 119.82 120.46 124.39 126.24 121.69 124.79 137.65 139.67 131.00 128.94 131.30 131.20 129.50 124.03 123.90 117.40 110.11 107.57 100.77 97.83 95.12 92.53 90.09 87.93 85.74 83.87 82.12 80.18 78.10 76.10 74.05 71.82 69.91 68.23 66.82 65.78 65.10 64.79 64.72 64.80 65.00 65.34 65.75 66.01 66.14 66.11 66.02 65.79 65.77 65.11 64.43 63.16 62.15 61.46 61.91 63.96 63.70 67.14 66.37 65.51 65.79 70.36 75.45 74.78 75.19 70.37 68.77 68.57 66.00 61.16 59.62 58.83
99.35 99.09 99.28 100.06 101.42 106.62 112.36 119.08 120.72 123.50 122.77 126.41 129.75 127.63 135.95 141.23 145.34 141.55 138.60 137.45 138.05 142.22 142.93 131.73 121.91 114.88 109.53 104.78 100.81 97.74 94.94 92.27 89.99 87.93 85.91 83.98 81.85 79.74 77.54 75.14 72.81 70.43 68.57 67.30 66.16 65.66 65.31 65.24 65.41 65.71 66.22 66.63 69.02 70.22 68.36 67.97 68.23 68.91 70.01 67.77 66.02 64.64 64.92 65.29 68.45 72.77 78.56 77.34 80.26 77.22 82.59 91.06 85.16 80.78 77.83 73.68 71.69 69.16 64.21 60.80 59.65
101.54 101.54 101.84 102.66 104.08 107.98 113.50 118.22 122.27 125.86 130.05 129.44 130.93 142.81 147.76 145.87 142.86 143.17 148.27 149.58 148.34 158.04 148.90 134.99 127.54 125.46 118.33 115.75 110.21 105.00 100.24 95.69 92.51 90.13 88.11 86.12 83.98 81.82 79.23 76.58 73.85 71.39 69.43 67.96 67.14 66.69 66.59 66.46 66.54 68.49 70.41 71.46 72.99 75.97 72.13 73.96 75.59 73.45 72.52 71.99 74.02 69.01 70.96 74.05 72.65 84.80 95.02 97.50 86.82 90.28 87.75 85.14 90.78 87.91 83.62 77.63 72.44 69.53 63.81 61.61 60.15
103.74 103.87 104.31 105.20 106.62 108.76 114.69 122.10 125.17 130.03 130.39 130.20 139.81 145.22 143.94 144.96 152.74 148.76 148.73 153.41 154.18 156.10 153.91 148.88 137.27 137.69 133.78 127.09 117.06 119.15 111.96 106.07 101.37 94.64 90.98 88.62 86.45 84.04 81.52 78.82 75.87 73.06 71.03 69.64 68.90 71.07 71.56 71.09 69.35 74.11 77.09 79.41 80.58 78.32 76.54 82.06 82.16 82.24 79.81 77.68 82.08 76.37 79.08 84.00 80.30 84.06 101.21 103.81 104.23 98.50 95.62 95.84 102.60 92.51 90.41 82.57 77.26 71.68 64.28 62.01 60.36
105.88 106.13 106.62 107.48 108.94 110.84 116.25 124.86 131.82 134.92 138.50 140.92 150.52 148.52 147.69 154.79 159.76 165.93 173.14 169.48 154.06 160.25 176.41 169.04 153.63 149.51 148.28 134.12 130.17 130.53 124.19 112.96 113.33 110.66 96.99 92.99 90.52 87.65 85.12 81.56 78.17 75.32 74.31 71.96 71.52 77.81 84.34 75.24 73.80 72.09 74.72 84.62 83.07 84.20 80.59 88.36 91.36 91.37 84.28 83.63 88.87 84.62 90.97 98.66 91.61 97.28 113.28 108.70 112.00 111.80 112.60 113.57 116.40 101.63 92.74 84.08 78.99 72.12 64.13 61.83 60.18
108.06 108.24 108.90 109.82 111.26 112.81 117.17 127.86 136.18 140.81 142.93 152.05 156.93 157.48 161.79 165.04 169.65 175.23 186.62 182.98 170.69 171.55 166.78 174.94 176.78 161.15 150.41 147.28 147.10 141.99 135.00 128.80 130.07 113.70 107.48 101.99 101.05 96.26 94.17 87.24 84.51 81.53 78.77 75.26 75.07 81.19 92.62 82.02 79.12 77.35 78.58 78.85 83.04 83.70 87.67 87.49 97.64 94.77 99.67 95.88 112.43 102.01 100.94 98.55 105.79 117.87 117.38 119.79 124.79 124.15 119.36 120.97 119.98 105.62 93.80 85.42 80.42 71.24 63.42 61.09 59.49
110.04 110.53 111.11 111.89 113.21 114.90 118.16 128.18 140.08 149.20 149.12 151.05 154.73 159.57 167.21 188.12 192.09 184.66 187.92 200.93 200.78 186.04 178.42 174.49 178.75 180.70 173.45 166.85 163.28 158.45 148.94 142.26 133.30 124.12 116.65 112.78 112.01 103.84 100.41 97.07 86.53 86.25 84.72 80.93 80.07 86.18 91.22 94.84 87.56 83.79 82.72 78.27 79.75 93.48 100.43 87.07 93.81 105.80 118.23 114.82 120.81 115.49 113.99 120.86 132.41 126.56 122.91 121.74 122.70 131.01 123.01 115.93 109.17 100.11 91.08 84.45 76.41 73.07 64.08 60.06 58.52
112.08 112.48 113.08 113.99 115.24 116.71 118.61 126.71 137.53 145.44 160.20 160.91 160.25 166.17 172.27 184.59 205.07 207.28 210.20 220.88 213.60 203.89 183.86 188.00 190.16 184.40 192.15 183.93 179.23 171.89 163.13 154.70 124.52 135.84 131.58 127.12 114.10 109.82 111.53 112.68 93.80 90.59 90.94 87.53 88.52 86.08 89.79 101.17 97.24 83.94 80.26 79.45 76.84 79.40 89.32 97.07 99.96 117.62 125.74 117.51 122.72 127.02 134.08 145.43 151.38 124.61 121.81 128.89 122.21 127.01 117.95 111.03 104.06 96.69 87.35 77.87 70.85 65.15 60.84 58.67 57.44
114.06 114.52 115.12 115.94 117.11 118.60 120.28 123.05 132.14 142.13 161.08 176.61 167.34 172.21 186.74 199.69 204.59 203.99 218.17 208.90 224.14 213.75 189.72 206.26 207.66 197.02 201.42 207.05 193.73 190.10 180.25 172.29 142.38 153.55 142.90 127.65 127.00 116.10 117.08 119.64 103.12 94.92 93.88 93.32 92.89 91.75 98.11 100.74 95.03 88.97 88.37 86.92 82.93 72.53 75.61 87.51 99.63 107.01 108.35 111.89 129.72 130.01 127.14 137.42 145.16 137.24 133.66 134.91 125.45 126.23 115.69 111.59 105.21 91.36 83.44 76.61 70.07 64.97 59.21 57.26 56.43
116.02 116.49 117.03 117.81 118.96 120.29 122.02 124.09 129.39 140.87 160.36 195.01 189.49 186.87 196.92 200.67 196.31 210.85 205.35 206.82 208.64 220.15 199.19 208.07 218.73 215.13 209.07 209.56 204.69 195.33 179.44 178.42 165.18 169.23 150.62 140.42 125.79 125.76 119.76 115.51 110.65 104.50 95.73 96.52 91.03 94.73 100.22 99.39 96.09 89.39 88.66 86.40 84.23 76.33 69.57 70.42 83.04 95.34 99.22 123.19 144.92 136.35 120.34 116.76 127.48 140.58 115.38 127.47 114.73 103.67 105.58 98.53 93.77 83.50 74.96 71.11 68.45 63.53 57.08 56.07 55.56
117.83 118.32 118.90 119.60 120.62 122.04 123.60 125.45 130.40 144.10 158.55 194.48 204.87 200.66 181.72 193.63 191.78 195.40 208.84 210.10 221.16 227.88 220.80 226.32 226.63 222.39 220.99 218.56 210.87 205.22 219.17 216.31 197.85 182.89 168.55 139.84 143.53 143.98 140.01 120.11 111.47 103.66 103.78 99.42 103.91 105.02 100.44 95.16 91.36 85.33 82.32 79.79 83.91 80.38 72.22 65.34 64.92 76.40 90.10 102.33 118.05 108.58 105.36 106.79 112.31 129.96 111.91 99.03 95.21 93.37 88.30 84.81 83.00 76.23 69.84 64.54 60.73 58.63 55.67 55.21 54.95
119.57 119.96 120.50 121.24 122.23 123.57 125.10 126.83 128.87 137.42 153.28 173.05 193.85 189.47 188.89 189.82 189.77 196.27 206.98 208.16 238.02 247.79 240.01 237.73 238.03 235.86 232.13 229.37 223.52 223.67 230.93 223.92 212.40 191.59 173.53 162.64 170.97 158.53 139.82 128.58 127.93 116.62 105.61 105.22 103.82 101.15 97.05 95.19 91.03 84.48 80.55 77.12 74.67 74.66 72.62 68.89 60.71 62.18 72.74 82.79 96.07 97.40 92.53 100.02 120.32 133.58 120.88 96.84 86.95 87.95 83.48 77.09 73.14 68.94 67.22 66.70 62.74 56.28 54.56 54.59 54.63
121.11 121.56 122.06 122.73 123.72 124.96 126.31 127.99 129.80 132.73 148.55 163.48 174.02 172.44 186.14 176.00 197.22 232.13 255.08 247.87 245.57 246.47 234.49 236.70 231.74 237.98 241.27 238.86 230.79 236.79 236.43 229.55 219.86 206.25 177.66 172.54 174.06 151.91 140.66 127.13 120.50 116.50 112.27 111.24 105.69 102.19 100.49 96.28 91.04 87.21 80.70 77.92 73.50 70.51 65.87 67.41 62.48 57.65 61.64 74.82 93.65 87.49 94.86 113.65 137.60 145.50 135.49 98.88 90.29 101.18 82.13 73.31 67.62 71.14 80.16 77.68 72.31 63.39 54.50 54.38 54.71
122.56 123.00 123.46 124.12 124.99 126.00 127.32 128.86 130.46 132.54 140.86 158.53 164.66 168.68 171.25 188.75 193.14 237.10 268.83 256.82 240.95 238.00 213.33 229.63 234.31 248.72 239.80 218.89 218.93 245.90 246.58 239.28 226.58 207.23 181.49 171.88 179.93 171.53 180.30 156.05 131.33 120.72 117.09 111.16 109.02 106.15 104.31 105.66 101.74 90.33 85.13 79.84 74.93 70.96 64.88 60.26 57.95 56.53 58.03 64.43 73.46 76.44 87.89 100.66 115.02 130.55 137.63 122.83 92.95 75.01 70.18 66.35 62.10 63.59 64.65 65.24 70.15 76.13 62.63 54.40 54.85
123.93 124.18 124.77 125.37 126.11 126.99 128.13 129.34 130.82 132.60 136.48 148.91 159.79 161.60 165.09 181.20 196.41 240.29 273.40 250.34 227.61 212.52 231.94 256.45 241.39 250.60 226.66 220.54 244.06 256.42 253.34 250.21 241.43 222.47 197.30 189.26 193.52 171.89 190.88 187.87 174.24 146.82 129.94 130.13 113.74 114.01 123.68 119.68 116.48 104.23 88.44 81.98 76.86 70.84 65.60 60.45 59.23 55.62 55.08 58.36 63.38 76.17 80.77 84.34 88.69 97.66 108.39 89.89 80.43 69.51 60.29 63.64 71.06 90.12 90.61 83.20 80.50 67.24 56.38 54.61 55.09
125.37 125.65 126.07 126.53 127.12 127.88 128.77 129.85 131.01 132.59 134.65 143.13 154.09 162.97 173.32 175.59 201.80 241.85 243.02 235.02 213.84 219.77 236.07 249.07 234.84 230.23 235.34 263.13 248.66 253.77 256.69 254.86 243.18 224.32 211.54 211.55 188.46 180.14 181.97 196.37 187.92 180.27 174.53 143.13 122.25 122.96 130.44 125.58 124.04 109.75 92.36 84.88 78.33 71.56 65.41 61.03 59.44 59.40 55.76 55.69 58.95 64.34 66.54 68.25 73.98 83.19 90.63 83.83 62.37 58.45 70.31 83.98 90.25 92.99 85.87 87.43 84.81 67.82 53.95 54.76 55.31
126.52 126.75 127.25 127.58 128.02 128.61 129.21 130.18 131.18 132.23 133.84 135.63 141.45 155.57 174.19 176.51 200.93 217.65 231.42 231.93 220.74 220.17 224.70 261.56 239.41 244.44 261.62 279.59 275.54 268.13 265.56 259.49 244.74 220.39 234.13 212.02 194.15 203.95 202.36 195.98 192.26 186.54 178.77 164.07 146.51 152.54 157.59 144.66 142.46 117.27 94.71 84.67 79.34 72.00 66.76 62.19 60.49 63.51 57.91 56.63 56.55 56.32 59.07 72.00 68.09 67.36 62.30 56.17 59.82 75.51 97.28 88.93 79.47 70.66 81.51 88.74 76.26 61.98 53.87 54.79 55.37
127.56 127.82 128.11 128.45 128.71 129.24 129.69 130.37 131.21 132.20 133.28 134.82 137.66 149.27 170.14 194.10 204.90 208.04 225.54 257.21 266.29 249.80 258.98 270.28 290.59 272.13 283.51 276.32 277.51 257.70 267.76 262.24 240.21 241.69 232.57 219.51 192.73 201.30 201.43 197.83 187.87 179.59 173.06 172.27 166.71 157.95 138.00 134.42 134.08 125.28 99.76 86.49 78.75 73.63 67.17 64.14 60.31 59.02 58.32 58.69 56.74 55.49 54.44 56.54 58.68 53.08 49.05 49.90 60.54 60.09 55.94 55.93 54.20 74.45 81.64 75.06 76.13 58.61 53.67 54.66 55.36
128.75 128.92 129.17 129.39 129.68 130.01 130.44 130.87 131.58 132.36 133.47 134.87 137.22 141.65 167.88 218.31 259.77 244.05 244.77 248.98 262.26 297.45 314.78 326.17 322.67 296.41 277.75 271.31 270.51 256.13 266.28 264.45 253.96 244.90 228.17 217.62 203.56 201.48 198.45 189.00 180.78 171.89 163.94 155.85 150.33 155.50 130.16 121.91 118.71 134.87 130.60 114.47 88.07 74.81 69.70 65.59 62.09 59.42 58.25 56.77 55.74 53.97 54.03 61.96 69.21 74.41 67.47 57.77 55.95 56.81 64.61 68.61 65.24 65.05 60.55 63.18 61.65 56.08 53.34 54.32 55.10
130.05 130.19 130.37 130.54 130.70 130.94 131.25 131.63 132.10 133.00 133.88 135.33 137.74 141.80 147.85 182.87 249.78 236.79 251.95 246.75 258.28 300.62 334.03 321.92 332.41 326.41 315.21 302.37 293.18 281.55 254.29 261.69 252.33 244.61 231.11 223.05 210.84 201.82 190.86 177.71 169.91 165.39 154.74 149.23 136.61 126.23 116.52 112.05 121.77 132.07 112.43 105.08 98.90 86.89 67.89 74.07 64.98 59.60 60.64 55.86 53.73 52.60 51.62 54.93 63.99 71.51 78.20 80.15 91.38 101.15 85.53 66.32 57.60 53.61 52.17 67.47 66.70 54.34 55.49 53.92 54.85
131.27 131.38 131.58 131.64 131.97 132.21 132.30 132.61 132.98 133.59 134.56 135.92 138.05 141.71 146.60 152.58 167.59 185.80 222.02 236.31 252.11 268.78 310.94 324.61 339.02 337.55 303.46 310.59 302.28 292.15 270.90 258.34 251.49 243.18 231.21 222.96 212.47 198.20 184.97 173.39 158.42 149.07 150.89 136.91 125.92 113.08 106.47 102.26 116.77 116.43 97.64 95.32 97.49 78.12 71.07 82.96 76.10 58.61 59.82 56.64 57.09 50.02 49.23 49.46 60.00 70.17 74.89 74.99 83.77 87.17 75.48 58.06 51.06 46.95 50.37 54.50 50.89 52.94 54.21 53.46 54.45
132.50 132.63 132.76 133.01 133.18 133.37 133.60 133.76 134.03 134.52 135.19 136.40 138.42 141.34 145.45 150.57 156.58 173.32 204.12 232.18 259.28 260.09 277.92 328.64 345.14 333.11 302.81 301.75 300.39 289.45 280.23 267.94 250.18 242.37 227.39 218.28 208.32 194.45 179.97 164.95 150.68 138.71 139.23 129.99 119.32 108.58 103.56 98.94 99.01 92.64 91.12 91.04 87.63 68.39 77.85 86.82 91.50 58.78 53.66 53.62 55.97 48.15 47.61 47.86 56.73 68.16 70.33 75.88 76.82 77.25 64.84 52.15 45.79 44.05 47.81 49.22 49.06 51.77 52.12 53.03 54.07
133.71 133.87 134.07 134.27 134.54 134.68 134.83 135.04 135.29 135.58 136.15 137.07 138.60 140.74 143.87 147.58 152.30 160.23 179.33 207.70 222.93 238.51 262.41 291.41 320.31 290.36 291.64 303.39 302.75 294.28 281.77 268.30 255.12 241.76 229.27 212.16 204.35 191.11 179.16 164.52 146.24 133.20 126.02 119.28 122.74 108.53 96.96 93.40 88.54 86.05 88.72 88.61 84.79 75.52 80.04 85.08 93.46 68.68 51.53 49.43 49.78 47.63 45.28 46.64 50.84 60.57 65.41 77.80 70.39 75.63 60.87 48.24 43.57 42.29 46.21 45.96 48.22 53.69 52.76 52.82 53.91
134.94 135.14 135.35 135.65 135.82 136.08 136.22 136.50 136.61 136.80 137.11 137.90 138.90 140.31 142.36 145.26 148.43 153.47 174.33 195.99 228.37 250.50 268.60 270.61 326.55 283.83 295.86 309.06 301.65 286.28 275.49 263.97 248.67 242.25 230.80 213.35 196.13 184.84 174.37 160.85 150.74 132.98 120.36 118.24 117.55 105.82 96.19 90.16 89.27 83.93 80.44 78.46 76.03 86.61 80.68 77.84 78.88 77.24 52.61 46.28 45.25 44.61 43.31 44.36 47.97 54.92 56.99 71.15 67.21 67.71 57.77 48.29 44.22 42.88 43.33 45.28 47.49 50.78 56.50 53.32 53.77
136.29 136.44 136.71 136.87 137.20 137.33 137.53 137.87 137.98 137.98 138.34 138.72 139.29 140.49 141.69 143.49 145.43 147.84 155.19 183.63 229.04 239.48 257.22 264.20 303.76 285.85 287.19 307.08 304.46 287.50 268.87 251.93 250.57 241.90 228.33 213.89 197.05 184.60 171.61 157.51 141.36 125.97 118.44 116.17 112.33 103.39 96.49 85.32 84.90 77.55 73.65 76.63 81.67 84.09 78.26 77.25 79.15 77.36 56.09 44.33 42.11 41.79 43.25 44.13 48.13 54.06 50.75 55.45 55.80 62.09 65.38 52.22 45.75 44.23 43.25 45.28 47.36 49.71 55.39 52.94 53.71
137.71 137.99 138.25 138.49 138.65 138.81 139.03 139.40 139.50 139.69 139.80 140.14 140.63 141.04 141.95 142.83 146.27 149.24 153.51 165.65 208.78 225.37 257.45 273.72 305.09 270.71 291.11 299.54 300.20 285.18 272.37 255.14 243.09 237.54 227.88 216.06 200.09 186.94 183.48 166.01 142.93 127.45 122.47 115.37 113.96 106.63 97.02 85.40 73.01 71.99 66.10 68.57 80.30 74.53 73.29 79.94 79.35 71.48 63.97 50.25 42.45 42.82 46.50 46.08 46.72 47.71 48.60 55.05 62.53 64.61 63.38 54.52 50.62 43.60 43.55 45.43 47.39 49.36 58.08 57.73 53.60
139.07 139.50 139.80 140.07 140.30 140.52 140.87 141.03 141.30 141.72 141.84 142.19 142.53 143.28 144.16 145.50 151.93 154.74 157.01 165.65 199.69 238.66 266.55 301.93 294.16 258.14 286.10 278.68 284.26 282.88 272.32 257.93 246.96 242.03 232.56 221.56 204.39 190.13 177.06 171.01 145.18 129.22 121.96 121.80 108.23 104.64 93.19 81.08 67.98 65.92 62.63 59.94 65.11 65.96 69.95 75.11 64.51 60.81 54.70 52.88 48.03 44.14 48.84 47.59 49.51 53.83 53.35 57.46 60.70 67.32 60.53 49.02 44.11 42.43 44.07 45.84 47.71 49.89 56.53 52.53 53.73
140.48 140.93 141.35 141.68 142.04 142.40 142.64 143.08 143.55 143.90 144.33 144.81 145.22 145.93 147.30 149.03 153.57 170.44 174.80 168.15 177.09 196.61 219.53 284.68 276.07 265.91 269.67 277.06 287.45 289.23 279.35 264.23 254.84 246.39 236.32 228.81 209.17 201.42 187.04 164.51 147.91 130.66 129.72 114.42 106.15 99.38 90.97 79.93 65.23 70.40 67.64 58.55 56.62 55.15 64.36 58.14 50.07 48.84 47.29 44.64 46.29 45.62 47.97 52.16 51.00 50.89 54.30 51.94 53.92 53.98 48.82 44.53 42.45 43.27 44.79 46.48 48.18 52.06 55.31 52.76 54.00
141.81 142.31 142.89 143.34 143.83 144.35 144.77 145.18 145.91 146.53 146.99 147.71 148.63 149.71 151.12 153.02 158.05 181.56 194.65 181.30 179.27 186.28 194.74 216.41 243.84 259.66 266.14 269.11 280.30 279.30 273.99 260.67 250.43 242.53 235.27 229.17 214.00 196.99 190.15 171.53 153.01 136.43 125.66 117.68 104.45 93.98 79.72 69.64 63.10 71.18 68.13 58.79 50.63 50.83 53.03 52.91 49.82 47.17 47.34 49.13 49.32 51.35 54.13 52.58 53.21 52.46 50.53 50.23 49.62 51.34 45.86 42.82 44.90 44.21 45.71 47.27 48.86 50.51 53.77 53.33 54.40
