project/src/data/BOM_climate/monthly_mean_rainfall/rainsep.txt
ncols 886
nrows 691
xllcenter 112.0000
yllcenter -44.5000
cellsize 0.0500
nodata_value 99999.90
[rows 432 to 467 of 691, columns 486 to 566 of 886]
15.78 15.01 14.83 15.34 14.84 13.85 14.59 14.32 13.39 13.30 13.55 13.71 13.97 14.91 14.38 14.81 15.40 15.81 13.29 12.73 13.43 13.74 14.36 14.79 16.00 19.67 17.69 14.73 13.96 14.07 14.49 14.84 15.44 15.95 16.45 16.84 17.38 17.89 18.47 19.60 22.73 25.14 27.19 32.17 33.34 40.77 45.09 40.21 33.58 30.25 27.12 23.98 21.02 19.00 17.45 16.42 15.93 17.29 16.63 15.06 14.57 14.49 14.36 14.27 14.43 14.56 14.62 14.55 14.42 14.39 14.33 14.47 14.55 14.54 14.55 14.79 14.92 14.98 15.02 14.98 15.00
16.70 16.78 16.03 16.30 15.56 14.20 14.54 14.53 14.01 13.87 13.98 14.17 14.67 14.95 13.98 14.34 14.69 14.78 14.42 13.13 13.79 14.25 14.89 15.19 17.27 19.90 16.03 15.95 14.01 14.38 14.77 15.19 15.77 16.36 16.89 17.55 17.98 18.49 19.08 20.16 23.81 27.67 27.74 40.12 36.82 34.51 35.08 34.71 34.89 30.07 25.67 23.35 20.59 18.95 18.06 17.80 17.58 17.06 16.86 15.38 15.04 14.69 14.53 14.41 14.69 14.84 14.93 14.92 14.90 14.81 14.61 14.69 14.71 14.74 14.77 15.00 15.12 15.12 15.14 15.17 15.30
16.87 17.55 16.84 16.93 16.16 14.70 14.18 14.79 14.93 14.76 14.57 14.44 14.29 14.26 14.31 14.21 14.57 14.30 13.91 14.01 14.82 15.46 14.49 14.48 17.96 19.82 19.20 17.74 14.77 14.76 15.08 15.89 16.20 16.67 17.32 17.91 18.64 19.25 19.87 21.91 27.35 25.90 26.67 38.42 33.92 31.06 33.48 36.25 34.78 30.72 26.25 23.35 21.47 20.07 19.30 19.35 19.87 17.48 16.93 16.00 15.28 14.96 14.83 14.75 14.85 15.02 15.24 15.34 15.26 15.17 15.07 15.03 14.98 14.98 15.03 15.20 15.28 15.30 15.38 15.65 15.54
16.76 17.47 17.04 16.88 16.32 15.23 14.67 14.68 15.05 15.54 14.81 14.51 14.59 14.57 14.26 14.32 14.20 13.96 14.22 15.06 15.67 16.19 15.64 14.16 14.95 18.37 18.46 17.13 15.23 15.11 15.68 16.32 16.72 17.12 17.79 18.47 18.99 19.79 21.19 22.24 24.74 25.99 26.65 29.77 29.07 30.57 32.47 33.16 31.73 28.81 26.77 24.78 22.76 22.59 21.36 22.25 21.76 18.22 17.25 16.38 15.81 15.28 15.13 15.12 15.13 15.29 15.58 15.64 15.60 15.50 15.39 15.31 15.23 15.16 15.13 15.33 15.33 15.44 15.48 15.67 15.74
17.35 17.58 17.63 16.93 16.74 16.40 15.15 14.77 15.15 15.58 16.09 15.16 15.66 15.00 15.27 15.09 14.14 14.17 14.66 15.56 15.77 16.79 16.21 14.72 14.47 14.98 15.38 15.29 15.74 15.65 16.47 16.75 17.09 17.58 18.34 19.25 20.28 22.69 25.47 22.63 22.97 26.81 28.34 29.42 28.99 29.78 30.70 31.32 33.32 32.37 31.71 28.87 24.86 23.78 23.20 26.39 26.01 20.77 19.08 17.66 16.37 15.44 15.45 15.43 15.88 15.93 16.07 16.05 16.23 16.15 15.92 15.74 15.71 15.63 15.50 15.54 15.63 15.79 16.00 15.93 15.90
17.72 17.57 18.92 18.20 17.83 17.35 15.98 15.10 15.49 15.55 15.94 16.50 16.45 15.62 15.55 16.29 16.34 15.35 14.95 15.94 16.34 16.69 17.12 15.90 15.65 15.82 16.72 15.45 15.62 16.00 16.64 17.06 17.50 17.98 18.55 19.45 21.37 23.46 26.35 23.72 26.23 30.86 26.53 26.04 27.34 28.77 28.69 31.53 35.94 35.99 29.37 25.25 23.46 24.57 28.17 30.17 25.69 22.27 20.75 19.81 16.78 15.89 15.75 15.97 16.86 17.11 16.30 16.44 17.39 17.19 16.37 16.49 16.28 16.02 15.80 15.90 15.78 15.99 16.63 16.47 16.12
17.35 17.73 18.71 19.09 18.74 17.78 16.72 15.75 15.36 15.51 15.43 15.93 16.06 16.56 15.69 16.38 17.21 15.99 15.44 16.88 17.54 16.78 17.59 16.70 16.87 17.29 18.40 19.91 16.63 16.52 17.02 17.42 17.78 18.20 18.84 19.45 22.94 25.97 23.77 24.73 31.94 32.39 29.01 28.33 27.97 27.06 27.90 31.75 36.75 32.77 27.28 23.58 22.09 22.18 22.65 22.74 22.23 22.09 19.21 16.99 16.23 16.28 15.97 15.99 16.15 16.34 16.48 16.83 17.92 18.21 17.53 18.09 17.70 16.61 16.69 16.89 16.02 16.37 17.13 17.07 16.75
17.71 18.47 18.65 18.56 19.15 18.25 16.63 15.72 15.63 15.57 15.43 15.96 16.63 16.87 16.66 16.74 17.16 16.36 15.86 17.35 18.42 18.85 18.52 18.02 18.07 19.64 20.44 23.10 18.88 17.35 17.32 17.73 18.19 18.63 19.28 20.23 24.35 22.72 24.18 26.59 32.81 31.17 30.59 30.82 27.37 26.66 27.03 29.56 35.61 30.05 24.58 22.15 20.90 20.85 20.31 20.46 19.72 18.40 17.18 17.01 16.87 16.61 16.40 16.66 16.55 16.60 16.73 16.91 18.13 18.20 19.07 20.28 18.52 17.21 16.96 16.35 16.31 16.82 17.78 17.51 17.63
18.04 18.45 18.92 18.50 18.55 17.91 16.71 16.02 15.89 15.84 15.84 16.46 16.70 16.96 17.48 17.52 17.68 16.38 16.22 17.21 18.32 19.41 19.78 19.29 18.17 19.85 22.63 21.33 19.11 17.68 17.74 18.13 18.46 19.05 24.55 27.04 29.48 24.17 25.43 29.36 30.75 29.98 30.86 29.23 26.90 26.55 26.77 28.98 32.34 32.46 24.31 20.84 19.58 18.41 18.62 18.90 18.52 17.50 17.42 18.20 19.03 18.48 17.74 17.89 18.05 17.77 17.05 17.13 17.47 17.87 18.97 19.51 18.39 17.39 16.89 16.61 16.79 17.09 18.10 19.63 19.32
19.00 19.44 19.26 19.04 18.81 18.64 17.14 16.40 16.29 16.08 16.39 16.88 17.33 17.78 18.33 18.93 18.25 17.12 16.72 16.77 17.33 18.69 20.19 19.18 17.72 19.25 21.77 20.43 19.52 18.14 18.12 18.48 19.11 22.21 35.81 32.26 27.32 23.33 25.24 29.60 29.41 30.24 29.27 27.83 27.08 27.13 26.93 28.63 31.31 28.92 26.04 20.39 18.79 18.10 17.64 17.57 17.33 17.12 17.40 17.34 18.17 19.07 19.58 19.16 19.24 19.69 18.50 17.39 17.52 18.84 20.08 19.09 19.31 18.52 17.42 17.48 17.77 17.86 18.72 20.73 22.14
19.66 20.30 20.37 20.21 19.21 18.27 17.48 17.51 16.68 16.39 16.97 17.55 18.01 18.86 20.56 20.24 20.26 18.40 17.82 18.36 18.59 19.00 18.30 17.70 17.92 19.41 21.28 19.96 20.22 18.17 18.39 18.99 21.15 30.80 41.70 31.55 26.90 24.56 25.01 25.92 26.54 27.18 27.65 27.85 27.51 27.09 26.19 27.07 31.80 31.23 24.87 20.83 19.50 18.31 17.72 17.90 17.47 16.42 16.62 17.14 17.79 18.49 19.05 19.14 19.24 19.07 18.21 17.54 17.35 17.44 17.82 18.44 19.40 19.42 19.03 18.47 19.86 20.34 18.66 19.76 21.20
20.37 21.15 21.34 21.12 20.00 18.78 17.93 18.20 16.93 16.92 17.31 18.06 18.90 19.72 21.26 23.27 23.29 21.55 19.16 20.20 20.36 19.81 18.97 18.23 18.10 18.31 18.58 18.96 19.94 18.39 18.82 19.64 22.09 37.74 41.10 32.57 28.35 25.01 25.32 25.37 26.43 27.44 28.10 28.49 28.73 28.02 27.74 27.29 30.32 28.99 24.58 22.40 20.22 19.24 18.78 18.41 16.41 15.98 16.45 16.98 17.74 18.37 18.90 19.33 19.39 19.22 18.50 17.61 17.63 17.94 18.39 18.68 19.94 21.48 19.97 19.88 21.27 22.26 21.33 20.45 21.09
20.59 21.68 22.26 21.44 20.64 19.60 18.64 18.29 18.03 17.83 17.59 18.39 19.93 21.26 22.24 24.71 26.72 24.57 22.05 20.60 20.10 19.54 19.16 18.94 18.65 18.70 19.08 19.37 19.27 19.22 19.76 21.03 23.29 38.87 39.53 35.36 28.17 25.89 25.68 25.64 26.51 28.34 28.62 30.41 28.88 29.35 29.24 29.19 27.94 25.87 24.45 25.17 23.89 22.21 20.02 17.12 16.30 16.67 16.48 17.24 18.58 18.85 19.33 20.29 19.94 18.88 18.73 18.20 18.09 18.96 19.96 20.83 20.84 21.86 22.17 21.19 23.04 22.17 23.29 21.36 20.58
21.05 21.59 21.86 22.31 21.69 20.74 19.32 19.22 18.75 18.36 18.28 18.75 19.44 21.18 22.34 23.78 26.93 25.13 24.94 21.37 19.66 19.58 19.20 19.50 19.62 19.60 19.84 19.97 19.86 20.40 20.96 22.08 25.15 37.46 39.25 36.16 29.28 26.40 25.99 26.28 26.81 26.55 27.16 27.21 27.65 30.38 31.54 27.80 25.87 25.13 26.78 29.61 24.90 19.93 17.99 16.64 16.54 16.28 16.47 17.29 18.66 19.25 19.38 20.70 19.99 19.16 19.12 19.19 18.37 18.83 19.84 22.12 22.43 22.20 22.21 21.93 22.11 21.54 22.40 21.46 20.17
22.73 23.34 22.71 22.82 22.40 20.88 20.68 20.08 20.43 19.26 18.65 18.89 19.65 20.41 21.73 24.62 25.76 27.77 27.22 24.74 21.41 20.03 20.13 20.67 20.45 20.69 20.59 21.61 21.67 20.90 21.35 22.54 27.69 44.16 39.52 34.87 29.68 27.38 26.75 27.19 28.18 28.43 28.22 27.89 27.95 29.92 29.39 26.73 26.58 26.55 30.16 28.27 22.65 18.40 16.95 16.33 16.35 16.75 17.31 18.16 19.52 19.68 19.74 20.29 20.03 20.06 20.03 20.19 19.07 18.77 19.53 20.86 22.07 21.87 21.38 21.36 21.00 20.72 20.99 20.51 20.06
24.57 24.29 23.56 23.27 24.04 22.25 21.91 21.13 20.29 19.43 19.03 18.97 19.56 20.16 21.49 23.96 24.99 27.69 25.51 26.80 23.53 20.75 21.20 24.93 21.49 21.26 21.03 22.02 22.75 22.06 22.07 22.80 32.72 49.24 39.73 34.78 31.57 28.23 27.42 27.83 28.75 31.94 35.82 30.82 27.88 28.37 27.78 30.07 28.51 26.37 26.89 24.30 20.48 18.33 16.94 16.53 16.97 17.74 18.68 19.26 20.50 21.04 20.80 20.94 21.55 20.87 20.88 20.61 19.83 19.77 19.72 20.72 22.27 22.16 21.06 20.73 21.39 20.71 20.56 20.79 20.61
26.89 25.40 25.72 26.06 25.82 24.01 22.84 23.84 21.74 20.22 20.19 19.90 20.06 19.91 20.87 23.10 24.97 26.43 25.29 23.80 22.37 21.94 22.84 25.51 24.02 23.55 21.50 22.14 23.03 22.88 23.02 23.50 36.43 43.01 43.40 40.07 34.09 29.53 28.03 28.38 29.10 33.91 38.55 33.62 29.83 30.10 32.08 33.62 26.73 24.86 27.64 26.10 19.87 18.57 17.40 16.93 17.35 17.94 18.46 19.60 20.34 21.39 22.81 22.28 21.28 21.08 21.90 23.41 21.64 21.88 22.20 22.44 21.77 21.54 20.86 20.73 21.05 21.13 22.37 22.49 22.05
28.40 27.96 27.77 27.50 25.68 24.31 24.61 24.10 22.89 21.03 21.87 21.87 20.47 20.84 21.11 21.77 23.13 24.78 22.79 22.69 22.35 21.68 22.24 22.84 22.32 23.17 22.75 22.23 22.64 23.39 24.26 25.78 30.68 39.10 44.74 46.18 36.93 31.24 28.76 29.40 30.66 33.09 34.28 34.15 33.26 31.32 33.52 30.28 25.11 24.45 25.97 22.11 20.70 20.28 18.11 18.04 17.86 17.96 18.43 19.23 20.57 22.24 22.41 21.48 20.49 20.35 22.05 24.45 23.10 21.79 23.24 23.50 23.00 22.10 21.99 22.11 22.24 22.96 24.01 23.39 23.37
28.80 28.85 28.04 27.51 26.76 28.18 28.32 26.08 24.20 22.22 22.72 22.69 21.94 21.57 21.74 22.12 23.77 24.14 23.72 23.57 21.86 21.53 21.40 22.25 24.49 31.05 27.01 23.87 23.92 24.12 24.92 26.90 29.60 35.30 51.83 50.38 40.01 33.18 30.29 29.96 30.30 31.60 32.85 36.50 34.98 33.13 34.46 28.83 24.85 23.69 23.48 22.21 20.68 19.10 18.08 18.63 18.79 19.67 20.18 20.74 21.22 21.47 23.15 22.34 20.79 20.02 22.26 21.33 19.98 21.02 22.94 24.22 24.17 24.16 25.14 24.83 23.56 23.51 24.51 24.34 23.54
30.58 30.18 29.55 28.77 28.92 29.49 27.48 25.41 24.11 23.87 23.99 24.16 23.85 23.02 22.75 24.38 23.47 24.71 22.91 22.07 21.85 21.51 21.27 21.96 24.05 32.73 31.35 25.59 28.06 25.48 25.17 26.58 28.68 32.95 48.18 52.54 41.94 34.93 31.94 30.78 29.98 30.24 33.32 36.29 37.08 35.95 36.28 28.98 24.61 23.62 23.01 21.52 20.97 19.45 18.54 18.35 18.53 19.19 19.97 20.47 20.97 23.05 22.28 22.24 22.25 20.30 19.61 18.96 19.59 21.84 24.36 27.40 26.96 25.08 25.28 25.40 24.51 24.30 23.08 22.39 22.15
29.85 31.58 31.46 30.18 29.03 28.15 27.03 27.49 26.06 24.39 25.87 26.20 25.05 24.96 24.81 24.54 24.91 24.89 21.95 21.46 21.19 21.09 21.33 21.67 23.11 28.96 29.13 29.89 35.13 29.22 25.85 26.63 28.85 32.69 43.12 52.56 42.51 37.12 33.81 31.95 31.07 30.77 32.22 36.02 36.85 35.59 33.05 26.92 25.25 25.47 24.84 23.02 22.67 20.67 19.59 19.03 18.61 19.04 20.15 19.75 20.43 21.30 22.13 21.66 20.46 19.35 20.25 19.00 19.44 21.23 24.69 28.32 25.87 23.41 24.32 25.36 23.56 23.04 22.17 21.40 21.32
29.47 31.17 31.89 31.01 29.63 28.96 27.87 26.35 27.01 25.59 24.84 24.79 23.60 23.95 23.92 23.67 27.33 24.88 21.95 21.19 21.19 22.07 21.84 21.90 23.09 26.50 32.50 34.99 38.47 29.02 26.75 27.37 29.01 32.29 44.28 54.69 46.10 39.76 36.33 34.15 32.95 32.20 33.90 37.15 36.39 36.09 30.71 27.77 26.93 29.08 26.37 24.50 23.21 22.01 21.27 20.15 19.95 20.97 20.26 20.22 20.47 20.64 21.08 21.87 21.19 20.16 19.55 19.22 19.72 22.06 23.55 22.99 22.20 22.55 23.90 24.16 22.84 22.16 21.62 21.00 20.89
28.85 30.11 30.97 31.48 30.78 28.78 28.52 27.53 26.23 27.86 24.43 23.46 23.22 24.12 22.84 22.61 22.90 22.30 21.36 21.40 21.85 23.18 23.28 23.40 23.40 28.58 35.47 39.33 36.91 27.61 27.69 28.37 29.83 33.90 47.76 59.32 55.61 46.06 40.30 37.16 34.85 33.86 35.15 36.72 36.47 38.76 32.68 29.48 28.75 29.56 28.18 26.53 25.06 23.67 23.94 21.60 21.31 22.41 22.05 22.38 22.83 21.14 21.14 21.24 21.91 21.46 20.96 20.67 19.26 21.05 21.65 21.44 22.18 22.50 22.97 23.87 23.55 22.91 22.73 22.07 21.36
28.89 30.13 31.47 32.00 29.88 28.54 27.20 26.78 25.04 24.66 24.20 23.58 23.79 24.63 23.02 21.33 21.56 22.09 20.61 20.62 21.32 23.20 25.48 26.07 24.50 25.09 29.84 38.82 36.86 29.09 29.12 29.39 30.02 33.38 49.15 60.32 61.17 54.66 44.71 41.31 38.93 38.10 37.60 38.49 40.01 41.83 35.90 31.51 30.14 30.99 35.79 30.92 28.80 25.64 24.02 23.72 24.12 24.63 25.09 24.50 24.10 23.81 21.80 20.85 21.21 20.80 20.66 20.38 19.98 20.14 21.19 21.13 21.77 22.10 22.92 23.37 23.62 23.24 22.58 22.21 22.62
29.39 31.49 33.62 33.06 30.79 29.90 28.55 27.00 25.62 24.65 24.21 24.00 24.38 25.18 24.13 22.36 21.21 21.12 20.50 20.71 21.93 23.55 26.88 27.97 26.55 25.17 26.70 34.95 39.83 31.61 31.05 30.38 31.34 33.73 42.39 55.10 63.67 64.30 53.63 46.02 44.25 41.77 41.11 42.66 43.42 41.78 40.80 35.05 31.68 33.49 37.46 33.98 31.30 27.23 25.44 26.77 26.60 28.78 27.49 25.88 25.49 24.65 22.21 21.20 21.03 20.88 20.68 20.87 20.31 20.53 20.89 21.15 21.96 22.63 22.60 22.74 22.54 22.77 22.95 22.61 22.10
29.16 30.62 33.78 34.84 32.12 30.10 28.78 27.16 25.42 24.99 24.63 25.02 25.00 24.30 22.99 23.61 23.55 22.95 21.46 20.97 22.84 23.38 25.61 26.35 27.39 25.79 26.52 28.79 35.97 34.11 32.84 31.31 32.05 34.10 38.53 52.06 66.13 65.75 59.62 51.33 48.00 45.98 43.85 42.44 45.41 43.45 44.00 39.05 32.78 32.47 35.47 36.05 30.97 29.29 27.25 28.77 28.04 30.34 28.63 26.42 25.04 22.99 22.24 21.67 22.28 22.57 22.74 22.71 22.42 22.66 20.96 21.78 21.87 22.45 22.04 21.76 22.31 22.65 22.14 22.13 22.22
30.62 31.34 34.33 34.91 33.36 29.90 28.35 27.17 25.63 25.43 26.50 26.99 24.70 25.11 23.81 23.43 24.32 24.07 22.10 21.61 23.07 23.44 25.20 25.98 26.33 26.82 27.14 28.66 34.26 31.94 31.79 32.02 32.81 34.10 36.80 45.17 60.60 64.76 61.43 55.74 52.05 48.84 47.71 45.17 46.85 46.14 46.67 39.27 33.91 33.76 34.68 35.82 32.98 32.00 30.22 28.86 30.06 29.41 27.80 26.46 24.82 24.17 23.07 22.45 23.51 25.53 26.10 24.38 25.41 23.41 21.50 21.68 21.46 21.12 21.28 21.61 21.83 21.86 22.12 22.28 22.32
32.72 31.54 32.90 31.97 32.43 29.53 28.08 26.84 26.03 26.41 28.44 27.39 25.30 25.73 25.02 23.84 24.47 25.44 23.30 22.92 22.96 23.22 24.69 26.89 27.77 28.50 27.76 28.65 32.24 33.71 31.83 32.67 33.43 34.37 36.70 41.29 58.83 62.17 62.82 59.05 56.78 50.28 47.74 47.18 46.42 48.99 49.91 38.89 36.65 35.85 35.14 34.70 34.03 32.56 30.33 30.99 29.76 28.07 28.78 27.46 25.74 24.22 23.66 23.45 24.41 26.34 29.09 27.43 26.16 24.21 22.14 21.47 20.98 20.77 21.14 21.53 21.87 22.16 22.26 22.43 22.55
32.77 31.37 31.06 30.17 29.68 28.66 27.62 27.07 26.85 27.74 29.03 27.60 25.68 25.68 27.08 25.41 25.01 28.65 26.20 25.33 25.32 24.54 24.74 26.45 27.68 29.86 28.32 29.30 30.48 32.12 32.43 33.27 34.00 34.54 35.50 39.59 55.15 65.62 64.26 60.75 57.39 51.52 48.48 47.06 46.61 52.06 48.65 40.83 38.50 36.71 35.54 36.24 36.44 33.22 32.20 32.00 29.07 28.56 31.30 29.96 26.01 24.66 24.27 24.69 25.27 27.98 26.87 24.80 23.62 22.75 22.31 21.42 21.18 21.09 21.26 21.40 21.65 22.03 22.27 22.44 22.62
34.12 32.84 32.13 30.60 29.67 29.50 28.95 28.19 28.20 28.66 28.08 27.02 26.61 25.41 26.31 25.15 25.70 32.62 28.81 28.06 27.17 26.48 25.90 25.81 27.16 28.36 29.01 29.96 31.09 32.08 32.97 33.90 34.53 35.08 35.52 37.69 46.04 68.88 65.92 60.40 57.71 52.56 49.87 48.73 49.57 54.07 50.42 45.30 42.27 38.83 38.94 39.87 36.55 33.78 32.99 32.69 29.91 29.93 31.52 27.47 26.58 25.60 25.06 24.90 25.70 27.47 26.04 24.89 23.89 22.83 21.96 21.63 21.47 21.60 21.76 21.96 22.16 22.42 22.74 22.99 23.28
34.39 34.79 34.46 32.41 32.10 31.56 30.98 29.19 28.45 28.28 27.97 26.91 26.81 26.04 25.76 25.67 27.93 30.38 27.34 29.03 29.11 27.90 26.22 25.76 27.19 28.18 29.43 30.53 31.60 32.67 33.54 34.38 35.23 35.80 36.37 37.44 42.99 66.31 68.24 62.82 57.91 54.10 52.24 52.12 50.55 52.96 53.26 51.02 48.64 42.97 42.35 42.08 37.19 34.19 34.02 31.79 30.04 31.69 28.94 25.59 26.28 26.04 24.56 24.16 25.82 27.56 25.10 24.01 22.71 22.52 21.94 21.60 21.78 21.94 22.16 22.46 22.62 22.99 23.27 23.52 24.08
35.88 37.32 36.00 34.78 35.79 35.04 31.50 30.31 29.69 28.88 28.72 28.45 27.29 27.03 27.79 27.05 28.54 31.33 28.16 27.57 28.44 28.03 26.14 25.88 27.24 28.64 29.89 31.06 32.11 33.11 34.05 34.91 35.69 36.43 37.09 37.67 42.15 62.99 68.94 64.14 58.48 56.55 54.14 53.78 51.63 52.05 51.98 52.86 53.67 47.66 44.88 41.99 37.58 34.27 33.73 30.60 29.96 29.05 28.01 25.04 23.61 23.66 22.96 23.78 24.44 25.01 24.58 23.30 22.18 21.74 22.19 21.72 22.08 22.41 22.54 22.82 22.90 23.23 23.69 23.92 24.24
36.87 37.02 37.25 37.60 38.32 36.75 33.41 31.77 31.10 31.28 31.12 30.42 29.51 30.10 28.93 28.13 32.69 32.69 29.98 28.11 27.76 27.42 26.08 26.43 27.78 29.10 30.32 31.50 32.56 33.58 34.49 35.32 36.28 37.04 37.84 38.56 41.18 55.28 66.42 63.23 58.47 56.49 54.52 54.05 53.22 53.08 51.34 53.16 53.48 51.24 48.53 43.64 38.87 36.46 33.18 30.15 30.54 28.50 26.78 24.90 23.19 22.89 22.27 22.65 23.46 23.79 24.11 23.43 22.41 21.75 21.67 21.96 22.42 22.53 22.80 22.90 23.15 23.45 24.01 24.15 24.29
36.69 37.54 37.60 37.86 39.20 38.39 35.02 33.95 33.48 33.54 31.57 31.22 31.82 32.22 31.27 29.23 32.32 30.72 32.03 29.79 28.80 26.43 26.24 27.13 28.41 29.66 30.86 31.93 33.05 33.97 34.89 35.77 36.82 37.89 38.78 39.63 41.49 47.61 59.71 59.96 55.51 52.44 53.68 55.07 55.92 57.87 53.36 55.20 55.48 55.92 49.40 44.78 43.28 40.04 33.82 30.56 28.92 27.98 27.09 24.09 22.45 21.73 21.44 21.78 22.48 23.36 23.86 22.60 21.73 21.53 21.62 22.09 22.64 22.80 22.88 23.22 23.43 23.51 23.95 24.28 24.48
38.29 38.05 37.61 38.60 38.41 41.11 37.53 37.51 37.52 35.52 32.19 30.72 30.74 33.01 31.95 29.42 29.81 30.18 31.78 30.47 29.14 26.31 26.78 27.90 29.10 30.23 31.38 32.45 33.46 34.40 35.22 36.06 37.21 38.31 39.20 40.30 42.01 45.51 50.96 55.09 52.46 52.46 55.02 54.63 61.96 62.59 55.24 56.97 58.73 58.23 50.76 46.07 44.64 40.21 36.88 32.87 30.00 27.29 27.54 23.97 22.46 21.17 20.99 21.14 21.70 22.55 23.41 21.78 21.16 21.11 22.06 22.34 22.58 22.82 23.08 23.46 23.82 23.82 24.10 24.32 24.49
39.02 38.68 40.95 41.89 39.68 41.79 40.43 40.16 36.81 34.74 33.76 31.95 30.42 31.38 32.86 32.10 32.36 34.06 32.56 29.43 27.83 27.19 27.61 28.62 29.71 30.81 31.85 32.85 33.83 34.70 35.43 36.14 37.11 38.27 39.35 40.38 41.72 44.08 45.56 49.08 49.13 53.44 54.76 56.08 63.19 62.85 56.31 57.80 61.28 59.22 53.03 47.56 46.30 43.02 41.81 37.26 31.28 26.69 25.86 23.95 23.08 21.39 20.78 20.78 21.26 21.56 21.81 21.51 21.57 21.59 22.36 22.49 22.59 23.04 23.24 23.57 23.74 23.89 24.11 24.27 24.47
