project/src/data/BOM_climate/monthly_mean_rainfall/rainjun.txt
ncols 886
nrows 691
xllcenter 112.0000
yllcenter -44.5000
cellsize 0.0500
nodata_value 99999.90
[rows 420 to 454 of 691, columns 231 to 307 of 886]
18.61 18.36 18.41 18.20 17.71 17.97 18.16 17.79 17.22 16.88 16.64 16.14 16.14 16.19 16.23 16.15 16.15 16.31 16.18 16.24 16.17 16.21 16.34 16.51 16.83 17.13 17.00 17.19 17.36 17.53 17.67 17.69 17.82 18.13 18.66 19.28 19.93 20.37 20.92 21.50 21.99 22.31 22.63 22.69 22.47 22.00 21.71 21.32 20.92 20.58 20.38 20.15 19.68 19.30 18.98 18.69 18.53 18.28 18.12 17.76 17.45 17.75 17.85 17.86 17.95 18.05 18.06 18.11 18.20 18.27 18.31 18.26 18.29 18.33 18.33 18.42 18.52
18.75 18.64 18.52 18.04 17.78 17.49 17.87 17.70 17.15 16.52 16.40 16.21 16.06 16.38 16.28 15.89 16.13 16.44 16.67 16.49 16.27 16.41 16.51 16.57 16.71 17.10 17.03 17.10 17.26 17.44 17.63 17.72 17.83 18.04 18.55 19.20 19.87 20.44 21.14 21.73 22.18 22.70 23.11 23.10 22.79 22.27 21.89 21.56 21.17 20.84 20.62 20.30 19.82 19.45 19.12 18.89 18.69 18.52 18.31 17.98 17.83 17.91 17.94 17.96 18.10 18.33 18.31 18.38 18.51 18.55 18.63 18.65 18.70 18.76 18.74 18.79 18.88
19.01 18.77 18.65 17.96 18.26 17.90 17.84 17.58 17.07 17.06 16.64 16.41 16.05 16.33 16.12 15.81 16.06 16.22 16.68 16.94 16.52 16.63 16.67 16.80 16.97 17.00 16.90 17.09 17.28 17.29 17.52 17.71 17.90 18.09 18.53 19.08 19.70 20.25 20.89 21.56 22.24 22.83 23.41 23.36 22.97 22.57 22.17 21.76 21.31 20.97 20.70 20.39 20.08 19.71 19.41 19.16 18.93 18.73 18.56 18.36 18.18 18.23 18.25 18.26 18.46 18.60 18.54 18.65 18.73 18.81 18.88 18.96 19.00 19.09 19.14 19.18 19.29
17.89 17.86 17.44 17.24 17.79 17.55 17.78 17.50 17.14 16.95 16.74 16.68 16.48 16.25 16.12 16.16 15.84 16.41 16.54 17.08 16.70 16.80 16.84 16.95 17.11 17.09 17.00 17.13 17.33 17.53 17.57 17.69 17.87 18.14 18.51 18.99 19.50 20.09 20.80 21.54 22.18 22.76 23.24 23.23 22.95 22.57 22.31 21.97 21.51 21.24 20.93 20.62 20.33 20.06 19.77 19.44 19.17 18.90 18.83 18.65 18.45 18.67 18.60 18.58 18.70 18.72 18.74 18.89 18.97 19.04 19.17 19.21 19.30 19.44 19.51 19.58 19.70
17.37 17.43 17.66 17.67 17.52 17.68 17.51 17.48 17.29 17.12 17.04 16.89 16.62 16.47 16.50 16.56 16.34 16.72 16.89 17.37 17.02 16.99 17.08 17.08 17.09 17.15 17.08 17.16 17.29 17.62 17.66 17.75 17.97 18.24 18.65 19.05 19.52 20.16 20.87 21.49 22.04 22.56 22.94 22.94 22.73 22.50 22.30 21.99 21.66 21.40 21.02 20.73 20.57 20.32 19.93 19.61 19.39 19.33 19.13 18.85 18.76 19.05 19.07 18.88 18.92 19.03 19.09 19.21 19.29 19.43 19.54 19.56 19.73 19.85 19.99 20.07 20.20
17.56 17.86 17.99 18.29 18.22 17.93 17.84 17.78 17.62 17.46 17.36 17.33 16.88 16.80 16.93 16.96 17.10 17.12 17.09 17.17 17.17 17.20 17.30 17.38 17.45 17.51 17.36 17.50 17.53 17.77 17.89 17.90 18.18 18.43 18.68 19.06 19.65 20.32 20.86 21.37 21.89 22.37 22.67 22.54 22.53 22.35 22.25 22.05 21.77 21.33 21.02 20.97 20.90 20.55 20.27 19.91 19.78 19.75 19.50 19.27 18.82 19.24 19.50 19.29 19.36 19.36 19.53 19.55 19.68 19.90 20.04 20.13 20.21 20.40 20.50 20.63 20.82
17.80 18.00 17.94 18.13 18.00 18.00 18.00 17.89 17.90 17.67 17.65 17.35 17.23 17.17 17.22 17.26 17.28 17.24 17.28 17.47 17.31 17.34 17.42 17.64 17.76 17.89 17.82 17.97 18.00 18.04 18.24 18.40 18.60 18.63 18.79 19.22 19.82 20.43 20.94 21.38 21.68 21.96 22.09 22.04 22.11 22.10 22.07 21.98 21.78 21.53 21.22 21.09 21.00 20.86 20.70 20.40 20.32 20.14 19.91 19.49 19.09 19.46 19.84 19.79 19.77 19.73 19.82 19.89 20.05 20.35 20.50 20.55 20.67 20.87 21.11 21.28 21.38
18.71 17.93 18.01 18.37 18.04 17.94 17.85 17.99 17.94 17.92 17.83 17.48 17.45 17.41 17.53 17.54 17.51 17.51 17.45 17.43 17.87 17.94 17.88 17.88 18.03 18.11 18.14 18.31 18.42 18.48 18.81 19.06 19.06 18.93 19.05 19.52 19.96 20.57 20.89 21.26 21.51 21.73 21.75 21.81 22.04 22.03 22.00 21.88 21.90 21.83 21.59 21.34 21.21 21.24 21.06 20.81 20.56 20.32 20.04 19.75 19.54 19.79 20.15 20.14 20.06 20.03 20.18 20.26 20.40 20.71 20.82 20.94 21.11 21.45 21.63 21.82 21.86
19.22 18.41 18.21 19.03 19.12 18.65 18.56 18.21 18.06 17.98 18.01 17.83 17.75 17.74 17.78 17.76 17.77 17.79 17.78 17.70 18.15 18.45 18.25 18.25 18.42 18.49 18.58 18.72 18.93 19.07 19.29 19.49 19.52 19.57 19.70 19.84 20.08 20.60 20.90 21.12 21.40 21.65 21.79 21.88 22.02 22.11 22.13 21.88 22.00 21.86 21.78 21.51 21.38 21.27 21.25 21.01 20.77 20.49 20.16 19.96 19.78 19.90 20.37 20.38 20.30 20.44 20.68 20.83 20.99 21.13 21.33 21.35 21.57 22.00 22.17 22.24 22.36
19.67 19.00 18.33 18.89 19.32 18.80 18.45 18.06 17.89 17.96 18.10 18.10 18.03 18.00 18.01 17.98 17.98 18.05 18.04 17.98 18.14 18.36 18.48 18.53 18.79 18.88 19.06 19.37 19.59 19.80 19.98 20.25 20.27 20.26 20.39 20.37 20.47 20.67 20.84 20.96 21.26 21.50 21.67 21.82 21.88 21.98 21.98 22.05 22.13 21.99 21.93 21.74 21.59 21.55 21.46 21.17 20.96 20.73 20.38 20.14 19.94 19.92 20.32 20.57 20.53 20.77 21.23 21.44 21.51 21.54 21.69 21.85 22.10 22.45 22.62 22.71 22.95
19.86 19.94 18.80 18.68 19.28 18.72 18.64 18.26 18.27 18.20 18.35 18.45 18.34 18.11 18.25 18.16 18.16 18.25 18.26 18.27 18.41 18.49 18.75 19.10 19.12 19.29 19.43 19.76 20.09 20.30 20.46 20.94 21.00 21.02 20.91 20.76 20.80 20.87 20.98 21.02 21.16 21.21 21.44 21.66 21.79 21.88 21.97 22.02 22.14 22.19 22.04 21.93 21.83 21.81 21.80 21.51 21.18 20.95 20.70 20.36 20.15 19.96 20.11 20.71 20.77 21.24 21.68 21.80 21.83 21.99 22.25 22.56 22.78 23.00 23.07 23.37 23.52
19.90 18.98 18.68 18.40 18.62 18.96 18.68 18.47 18.49 18.54 18.57 18.56 18.54 18.51 18.46 18.30 18.32 18.42 18.46 18.52 18.80 19.04 19.01 19.30 19.54 19.71 19.78 20.14 20.49 20.58 20.87 21.28 21.57 21.87 21.47 21.04 20.82 20.93 20.92 20.87 20.89 20.99 21.19 21.45 21.60 21.74 21.91 21.98 22.11 22.25 22.23 22.10 22.10 22.04 21.99 21.81 21.46 21.20 20.98 20.58 20.31 20.29 20.38 20.65 21.10 21.45 21.88 22.17 22.43 22.46 22.62 23.14 23.41 23.36 23.55 23.97 24.15
19.74 19.66 19.48 19.08 18.70 19.02 18.82 18.92 18.73 18.82 18.96 18.92 18.79 19.07 18.89 18.69 18.74 18.80 18.78 18.93 19.20 19.40 19.52 19.67 19.87 19.93 20.24 20.54 20.82 20.94 21.14 21.37 21.74 22.08 21.58 21.02 20.63 20.66 20.63 20.70 20.80 20.91 21.10 21.30 21.51 21.73 21.89 22.14 22.24 22.37 22.44 22.48 22.48 22.44 22.36 22.09 21.91 21.66 21.13 20.80 20.58 20.56 20.65 20.99 21.41 21.65 22.11 22.66 22.99 22.96 23.27 23.48 23.64 23.82 24.09 24.54 24.73
20.09 20.03 19.88 19.68 19.02 19.12 19.09 19.16 19.14 19.12 19.05 18.86 18.75 18.94 19.09 18.94 18.99 19.08 19.08 19.23 19.46 19.79 19.94 20.01 20.23 20.42 20.66 20.80 20.99 21.00 20.98 20.99 21.13 21.23 21.09 20.67 20.33 20.30 20.25 20.39 20.53 20.73 20.97 21.09 21.34 21.62 21.90 22.19 22.42 22.52 22.71 22.88 22.89 22.85 22.80 22.61 22.28 22.01 21.60 21.26 20.87 20.78 21.07 21.41 21.88 22.29 22.52 23.22 23.32 23.68 24.01 24.04 24.37 24.58 24.79 25.24 25.44
20.43 20.17 19.87 19.39 19.45 19.02 19.20 19.46 19.49 19.29 19.22 19.25 19.10 19.29 19.45 19.22 19.21 19.26 19.38 19.59 19.77 20.15 20.17 20.27 20.40 20.64 20.80 20.88 20.87 20.80 20.68 20.56 20.53 20.48 20.33 19.94 19.81 19.86 19.83 20.02 20.27 20.48 20.59 20.87 21.21 21.60 22.00 22.28 22.59 22.83 23.00 23.14 23.30 23.36 23.33 23.20 22.81 22.56 22.16 21.80 21.28 20.96 21.46 21.97 22.59 23.02 23.30 23.87 24.27 24.34 24.52 24.93 25.22 25.45 25.64 25.96 26.09
20.24 20.25 19.99 19.91 19.83 19.63 19.32 19.90 19.86 19.67 19.68 19.74 19.68 19.64 19.59 19.59 19.62 19.67 19.73 19.87 19.94 20.20 20.32 20.45 20.54 20.62 20.53 20.59 20.72 20.52 20.24 19.98 19.88 19.63 19.44 19.19 19.10 19.17 19.35 19.61 19.91 20.20 20.50 20.79 21.21 21.71 22.23 22.59 22.90 23.24 23.42 23.59 23.72 23.85 23.84 23.81 23.62 23.28 22.97 22.54 22.05 21.94 22.13 22.76 23.33 23.79 24.23 24.64 25.15 25.25 25.05 25.53 25.75 25.88 26.13 26.55 26.58
20.83 20.55 20.63 20.44 20.02 19.87 19.73 20.31 20.25 20.03 19.99 20.03 20.01 19.99 19.87 19.85 20.04 20.11 20.06 20.08 20.31 20.33 20.33 20.29 20.45 20.59 20.58 20.52 20.38 20.11 19.79 19.45 19.18 18.79 18.47 18.34 18.34 18.50 18.82 19.10 19.46 19.92 20.41 20.83 21.37 21.89 22.43 22.86 23.30 23.59 23.83 24.07 24.26 24.49 24.60 24.46 24.31 24.11 23.93 23.72 23.30 23.11 23.33 23.87 24.18 24.55 24.98 25.62 26.02 25.38 25.84 26.15 26.45 26.73 26.94 27.20 27.12
20.88 21.19 21.00 21.02 20.83 20.29 20.08 20.21 20.21 20.46 20.50 20.47 20.48 20.50 20.38 20.37 20.61 20.54 20.41 20.40 20.73 20.60 20.53 20.52 20.51 20.67 20.53 20.42 20.24 19.88 19.53 19.04 18.58 18.14 17.75 17.55 17.60 17.91 18.37 18.79 19.34 19.90 20.43 20.92 21.57 22.07 22.67 23.13 23.51 23.93 24.23 24.59 24.88 25.21 25.34 25.29 25.33 25.17 24.97 24.84 24.47 24.51 24.61 24.87 25.22 25.48 25.92 26.54 26.85 26.99 26.84 27.07 27.35 27.64 27.94 28.16 27.90
21.70 21.84 21.48 21.47 21.35 20.97 20.58 20.59 20.67 20.93 21.04 21.04 20.94 20.88 20.89 20.85 20.91 20.92 20.78 20.79 20.99 21.13 20.94 20.78 20.80 20.73 20.53 20.34 20.10 19.63 19.22 18.68 18.19 17.66 17.14 16.89 17.14 17.57 18.03 18.63 19.25 19.92 20.52 21.04 21.67 22.29 22.88 23.43 23.95 24.40 24.86 25.26 25.70 26.03 26.19 26.33 26.42 26.37 26.14 25.70 25.60 25.70 25.81 26.17 26.42 26.61 26.85 27.31 27.71 26.89 26.86 27.13 27.35 27.20 27.76 27.74 27.27
22.44 22.15 21.46 21.58 21.39 21.34 21.15 21.29 21.01 21.08 21.20 21.28 21.19 21.10 21.08 21.09 21.06 21.15 21.26 21.45 21.48 21.46 21.22 21.09 20.98 20.75 20.57 20.32 19.99 19.49 19.01 18.58 18.07 17.50 16.99 16.80 17.02 17.51 17.94 18.58 19.39 19.99 20.59 21.24 21.88 22.68 23.36 23.97 24.57 25.11 25.61 26.12 26.60 27.05 27.23 27.52 27.68 27.68 27.29 27.05 26.92 27.15 27.18 27.47 27.55 27.62 27.98 27.71 26.94 26.35 26.15 26.50 26.71 26.92 27.13 27.35 27.37
22.60 22.35 22.06 22.17 21.83 21.69 21.97 21.86 21.63 21.49 21.60 21.72 21.60 21.69 21.65 21.56 21.53 21.46 21.63 21.77 21.78 21.61 21.48 21.31 21.22 21.00 20.76 20.48 20.16 19.56 19.01 18.63 18.16 17.78 17.45 17.09 17.24 17.66 18.09 18.76 19.52 20.24 20.87 21.65 22.43 23.22 23.99 24.63 25.34 25.95 26.49 27.09 27.65 28.12 28.46 28.71 28.94 28.91 28.88 28.68 28.64 28.75 28.98 29.01 28.60 28.45 28.06 27.00 27.05 27.16 27.32 27.60 27.85 28.00 28.18 28.32 28.48
22.49 22.51 22.15 22.30 22.34 22.43 22.45 22.29 22.07 21.81 21.85 22.00 22.02 22.07 22.07 22.04 22.04 21.86 21.81 22.02 22.03 21.95 21.87 21.64 21.46 21.30 21.06 20.76 20.36 19.89 19.47 19.07 18.65 18.26 17.90 17.61 17.69 18.13 18.54 19.08 19.73 20.48 21.23 22.21 23.02 23.86 24.64 25.31 26.12 26.70 27.37 28.17 28.78 29.37 29.86 30.19 30.18 30.22 29.65 28.85 28.15 27.78 27.71 27.78 27.52 27.90 27.86 28.06 28.26 28.36 28.63 28.99 29.25 29.23 29.46 29.59 29.70
23.39 22.97 22.72 22.62 22.37 22.58 22.69 22.42 22.36 22.09 22.16 22.11 22.31 22.43 22.53 22.61 22.62 22.47 22.47 22.47 22.43 22.35 22.18 22.01 21.87 21.71 21.51 21.22 20.77 20.34 19.96 19.66 19.29 18.86 18.51 18.30 18.38 18.79 19.16 19.77 20.46 21.15 21.90 22.85 23.62 24.42 25.17 25.99 26.74 27.50 28.29 29.17 29.86 30.74 31.31 31.54 31.16 29.59 29.20 29.13 29.16 29.18 29.13 28.97 28.97 29.25 29.34 29.35 29.45 29.69 29.83 30.01 30.24 30.35 30.56 30.71 30.90
23.49 23.38 23.21 23.19 22.77 22.81 22.86 22.90 22.96 22.97 22.85 22.61 23.03 23.10 23.08 23.29 23.16 22.91 22.97 23.06 22.93 22.77 22.66 22.53 22.40 22.21 22.03 21.74 21.34 20.83 20.45 20.16 19.87 19.54 19.26 19.09 19.23 19.58 19.97 20.58 21.28 22.00 22.70 23.61 24.45 25.13 25.86 26.74 27.61 28.50 29.35 30.22 31.12 32.00 32.61 32.38 31.21 30.93 30.76 30.66 30.62 30.65 30.59 30.42 30.34 30.49 30.52 30.62 30.64 30.75 30.83 31.08 31.28 31.49 31.72 31.88 32.07
23.91 24.09 23.67 23.69 23.79 23.56 23.43 23.41 23.45 23.47 23.24 23.09 23.55 23.57 23.50 23.60 23.53 23.39 23.29 23.44 23.42 23.31 23.22 23.12 23.00 22.80 22.58 22.33 21.88 21.41 21.14 20.80 20.53 20.33 20.15 19.99 20.13 20.45 20.94 21.61 22.31 22.87 23.52 24.33 25.25 25.93 26.83 27.67 28.63 29.56 30.48 31.50 32.38 32.57 32.57 32.85 32.96 32.67 32.31 31.98 31.99 31.89 31.79 31.72 31.61 31.64 31.79 31.76 31.77 31.80 32.03 32.27 32.45 32.64 32.84 33.02 33.23
24.08 24.09 23.95 24.29 24.41 23.96 23.91 23.92 23.95 23.88 23.69 23.78 23.92 23.96 23.97 23.98 23.97 23.95 23.81 23.94 23.93 23.83 23.72 23.74 23.67 23.45 23.26 22.96 22.49 22.18 21.99 21.66 21.46 21.28 21.17 21.08 21.18 21.48 21.98 22.71 23.32 23.81 24.37 25.12 25.99 26.90 27.72 28.66 29.63 30.57 31.37 31.73 31.41 31.97 33.00 33.95 33.87 33.69 33.38 33.28 33.20 33.05 33.08 33.09 32.97 32.84 32.99 33.06 33.04 33.10 33.34 33.53 33.63 33.72 33.72 33.84 34.04
23.81 24.07 24.26 24.62 24.87 24.55 24.37 24.37 24.45 24.44 24.42 24.32 24.27 24.44 24.43 24.47 24.51 24.56 24.55 24.53 24.54 24.43 24.35 24.33 24.32 24.14 23.94 23.69 23.32 23.08 22.96 22.68 22.49 22.40 22.33 22.27 22.37 22.71 23.03 23.68 24.21 24.68 25.35 26.14 27.01 27.88 28.70 28.89 28.87 29.23 30.09 31.03 31.97 32.89 33.74 34.35 34.49 34.40 34.27 34.20 34.04 33.85 33.97 34.01 33.76 33.69 33.76 33.84 33.82 33.86 33.84 33.95 34.10 34.29 34.50 34.70 34.93
23.83 24.17 24.48 24.49 24.64 24.70 24.71 24.64 24.65 24.75 24.59 24.70 24.75 24.86 24.97 25.04 25.10 25.15 25.13 25.16 25.18 25.15 25.09 25.02 24.96 24.93 24.74 24.54 24.29 24.16 24.05 23.83 23.67 23.58 23.63 23.59 23.73 23.91 24.17 24.75 25.18 25.78 26.46 27.15 27.86 28.42 27.97 28.39 29.24 30.13 31.04 31.95 32.85 33.70 34.43 34.94 35.20 35.25 35.20 35.08 34.98 34.87 34.77 34.70 34.67 34.65 34.67 34.72 34.78 34.86 34.97 35.10 35.25 35.43 35.64 35.83 36.05
24.06 24.35 24.66 24.54 24.77 24.92 24.98 24.91 24.81 24.97 25.17 25.36 25.41 25.58 25.63 25.74 25.81 25.83 25.83 25.90 25.88 25.88 25.86 25.82 25.80 25.83 25.65 25.42 25.23 25.22 25.17 24.99 24.87 24.85 24.86 24.96 25.02 25.08 25.26 25.77 26.36 26.82 27.44 27.52 27.37 27.76 28.55 29.39 30.23 31.09 31.97 32.83 33.66 34.44 35.08 35.57 35.88 36.02 36.06 36.03 35.98 35.92 35.86 35.82 35.81 35.81 35.83 35.88 35.94 36.02 36.12 36.26 36.41 36.58 36.76 36.96 37.17
23.94 24.23 24.47 24.60 24.90 25.16 25.21 25.23 25.32 25.50 25.67 25.87 25.99 26.23 26.34 26.38 26.39 26.45 26.44 26.52 26.59 26.62 26.68 26.72 26.72 26.77 26.64 26.38 26.23 26.23 26.18 26.05 26.04 26.10 25.99 26.06 26.11 26.18 26.41 26.86 27.44 27.82 27.74 27.56 28.04 28.81 29.60 30.40 31.23 32.05 32.87 33.67 34.45 35.16 35.76 36.23 36.56 36.76 36.87 36.92 36.93 36.93 36.92 36.90 36.90 36.93 36.97 37.01 37.08 37.16 37.28 37.41 37.55 37.71 37.88 38.07 38.28
23.84 24.13 24.49 24.78 25.15 25.32 25.46 25.55 25.81 25.99 26.29 26.56 26.73 26.90 27.03 27.14 27.09 27.19 27.28 27.34 27.42 27.53 27.66 27.66 27.60 27.61 27.56 27.36 27.29 27.24 27.13 27.24 27.29 27.24 26.94 27.05 27.09 27.22 27.57 28.00 28.57 28.03 27.82 28.46 29.17 29.91 30.68 31.46 32.23 33.02 33.79 34.54 35.24 35.90 36.48 36.93 37.27 37.52 37.66 37.79 37.85 37.90 37.94 37.95 37.99 38.03 38.08 38.13 38.21 38.30 38.41 38.55 38.68 38.83 39.00 39.19 39.38
24.01 24.37 24.71 25.04 25.45 25.62 26.00 26.48 26.58 26.89 27.24 27.58 27.65 27.83 27.93 27.97 27.98 28.12 28.24 28.30 28.37 28.49 28.63 28.59 28.52 28.47 28.41 28.41 28.35 28.26 28.28 28.16 28.25 27.91 27.82 27.90 28.02 28.27 28.49 28.23 28.28 28.36 28.98 29.64 30.34 31.04 31.77 32.52 33.26 34.00 34.72 35.42 36.07 36.68 37.23 37.67 38.02 38.28 38.50 38.65 38.78 38.87 38.93 39.00 39.05 39.10 39.16 39.23 39.32 39.43 39.54 39.67 39.80 39.95 40.12 40.30 40.49
24.30 24.57 24.91 25.33 25.79 26.17 26.58 27.07 27.28 27.77 28.01 28.31 28.50 28.59 28.68 28.81 28.96 29.07 29.26 29.34 29.39 29.45 29.54 29.58 29.52 29.48 29.37 29.30 29.24 29.21 29.27 29.25 29.13 28.76 28.87 28.58 28.17 28.12 28.22 28.56 29.06 29.62 30.22 30.84 31.52 32.20 32.89 33.60 34.30 34.99 35.68 36.32 36.93 37.51 38.03 38.46 38.81 39.11 39.34 39.54 39.69 39.82 39.93 40.02 40.09 40.16 40.24 40.32 40.42 40.54 40.66 40.78 40.93 41.08 41.24 41.42 41.61
24.61 24.71 25.33 25.84 26.36 26.78 27.16 27.54 28.00 28.48 28.72 28.98 29.23 29.46 29.59 29.64 29.87 30.12 30.40 30.55 30.47 30.48 30.53 30.65 30.49 30.44 30.29 30.24 30.19 30.27 30.24 30.10 29.81 29.25 28.45 28.43 28.74 29.07 29.46 29.88 30.38 30.90 31.47 32.07 32.72 33.36 34.02 34.69 35.36 36.02 36.66 37.27 37.84 38.38 38.86 39.30 39.67 39.97 40.22 40.44 40.62 40.78 40.91 41.03 41.12 41.22 41.31 41.41 41.52 41.64 41.77 41.90 42.05 42.21 42.37 42.55 42.72
25.52 25.80 26.18 26.56 27.04 27.50 28.00 28.39 28.90 29.33 29.62 29.84 30.15 30.41 30.53 30.54 30.86 31.25 31.51 31.49 31.45 31.64 31.69 31.63 31.36 31.32 31.37 31.29 31.13 31.32 31.22 30.73 29.55 29.35 29.56 29.79 30.08 30.45 30.82 31.23 31.70 32.19 32.74 33.30 33.92 34.54 35.17 35.80 36.44 37.06 37.66 38.23 38.78 39.28 39.75 40.19 40.56 40.88 41.14 41.36 41.57 41.74 41.91 42.04 42.16 42.27 42.39 42.49 42.60 42.73 42.87 43.02 43.17 43.33 43.49 43.66 43.83
