project/src/data/BOM_climate/monthly_mean_rainfall/rainsep.txt
ncols 886
nrows 691
xllcenter 112.0000
yllcenter -44.5000
cellsize 0.0500
nodata_value 99999.90
[rows 324 to 359 of 691, columns 648 to 728 of 886]
10.93 12.14 13.15 13.36 13.31 13.23 13.56 13.71 14.03 14.79 15.19 15.79 15.94 16.81 17.06 16.87 16.36 17.28 17.98 17.40 17.55 17.68 17.97 18.33 18.74 19.15 19.67 19.92 20.48 20.91 20.54 20.89 21.12 21.09 20.85 21.10 22.16 21.55 20.84 19.83 19.60 19.67 20.11 20.53 20.76 21.28 22.27 21.63 21.51 21.68 20.29 19.96 20.39 20.62 20.46 20.27 20.59 21.30 21.90 22.41 23.31 22.64 21.68 21.60 21.35 19.86 20.50 21.21 21.25 20.44 19.56 20.19 21.38 22.12 22.01 21.47 21.53 22.04 22.88 20.88 19.54
11.05 11.53 12.76 13.16 13.28 13.49 13.69 13.99 14.28 14.88 14.89 15.30 15.71 16.83 16.47 16.02 15.84 16.74 17.59 17.82 17.42 17.81 18.13 18.51 18.98 19.29 19.90 20.72 21.15 21.14 20.47 20.89 21.23 21.24 21.15 21.72 22.53 22.04 21.26 20.98 20.44 20.47 21.06 21.23 21.41 22.23 22.18 21.60 21.58 21.22 20.31 20.20 20.87 20.57 19.70 19.64 20.14 20.53 20.43 21.18 22.57 21.75 20.86 20.39 20.42 20.06 19.66 19.76 21.36 21.20 20.06 20.30 21.45 21.35 21.86 21.44 21.17 22.45 21.35 21.17 20.24
11.52 11.93 12.28 12.74 13.38 13.57 13.46 13.66 14.23 14.69 14.92 14.82 15.17 15.69 16.02 15.67 15.23 15.86 16.79 17.73 18.20 18.65 18.79 18.76 19.04 19.56 20.42 20.88 20.48 20.38 20.63 20.83 21.26 21.28 21.41 22.00 22.80 22.75 22.02 21.81 21.89 21.76 21.44 21.80 22.50 22.89 22.39 21.59 21.70 21.25 20.68 20.18 20.44 20.08 19.74 19.66 19.96 20.30 21.01 20.77 21.00 20.61 20.22 19.85 20.02 19.05 19.00 19.27 19.23 20.42 19.87 20.39 21.62 21.55 21.94 21.10 20.82 21.24 20.85 20.98 20.44
12.14 12.96 13.18 13.36 13.21 13.23 13.02 13.26 13.86 14.63 14.96 14.49 14.70 15.03 15.34 15.46 14.79 15.02 15.82 17.05 18.40 18.86 18.98 19.09 19.37 20.24 20.34 20.09 20.07 20.50 20.91 20.75 21.31 21.52 21.76 22.79 23.48 23.41 23.07 22.99 23.03 23.35 22.83 22.90 23.35 22.92 22.39 22.00 21.90 21.35 20.62 20.78 20.63 20.49 20.03 20.12 20.57 21.01 21.39 20.08 20.52 20.49 19.91 19.23 19.56 20.17 18.92 19.37 19.06 19.06 19.30 19.74 20.41 20.38 21.10 21.40 20.48 20.49 20.39 21.05 21.54
12.75 13.25 13.43 13.15 12.91 12.62 12.82 13.15 13.66 14.52 14.67 14.22 14.16 14.21 14.78 14.98 14.42 14.38 15.14 16.60 17.95 17.93 18.21 19.30 19.53 19.50 20.23 20.00 20.34 20.57 21.03 20.74 21.00 21.38 22.15 23.17 23.73 24.09 24.09 23.84 23.22 23.19 23.22 23.40 23.52 23.58 23.26 22.89 22.43 21.61 20.97 21.27 21.78 21.04 20.78 20.58 20.65 21.19 21.27 20.05 20.55 19.84 19.50 18.92 19.80 19.90 19.50 19.39 19.40 19.13 18.99 19.63 20.00 20.25 20.48 21.46 20.81 20.14 20.45 21.20 21.70
12.60 12.80 12.88 12.61 12.52 12.33 12.82 13.28 14.05 14.84 14.41 13.95 13.55 13.73 14.36 14.44 13.94 13.98 14.73 16.16 16.51 16.68 17.15 18.63 19.24 18.96 19.03 19.48 20.48 20.20 20.67 20.71 21.46 21.66 21.97 22.94 23.29 24.17 24.16 24.10 23.94 23.76 23.77 24.04 23.46 23.03 23.36 23.72 22.03 21.63 21.37 21.91 21.84 21.54 21.67 21.43 21.85 21.74 21.56 20.55 19.66 19.81 19.03 18.91 19.90 19.38 18.71 18.94 19.32 19.14 19.14 19.58 20.06 19.97 19.96 20.84 20.20 19.85 20.42 21.64 22.52
12.33 12.33 12.44 12.40 12.15 12.17 12.44 13.65 13.83 14.39 14.05 13.52 13.15 13.62 14.46 14.01 13.52 13.65 14.13 15.40 16.53 16.05 16.61 17.85 19.26 18.81 18.29 18.36 19.29 20.25 21.12 21.19 21.08 21.33 21.41 22.29 22.89 23.58 23.61 23.94 23.68 23.58 23.53 23.72 23.38 22.99 23.18 23.48 21.69 21.59 21.81 21.80 22.00 22.65 22.91 23.02 22.67 21.43 20.99 20.58 19.75 19.82 19.02 19.75 19.81 19.65 18.85 19.00 19.25 19.55 19.63 19.75 19.96 19.68 20.00 20.58 19.87 19.81 20.63 21.65 22.09
12.58 12.84 12.40 12.08 11.98 12.04 12.37 12.87 13.22 13.76 13.33 13.01 12.76 13.04 13.98 13.80 13.60 13.16 13.69 15.42 15.96 15.61 15.37 16.53 17.86 18.33 17.99 17.88 18.13 19.10 20.44 20.86 21.26 21.19 20.96 21.85 22.42 22.68 22.87 23.13 23.18 23.32 23.57 23.56 23.09 22.48 22.84 22.30 21.85 22.68 22.97 22.96 22.77 23.42 23.80 22.65 22.37 21.59 20.96 20.46 19.80 20.05 19.57 19.76 19.69 19.70 19.76 20.10 20.12 19.57 20.32 20.28 19.72 19.55 20.88 20.21 19.60 20.01 20.69 21.13 21.51
12.37 12.63 12.46 11.92 12.04 12.26 12.51 12.86 13.51 13.79 13.30 13.34 12.67 12.41 13.49 14.51 13.25 12.94 13.22 14.37 14.76 14.48 14.69 15.75 17.74 17.57 17.50 17.65 17.54 18.91 18.80 20.07 20.28 20.57 20.56 21.08 21.66 22.00 22.28 22.69 23.17 23.41 23.76 23.26 22.52 22.63 22.29 22.14 22.44 22.49 23.12 23.62 23.46 23.93 23.51 22.53 22.65 21.38 20.88 20.45 20.04 20.24 19.79 19.79 20.32 20.36 20.20 19.77 19.88 19.56 20.30 20.46 19.97 19.39 20.97 19.75 19.19 19.73 20.72 20.19 20.61
12.28 12.92 12.13 12.05 12.09 12.37 13.07 13.31 13.43 13.58 13.59 13.37 12.51 11.97 12.93 13.57 13.10 12.78 12.76 14.16 13.95 13.70 15.00 16.15 16.72 16.83 16.91 16.52 16.78 18.12 18.03 18.65 19.45 20.01 19.84 20.14 20.94 21.43 21.81 22.54 23.15 23.52 23.82 23.41 22.61 22.29 22.97 23.25 23.85 23.72 23.60 23.92 24.46 24.75 24.02 22.54 22.58 21.74 20.82 20.59 20.31 20.38 20.09 20.24 20.71 20.38 19.75 19.25 19.24 19.07 19.89 20.20 19.28 19.24 20.33 19.10 19.00 19.54 20.24 19.69 19.94
13.41 12.97 11.97 12.26 12.50 12.66 12.93 13.38 13.70 13.35 13.20 12.56 11.96 11.40 11.96 13.00 13.20 12.91 12.56 13.31 13.12 13.42 14.61 15.17 15.69 15.76 16.46 16.04 16.07 17.47 17.28 17.59 18.26 18.86 18.93 19.79 20.53 21.15 21.55 21.77 22.05 22.36 22.56 22.35 22.60 22.84 23.06 23.43 23.90 24.25 24.00 24.02 24.53 24.37 24.02 22.92 22.38 21.63 21.04 20.76 20.52 20.47 20.42 20.83 20.66 20.18 19.69 20.01 19.67 19.79 19.45 19.47 19.60 19.20 19.40 18.97 19.12 19.85 20.91 19.43 18.82
13.04 12.44 12.51 12.72 13.14 13.25 13.25 13.30 13.76 13.77 13.55 12.97 11.98 11.05 10.98 12.25 13.47 12.86 12.42 12.74 12.54 13.15 14.67 15.05 14.57 15.18 15.66 15.52 15.27 15.74 16.24 16.70 17.34 17.96 18.33 19.22 19.97 20.72 21.31 21.69 22.28 22.49 22.45 22.93 22.77 22.87 23.22 23.68 23.88 23.78 23.90 24.46 24.42 24.02 23.87 23.69 22.63 21.86 21.25 21.12 21.33 21.35 21.33 21.29 21.04 20.44 20.29 20.54 20.34 20.24 20.13 19.56 19.46 18.98 19.13 19.63 20.24 20.60 19.88 18.33 17.47
13.05 13.35 13.45 12.93 13.26 13.62 13.93 13.64 13.83 13.75 13.35 12.58 11.68 10.89 10.59 11.63 12.96 12.79 12.79 12.19 12.27 13.46 14.71 14.48 14.49 14.42 14.60 14.47 14.64 14.82 15.29 15.81 16.54 17.14 17.83 18.52 19.17 19.75 20.50 20.93 21.76 22.23 22.20 22.43 22.57 23.04 23.20 23.56 23.64 23.59 23.95 24.55 24.49 23.96 24.07 23.49 23.02 22.52 21.66 21.82 22.23 21.63 21.24 21.40 21.01 20.54 20.59 20.70 20.36 20.52 20.63 21.01 19.90 19.57 19.98 20.38 19.61 20.46 19.66 17.96 16.61
13.59 14.54 13.52 13.17 13.32 14.04 13.63 13.25 13.12 12.86 13.51 12.99 12.01 11.25 10.81 11.16 12.31 13.46 12.94 12.23 12.24 13.38 14.43 15.06 14.55 15.11 14.67 14.23 14.27 14.35 14.73 15.30 15.92 16.63 17.41 18.42 19.19 19.14 19.77 20.51 21.26 21.87 21.94 22.18 22.40 22.88 23.20 23.38 23.39 23.90 24.45 24.80 24.49 24.05 24.25 23.67 23.29 22.93 22.34 22.29 22.49 21.94 21.62 21.40 21.24 21.32 20.85 21.36 21.13 21.68 21.84 21.37 20.48 19.42 19.67 19.75 19.83 20.24 19.45 18.40 17.11
13.42 13.28 13.31 13.28 13.36 13.83 13.45 12.86 12.53 12.42 12.88 12.89 12.41 11.57 11.32 11.16 11.83 12.96 13.49 12.98 12.38 12.55 13.75 15.10 15.53 15.57 14.81 14.16 14.12 14.13 14.31 15.00 15.50 16.41 17.46 18.15 18.63 19.26 19.65 20.19 21.01 21.27 21.65 21.92 22.31 22.67 22.75 22.99 23.47 24.10 24.79 24.80 24.43 24.57 24.49 24.05 23.65 23.28 22.76 23.16 22.35 21.80 21.73 21.73 21.82 21.71 21.26 21.89 21.89 22.40 21.67 20.91 20.37 19.70 20.35 20.83 20.87 20.26 19.31 18.25 18.09
12.87 13.05 12.98 12.97 13.07 13.41 13.41 13.10 12.27 11.92 11.92 12.03 12.55 12.10 11.74 11.20 11.79 12.88 13.02 13.04 12.61 12.65 13.48 14.80 15.89 14.95 14.22 13.94 14.06 14.15 14.38 14.92 15.32 16.48 16.83 17.31 18.12 19.07 19.40 19.88 20.44 20.87 21.16 21.57 21.95 22.12 22.49 23.04 23.60 24.14 24.83 24.48 24.42 24.51 24.65 24.67 24.15 23.86 23.20 23.01 22.34 22.04 22.19 22.07 22.14 21.61 21.55 22.17 22.32 22.44 21.69 21.36 20.94 20.04 20.45 20.92 20.73 20.85 20.45 19.86 19.74
12.52 12.42 12.36 12.43 12.66 13.20 13.63 13.69 12.79 12.17 11.84 11.53 11.67 11.68 11.38 11.50 12.53 13.92 13.85 13.87 13.22 13.12 13.05 14.10 15.74 15.27 14.65 14.01 14.18 14.27 14.56 14.81 15.46 16.00 16.50 17.08 18.14 18.56 19.22 19.59 19.96 20.42 20.70 21.12 21.49 21.76 22.23 22.93 22.90 23.39 23.84 24.04 24.02 24.44 24.76 24.89 24.52 24.56 23.78 22.94 22.27 22.33 22.13 22.34 22.21 21.69 22.32 22.51 22.46 22.19 21.62 21.33 21.26 20.61 20.75 20.64 20.90 21.55 21.46 20.97 20.73
11.65 11.93 11.99 12.31 13.01 13.49 13.41 13.29 13.24 12.63 12.27 11.72 11.46 11.53 11.44 12.12 13.15 13.70 13.31 13.57 13.12 12.97 13.31 14.38 15.68 15.44 14.31 14.14 14.26 14.44 14.57 14.82 15.44 15.90 16.44 16.99 17.59 18.12 18.92 19.22 19.53 19.94 20.21 20.69 21.32 22.04 22.37 22.42 22.25 22.80 23.22 23.36 23.40 24.29 24.51 24.66 24.65 24.57 23.64 23.07 22.72 22.59 22.57 22.69 22.15 21.89 22.61 22.85 22.65 22.45 21.85 21.34 21.33 20.94 21.26 21.57 21.69 21.98 22.22 22.20 22.15
11.60 12.11 12.26 12.29 12.94 13.29 12.86 12.73 12.98 12.85 12.37 12.08 11.95 11.71 11.63 12.83 13.58 13.41 13.74 13.19 13.24 13.20 13.85 14.87 15.76 15.36 14.82 14.74 14.47 14.60 14.62 15.00 15.44 15.76 16.23 16.73 17.31 17.92 18.36 18.95 19.20 19.52 19.86 20.87 21.44 21.65 21.57 21.43 21.59 21.92 22.37 22.67 22.91 23.51 24.23 24.21 24.36 24.06 23.54 22.86 23.00 22.84 23.20 22.61 21.77 22.24 22.22 22.74 22.25 22.15 21.75 21.64 21.74 21.33 21.85 22.21 21.87 22.15 22.61 23.24 23.15
11.40 12.21 12.32 12.64 13.07 12.87 12.80 12.39 12.05 12.20 12.67 12.29 11.88 11.71 11.73 12.57 13.61 13.51 13.04 13.11 13.10 13.78 14.24 15.46 15.09 14.48 14.92 15.08 14.70 14.83 14.78 15.09 15.51 15.75 16.22 16.61 17.12 17.44 17.88 18.43 18.81 19.13 19.57 20.51 20.68 20.58 20.62 20.61 20.88 21.30 21.58 21.82 22.34 22.75 23.80 24.09 23.90 23.50 23.05 22.69 22.68 22.92 22.88 22.26 21.61 22.04 21.95 22.50 22.03 21.67 21.65 22.07 22.14 21.78 22.26 21.97 22.24 22.87 22.87 23.38 23.21
11.23 11.91 12.49 13.05 12.87 12.54 12.36 12.26 11.86 11.76 12.22 12.04 12.15 11.79 11.59 12.29 13.31 13.30 13.04 13.10 13.66 14.39 15.20 15.41 14.76 14.28 14.59 14.65 14.77 15.06 15.05 15.14 15.51 15.69 16.05 16.28 16.75 17.40 17.69 18.04 18.38 18.69 18.97 19.37 19.61 19.50 19.57 19.79 20.02 20.51 21.03 21.31 22.20 23.02 23.25 23.63 23.51 23.04 22.68 22.47 22.52 22.79 22.31 21.97 21.31 21.57 22.37 22.43 22.04 21.75 21.78 22.15 22.51 22.20 22.44 22.41 23.30 22.99 22.80 23.12 23.47
10.90 11.44 12.39 12.93 12.65 12.60 12.40 12.08 11.70 11.43 11.58 12.27 11.65 11.37 11.42 12.13 12.43 12.87 12.92 13.71 14.40 14.51 15.63 15.43 14.92 14.55 14.58 14.71 15.00 15.06 15.23 15.14 15.49 15.65 15.90 16.13 16.57 17.05 17.39 17.65 18.13 18.56 18.45 18.57 18.72 18.74 18.88 19.02 19.39 20.04 20.61 20.94 21.48 21.82 21.95 22.98 22.98 22.41 22.30 22.30 22.48 22.15 21.99 21.51 21.37 21.87 22.31 22.13 22.22 22.11 21.99 22.41 22.78 22.69 22.62 22.82 23.60 23.22 22.89 22.95 23.80
10.65 11.22 12.20 12.66 12.84 12.51 12.30 11.93 11.56 11.28 11.04 11.40 11.40 11.61 11.50 11.70 12.47 12.58 12.93 13.96 14.54 15.31 15.82 14.97 15.00 14.79 14.70 14.87 14.97 15.15 15.21 15.23 15.47 15.59 15.82 15.98 16.30 16.66 17.01 17.24 17.55 17.79 17.95 18.08 18.20 18.24 18.59 18.50 18.87 19.33 19.88 20.04 20.68 20.76 21.32 22.25 22.51 21.86 21.93 21.94 22.06 21.48 21.28 21.24 21.37 21.89 22.22 21.84 21.57 22.14 22.04 22.56 22.87 23.00 22.72 22.94 23.43 23.51 23.55 23.44 23.49
10.83 11.45 12.20 12.66 12.79 12.64 12.27 12.00 11.55 11.04 10.77 10.68 11.00 11.52 11.80 11.75 12.04 12.22 13.07 13.90 14.16 15.41 15.63 15.18 14.91 14.81 14.77 14.92 15.03 15.21 15.18 15.32 15.47 15.59 15.67 15.92 16.17 16.33 16.59 16.86 17.01 17.33 17.54 17.63 17.76 17.84 18.15 18.01 18.13 18.45 18.74 19.29 19.62 20.10 20.89 21.42 21.50 21.36 21.47 21.52 21.56 21.07 21.02 21.05 21.55 22.42 22.48 21.87 21.47 21.84 22.20 22.58 23.01 23.01 22.85 23.10 23.37 23.72 24.15 24.21 23.86
10.87 11.34 12.50 12.84 13.05 12.58 12.17 11.56 11.09 10.84 10.76 10.80 11.15 11.97 12.33 12.18 11.73 12.07 12.85 13.83 14.64 15.62 15.63 15.05 14.88 15.18 15.08 15.00 15.13 15.21 15.24 15.43 15.53 15.54 15.63 15.91 16.11 16.15 16.36 16.47 16.61 16.96 17.12 17.23 17.28 17.46 17.34 17.30 17.50 17.73 18.03 18.50 18.98 19.46 20.38 20.56 20.73 20.87 21.00 21.09 21.06 20.88 20.87 21.03 20.97 21.77 22.18 21.78 21.76 21.69 22.12 22.81 23.09 23.15 23.00 22.96 23.14 23.66 23.63 24.11 23.91
11.31 11.72 12.06 12.71 12.68 12.31 11.95 11.70 11.11 11.12 11.03 11.09 11.58 12.26 11.90 11.70 11.50 12.05 12.81 13.46 14.98 15.56 15.97 15.58 15.28 15.92 15.43 15.08 15.25 15.30 15.33 15.41 15.48 15.46 15.52 15.74 15.95 16.09 16.05 16.11 16.26 16.56 16.65 16.74 16.79 16.89 16.80 16.84 16.98 17.11 17.46 18.07 18.49 19.16 19.96 20.03 20.31 20.41 20.40 20.52 20.62 20.54 20.50 20.82 20.54 20.81 21.12 21.43 21.29 21.54 22.11 22.80 22.99 23.09 23.00 23.02 23.09 23.44 23.40 23.69 23.93
11.15 11.38 11.81 12.15 12.46 11.66 11.57 11.84 11.39 10.88 11.15 11.74 12.13 12.41 12.03 11.44 11.36 11.72 12.43 13.70 15.32 15.28 15.28 15.79 16.22 16.29 15.94 15.32 15.29 15.34 15.41 15.43 15.42 15.34 15.39 15.56 15.50 15.71 15.77 15.80 15.87 16.10 16.23 16.39 16.42 16.39 16.39 16.50 16.61 16.74 17.04 17.53 18.35 19.09 19.26 19.45 20.04 19.91 19.87 20.02 20.15 20.03 19.91 20.35 20.23 20.02 20.20 20.69 20.72 21.06 21.73 22.29 22.65 22.81 22.86 22.96 23.16 23.42 23.48 23.43 23.80
11.47 11.55 11.60 12.03 11.95 11.40 11.41 11.66 11.17 10.46 10.35 10.81 11.68 11.79 11.68 11.59 11.33 11.72 12.50 14.02 14.83 14.44 15.09 15.72 15.96 16.48 16.46 16.17 15.40 15.31 15.40 15.32 15.24 15.16 15.32 15.25 15.12 15.21 15.38 15.41 15.48 15.58 15.75 15.88 15.95 16.02 15.99 16.08 16.23 16.31 16.74 17.19 18.18 18.32 18.47 18.63 19.20 19.66 19.38 19.53 19.69 19.63 20.06 20.14 20.46 19.81 19.58 20.13 20.41 21.00 21.48 21.90 22.17 22.34 22.62 22.72 22.91 23.16 23.16 23.26 23.54
11.72 11.63 11.90 11.88 11.82 11.27 11.49 11.61 11.02 10.53 10.99 11.10 10.96 12.00 11.85 11.95 11.67 11.69 12.47 13.85 14.16 13.98 15.00 14.74 15.35 16.23 16.61 16.38 15.75 15.45 15.31 15.15 15.04 15.00 15.10 15.03 14.89 14.93 15.04 14.98 15.11 15.23 15.42 15.51 15.51 15.65 15.67 15.70 15.88 16.02 16.35 16.81 17.68 18.37 18.38 18.24 18.34 18.78 18.97 19.18 19.32 19.47 19.67 19.09 19.63 19.58 19.20 19.58 20.16 20.83 21.21 21.50 21.77 21.98 22.20 22.44 22.79 22.93 23.16 23.27 23.49
11.28 11.42 12.29 12.02 11.57 11.24 11.51 11.98 12.19 11.67 11.30 10.84 11.10 11.31 11.70 11.58 11.30 11.76 12.51 14.50 14.88 14.03 14.18 14.54 15.09 15.46 15.48 15.91 15.14 15.23 15.06 14.91 14.76 14.69 14.77 14.83 14.59 14.69 14.66 14.74 14.76 14.91 15.13 15.22 15.21 15.36 15.45 15.42 15.59 15.72 16.06 16.66 17.48 18.29 18.77 18.62 17.95 18.37 18.73 18.93 19.11 19.31 19.17 18.97 19.47 19.04 18.98 19.46 20.09 20.59 21.04 21.27 21.49 21.73 22.00 22.26 22.52 22.84 23.08 23.22 23.43
11.43 11.83 12.50 12.60 12.10 11.45 11.36 11.97 12.18 12.75 11.35 10.93 11.15 11.19 11.74 11.30 11.24 12.02 12.87 14.55 14.03 13.90 13.82 14.57 14.20 14.96 15.15 14.94 14.61 14.75 14.67 14.59 14.45 14.39 14.34 14.49 14.46 14.35 14.31 14.39 14.45 14.65 14.69 14.87 14.88 15.06 15.18 15.20 15.21 15.40 15.83 16.79 17.74 17.95 18.41 17.77 17.67 18.13 18.48 18.72 18.91 18.99 18.98 18.81 18.91 18.83 18.98 19.34 19.99 20.46 20.84 21.05 21.32 21.59 21.94 22.22 22.37 22.54 22.80 23.03 23.31
11.50 11.83 12.10 12.62 12.36 11.92 11.50 11.47 12.06 12.27 11.78 11.72 11.83 11.81 11.34 11.20 11.21 11.73 12.60 14.21 14.16 13.62 13.44 14.02 13.69 13.93 14.79 14.15 14.25 14.35 14.27 14.20 14.08 14.01 14.07 14.00 14.15 13.90 13.97 14.12 14.18 14.29 14.33 14.63 14.68 14.98 15.05 15.01 15.00 15.11 15.36 16.45 16.75 17.55 18.38 17.43 17.44 17.91 18.36 18.64 18.82 18.94 18.94 19.05 19.07 19.09 19.22 19.53 20.04 20.44 20.78 20.98 21.35 21.58 21.90 21.97 22.09 22.32 22.53 22.75 22.95
11.78 12.04 12.65 12.72 12.64 12.40 11.68 11.60 11.61 11.85 12.20 12.21 12.00 12.23 12.06 11.37 11.21 11.64 12.60 14.63 14.29 13.67 13.33 13.39 13.33 13.53 13.68 13.75 13.86 13.86 13.78 13.69 13.52 13.47 13.51 13.29 13.41 13.45 13.52 13.67 13.82 13.89 14.04 14.29 14.49 14.67 14.81 14.72 14.99 14.78 14.74 15.43 16.22 17.45 16.99 16.87 17.24 17.76 18.20 18.57 18.89 19.02 19.15 19.34 19.36 19.39 19.52 19.83 20.21 20.47 20.75 20.88 21.22 21.46 21.67 21.89 22.07 22.14 22.23 22.39 22.81
12.22 12.62 13.53 13.20 12.80 12.65 11.97 11.74 11.92 12.39 11.80 12.19 12.36 11.80 11.88 11.32 11.24 11.73 13.10 13.61 14.69 14.15 13.72 13.72 13.11 13.19 13.30 13.39 13.36 13.43 13.26 13.16 13.02 12.94 12.93 12.76 12.78 13.01 13.15 13.35 13.53 13.65 13.74 14.10 14.36 14.46 14.63 14.69 14.67 14.35 14.51 15.43 16.70 16.71 16.72 16.78 17.11 17.57 18.18 18.63 19.01 19.22 19.39 19.66 19.71 19.77 19.88 20.17 20.43 20.53 20.66 20.80 21.14 21.34 21.44 21.73 21.87 22.05 22.07 22.19 22.56
12.72 13.14 14.04 13.75 13.22 12.63 12.29 12.04 12.09 12.03 11.90 12.35 12.49 12.00 11.43 11.20 11.28 11.81 13.43 12.97 13.58 13.64 14.17 13.54 13.02 12.93 12.99 13.07 13.03 12.92 12.72 12.79 12.57 12.49 12.41 12.41 12.33 12.60 12.79 13.03 13.23 13.42 13.54 13.87 14.23 14.42 14.54 14.28 14.21 14.13 14.48 15.60 16.64 15.99 15.98 16.66 17.07 17.64 18.11 18.66 19.14 19.58 19.75 19.97 20.08 20.13 20.23 20.40 20.59 20.58 20.62 20.84 21.12 21.24 21.38 21.53 21.71 21.90 21.88 21.95 22.23
13.39 13.53 13.84 14.80 14.21 13.62 13.59 12.48 12.22 12.20 12.70 12.93 12.17 12.10 11.74 11.36 11.52 12.34 13.19 12.73 12.77 12.88 13.37 13.73 12.82 12.77 12.73 12.74 12.68 12.54 12.22 12.13 12.04 12.10 11.96 12.03 12.14 12.30 12.47 12.73 13.03 13.23 13.41 13.69 14.03 14.13 14.21 14.15 14.09 14.24 14.95 15.59 15.40 15.36 15.51 16.03 16.75 17.26 17.93 18.49 19.19 19.84 20.10 20.27 20.33 20.44 20.46 20.38 20.45 20.44 20.64 20.81 21.02 21.16 21.23 21.33 21.49 21.64 21.77 21.82 22.04
