project/src/data/BOM_climate/monthly_mean_rainfall/rainjan.txt
ncols 886
nrows 691
xllcenter 112.0000
yllcenter -44.5000
cellsize 0.0500
nodata_value 99999.90
[rows 442 to 475 of 691, columns 0 to 76 of 886]
7.72 7.74 7.75 7.77 7.80 7.83 7.85 7.86 7.88 7.91 7.95 7.98 8.01 8.03 8.05 8.08 8.12 8.17 8.21 8.24 8.28 8.32 8.37 8.41 8.46 8.52 8.58 8.64 8.69 8.73 8.78 8.82 8.87 8.91 8.98 9.04 9.10 9.16 9.23 9.31 9.40 9.50 9.61 9.72 9.83 9.92 10.02 10.13 10.25 10.36 10.49 10.61 10.73 10.87 11.01 11.14 11.27 11.42 11.57 11.71 11.85 11.99 12.13 12.26 12.38 12.50 12.60 12.74 12.88 13.05 13.30 13.52 13.69 13.77 13.75 13.76 14.30
7.80 7.81 7.82 7.85 7.87 7.90 7.92 7.93 7.95 7.98 8.03 8.05 8.08 8.10 8.12 8.15 8.19 8.24 8.27 8.31 8.35 8.39 8.43 8.48 8.53 8.58 8.64 8.70 8.76 8.80 8.84 8.88 8.93 8.97 9.04 9.09 9.15 9.22 9.28 9.36 9.45 9.55 9.64 9.74 9.85 9.94 10.04 10.15 10.26 10.37 10.49 10.61 10.72 10.85 11.00 11.12 11.25 11.40 11.55 11.68 11.82 11.96 12.09 12.22 12.36 12.48 12.57 12.69 12.85 13.01 13.22 13.46 13.62 13.76 13.76 13.69 14.00
7.87 7.88 7.89 7.92 7.92 7.94 7.97 8.00 8.01 8.04 8.09 8.12 8.13 8.17 8.19 8.21 8.25 8.29 8.32 8.35 8.39 8.43 8.47 8.52 8.57 8.62 8.68 8.75 8.79 8.84 8.88 8.92 8.96 9.02 9.07 9.13 9.19 9.25 9.31 9.39 9.48 9.57 9.65 9.75 9.85 9.94 10.04 10.14 10.24 10.35 10.47 10.57 10.69 10.82 10.96 11.08 11.21 11.36 11.50 11.65 11.78 11.92 12.06 12.20 12.33 12.45 12.56 12.70 12.84 13.00 13.20 13.41 13.59 13.71 13.80 13.77 13.96
7.95 7.96 7.97 7.98 7.99 8.02 8.04 8.07 8.10 8.13 8.16 8.20 8.22 8.24 8.27 8.29 8.32 8.36 8.40 8.43 8.46 8.50 8.54 8.58 8.64 8.69 8.75 8.81 8.87 8.90 8.94 8.99 9.03 9.08 9.14 9.19 9.25 9.31 9.38 9.45 9.52 9.61 9.69 9.78 9.89 9.98 10.05 10.15 10.26 10.35 10.46 10.57 10.68 10.79 10.94 11.05 11.18 11.34 11.48 11.61 11.76 11.90 12.02 12.16 12.32 12.44 12.55 12.69 12.83 12.99 13.18 13.40 13.56 13.67 13.79 13.82 13.82
8.02 8.04 8.05 8.06 8.07 8.09 8.12 8.14 8.18 8.20 8.24 8.27 8.30 8.32 8.35 8.37 8.40 8.44 8.47 8.50 8.54 8.57 8.61 8.65 8.70 8.76 8.82 8.88 8.94 8.97 9.01 9.06 9.10 9.14 9.20 9.26 9.31 9.38 9.45 9.51 9.58 9.65 9.73 9.82 9.91 10.00 10.07 10.16 10.26 10.36 10.45 10.57 10.66 10.78 10.91 11.03 11.15 11.30 11.45 11.57 11.72 11.86 11.99 12.13 12.28 12.41 12.54 12.70 12.82 12.97 13.16 13.36 13.52 13.64 13.72 13.78 13.78
8.10 8.11 8.13 8.14 8.15 8.17 8.20 8.22 8.25 8.28 8.32 8.35 8.38 8.40 8.43 8.45 8.48 8.52 8.55 8.58 8.61 8.64 8.68 8.72 8.77 8.82 8.88 8.94 9.00 9.04 9.08 9.12 9.16 9.20 9.26 9.33 9.38 9.44 9.50 9.56 9.63 9.69 9.77 9.85 9.94 10.01 10.10 10.17 10.26 10.36 10.46 10.55 10.65 10.76 10.88 11.00 11.13 11.27 11.41 11.54 11.68 11.81 11.95 12.08 12.24 12.38 12.52 12.65 12.79 12.95 13.10 13.28 13.43 13.58 13.65 13.71 13.81
8.17 8.19 8.20 8.22 8.23 8.25 8.28 8.29 8.32 8.36 8.39 8.43 8.46 8.48 8.51 8.53 8.56 8.60 8.63 8.66 8.69 8.72 8.75 8.79 8.83 8.88 8.95 9.01 9.06 9.10 9.14 9.18 9.23 9.27 9.33 9.39 9.44 9.50 9.55 9.61 9.67 9.74 9.81 9.88 9.96 10.03 10.11 10.18 10.26 10.35 10.44 10.53 10.64 10.73 10.86 10.97 11.10 11.24 11.37 11.50 11.63 11.76 11.90 12.05 12.20 12.34 12.47 12.62 12.76 12.87 13.05 13.20 13.34 13.48 13.57 13.70 13.87
8.24 8.26 8.28 8.30 8.31 8.33 8.35 8.37 8.39 8.43 8.47 8.51 8.54 8.56 8.59 8.62 8.64 8.68 8.71 8.74 8.77 8.80 8.83 8.87 8.90 8.95 9.01 9.07 9.12 9.17 9.20 9.24 9.29 9.33 9.39 9.44 9.50 9.55 9.61 9.65 9.71 9.78 9.84 9.91 9.97 10.04 10.11 10.19 10.26 10.35 10.43 10.52 10.62 10.72 10.83 10.94 11.07 11.20 11.33 11.46 11.58 11.72 11.85 12.00 12.15 12.30 12.42 12.57 12.69 12.82 12.96 13.10 13.23 13.36 13.48 13.63 13.78
8.32 8.34 8.36 8.38 8.39 8.41 8.43 8.44 8.47 8.51 8.54 8.59 8.62 8.64 8.67 8.70 8.72 8.76 8.79 8.82 8.85 8.88 8.91 8.94 8.98 9.02 9.07 9.13 9.18 9.22 9.27 9.31 9.36 9.39 9.44 9.50 9.55 9.60 9.65 9.70 9.76 9.81 9.86 9.93 9.99 10.06 10.12 10.19 10.27 10.34 10.42 10.51 10.60 10.69 10.80 10.90 11.02 11.14 11.28 11.41 11.54 11.67 11.81 11.95 12.10 12.24 12.39 12.51 12.64 12.77 12.89 13.03 13.17 13.25 13.40 13.62 13.75
0.00 8.41 8.44 8.46 8.47 8.49 8.51 8.52 8.54 8.58 8.62 8.66 8.69 8.72 8.74 8.77 8.81 8.83 8.87 8.90 8.93 8.96 8.99 9.02 9.05 9.09 9.14 9.19 9.24 9.29 9.33 9.37 9.42 9.45 9.50 9.55 9.60 9.66 9.70 9.75 9.79 9.85 9.89 9.95 10.02 10.07 10.14 10.20 10.27 10.34 10.41 10.50 10.59 10.68 10.77 10.86 10.97 11.09 11.21 11.35 11.48 11.62 11.75 11.88 12.04 12.18 12.33 12.48 12.61 12.74 12.86 12.99 13.09 13.23 13.41 13.57 13.75
0.00 0.00 8.52 8.55 8.56 8.57 8.59 8.61 8.62 8.66 8.70 8.73 8.76 8.80 8.82 8.85 8.88 8.91 8.94 8.98 9.01 9.04 9.07 9.10 9.13 9.16 9.20 9.25 9.30 9.35 9.40 9.44 9.48 9.51 9.55 9.61 9.66 9.70 9.75 9.79 9.83 9.88 9.92 9.97 10.04 10.10 10.15 10.21 10.28 10.33 10.40 10.49 10.57 10.65 10.74 10.82 10.92 11.04 11.15 11.28 11.42 11.55 11.68 11.83 11.98 12.12 12.29 12.43 12.58 12.72 12.85 12.97 13.11 13.28 13.41 13.57 13.81
0.00 0.00 0.00 8.62 8.64 8.66 8.68 8.68 8.70 8.72 8.76 8.80 8.83 8.87 8.90 8.92 8.95 8.98 9.02 9.06 9.10 9.12 9.15 9.18 9.21 9.24 9.28 9.32 9.37 9.42 9.46 9.50 9.55 9.58 9.61 9.67 9.72 9.76 9.80 9.84 9.87 9.92 9.96 10.01 10.06 10.12 10.16 10.22 10.29 10.34 10.40 10.48 10.55 10.63 10.71 10.79 10.87 10.98 11.09 11.20 11.36 11.51 11.63 11.79 11.94 12.08 12.25 12.42 12.58 12.74 12.92 13.04 13.19 13.44 13.61 13.73 13.90
0.00 0.00 0.00 0.00 0.00 8.75 8.76 8.76 8.77 8.80 8.84 8.88 8.92 8.95 8.98 9.00 9.02 9.06 9.09 9.13 9.17 9.21 9.23 9.27 9.29 9.32 9.36 9.40 9.44 9.49 9.53 9.56 9.61 9.64 9.68 9.73 9.78 9.81 9.85 9.89 9.92 9.96 9.99 10.03 10.08 10.13 10.18 10.23 10.29 10.34 10.40 10.47 10.53 10.60 10.67 10.75 10.83 10.92 11.02 11.14 11.29 11.43 11.58 11.72 11.86 12.03 12.19 12.37 12.58 12.75 12.95 13.11 13.33 13.63 13.68 13.86 14.03
0.00 0.00 0.00 0.00 0.00 8.83 8.84 8.85 8.86 8.88 8.92 8.96 8.99 9.03 9.06 9.08 9.11 9.14 9.17 9.22 9.26 9.28 9.32 9.34 9.36 9.40 9.44 9.47 9.52 9.56 9.59 9.63 9.67 9.71 9.74 9.78 9.82 9.87 9.91 9.93 9.96 10.00 10.02 10.06 10.11 10.15 10.19 10.24 10.29 10.34 10.40 10.45 10.51 10.58 10.63 10.71 10.78 10.86 10.95 11.06 11.19 11.35 11.49 11.63 11.78 11.94 12.11 12.32 12.53 12.74 12.99 13.17 13.35 13.71 13.78 13.97 14.20
0.00 0.00 0.00 0.00 0.00 0.00 8.93 8.92 8.94 8.97 9.00 9.04 9.08 9.10 9.14 9.17 9.19 9.21 9.25 9.29 9.33 9.37 9.40 9.41 9.43 9.47 9.51 9.54 9.58 9.62 9.66 9.69 9.73 9.77 9.80 9.83 9.88 9.92 9.96 9.99 10.01 10.03 10.06 10.09 10.13 10.17 10.21 10.25 10.29 10.34 10.39 10.44 10.50 10.55 10.61 10.66 10.73 10.79 10.89 10.98 11.10 11.24 11.38 11.53 11.69 11.86 12.04 12.22 12.47 12.71 12.96 13.21 13.41 13.77 14.06 14.02 14.24
0.00 0.00 0.00 0.00 0.00 0.00 0.00 9.00 9.02 9.05 9.08 9.11 9.16 9.18 9.21 9.25 9.27 9.29 9.33 9.37 9.40 9.45 9.47 9.49 9.51 9.54 9.57 9.61 9.64 9.68 9.72 9.75 9.79 9.83 9.85 9.89 9.94 9.97 10.01 10.04 10.05 10.08 10.10 10.12 10.16 10.20 10.23 10.27 10.30 10.33 10.37 10.43 10.48 10.53 10.58 10.62 10.67 10.74 10.81 10.90 11.01 11.13 11.27 11.43 11.57 11.75 11.93 12.12 12.38 12.63 12.92 13.19 13.41 13.76 14.09 14.15 14.32
0.00 0.00 0.00 0.00 0.00 0.00 0.00 0.00 9.11 9.13 9.17 9.20 9.23 9.26 9.29 9.32 9.35 9.38 9.41 9.45 9.49 9.52 9.55 9.58 9.59 9.62 9.65 9.68 9.72 9.75 9.78 9.82 9.85 9.88 9.92 9.96 9.99 10.04 10.07 10.08 10.10 10.12 10.14 10.17 10.20 10.22 10.26 10.29 10.31 10.33 10.36 10.40 10.46 10.50 10.54 10.58 10.62 10.67 10.74 10.81 10.91 11.03 11.16 11.29 11.46 11.62 11.80 12.02 12.26 12.51 12.83 13.11 13.35 13.69 14.09 14.38 14.39
0.00 0.00 0.00 0.00 0.00 0.00 0.00 0.00 0.00 0.00 9.26 9.28 9.31 9.35 9.38 9.41 9.44 9.47 9.49 9.54 9.57 9.60 9.64 9.66 9.68 9.71 9.73 9.76 9.80 9.82 9.85 9.88 9.91 9.96 9.99 10.03 10.07 10.10 10.12 10.13 10.16 10.17 10.19 10.22 10.24 10.26 10.28 10.30 10.32 10.34 10.35 10.38 10.43 10.46 10.49 10.53 10.56 10.60 10.65 10.71 10.79 10.91 11.01 11.16 11.32 11.47 11.66 11.87 12.12 12.37 12.69 12.97 13.26 13.64 14.05 14.39 14.39
0.00 0.00 0.00 0.00 0.00 0.00 0.00 0.00 0.00 0.00 9.34 9.37 9.39 9.43 9.46 9.49 9.53 9.55 9.58 9.62 9.65 9.69 9.72 9.75 9.77 9.79 9.81 9.84 9.88 9.89 9.92 9.95 9.98 10.03 10.07 10.10 10.14 10.17 10.18 10.19 10.21 10.23 10.25 10.27 10.27 10.30 10.31 10.33 10.34 10.35 10.34 10.37 10.40 10.42 10.45 10.46 10.49 10.52 10.56 10.60 10.68 10.76 10.87 11.00 11.13 11.30 11.49 11.70 11.94 12.19 12.50 12.81 13.12 13.45 13.90 14.24 14.32
0.00 0.00 0.00 0.00 0.00 0.00 0.00 0.00 0.00 0.00 0.00 9.45 9.47 9.51 9.54 9.58 9.62 9.64 9.67 9.70 9.73 9.77 9.80 9.83 9.86 9.88 9.89 9.93 9.95 9.97 10.00 10.03 10.06 10.10 10.14 10.17 10.21 10.23 10.25 10.26 10.28 10.30 10.31 10.32 10.33 10.34 10.35 10.36 10.37 10.36 10.36 10.37 10.38 10.39 10.39 10.40 10.42 10.43 10.46 10.50 10.55 10.63 10.71 10.83 10.97 11.11 11.29 11.49 11.73 11.99 12.30 12.63 12.97 13.30 13.78 14.12 14.31
0.00 0.00 0.00 0.00 0.00 0.00 0.00 0.00 0.00 0.00 0.00 0.00 9.56 9.59 9.63 9.67 9.71 9.73 9.77 9.79 9.82 9.85 9.88 9.91 9.94 9.96 9.98 10.00 10.03 10.05 10.07 10.11 10.15 10.19 10.22 10.26 10.29 10.31 10.33 10.34 10.36 10.37 10.38 10.39 10.39 10.39 10.40 10.40 10.40 10.39 10.38 10.38 10.37 10.36 10.36 10.35 10.35 10.36 10.36 10.38 10.42 10.48 10.56 10.65 10.76 10.91 11.07 11.27 11.51 11.77 12.10 12.42 12.77 13.12 13.57 14.02 14.26
0.00 0.00 0.00 0.00 0.00 0.00 0.00 0.00 0.00 0.00 0.00 0.00 0.00 9.68 9.72 9.76 9.80 9.83 9.86 9.88 9.90 9.93 9.97 9.99 10.02 10.05 10.06 10.09 10.11 10.12 10.15 10.19 10.23 10.27 10.31 10.34 10.37 10.39 10.42 10.43 10.44 10.44 10.45 10.45 10.46 10.46 10.45 10.44 10.43 10.42 10.41 10.39 10.38 10.35 10.33 10.31 10.29 10.28 10.26 10.26 10.27 10.31 10.36 10.44 10.56 10.67 10.82 11.02 11.27 11.53 11.85 12.20 12.55 12.95 13.44 14.00 14.20
0.00 0.00 0.00 0.00 0.00 0.00 0.00 0.00 0.00 0.00 0.00 0.00 0.00 0.00 0.00 9.85 9.89 9.92 9.95 9.98 10.00 10.02 10.05 10.07 10.10 10.13 10.15 10.17 10.18 10.20 10.23 10.27 10.31 10.35 10.39 10.43 10.45 10.48 10.50 10.52 10.52 10.52 10.53 10.53 10.53 10.52 10.51 10.49 10.48 10.45 10.43 10.41 10.38 10.34 10.30 10.27 10.23 10.18 10.15 10.13 10.11 10.13 10.17 10.22 10.31 10.41 10.56 10.74 10.98 11.25 11.57 11.92 12.31 12.75 13.24 13.82 14.08
0.00 0.00 0.00 0.00 0.00 0.00 0.00 0.00 0.00 0.00 0.00 0.00 0.00 0.00 0.00 9.94 9.98 10.01 10.04 10.07 10.10 10.12 10.14 10.16 10.19 10.21 10.24 10.26 10.27 10.28 10.32 10.35 10.40 10.43 10.47 10.51 10.54 10.57 10.59 10.61 10.61 10.62 10.62 10.61 10.60 10.58 10.57 10.56 10.52 10.50 10.47 10.44 10.40 10.35 10.29 10.23 10.17 10.10 10.04 9.99 9.95 9.94 9.94 9.98 10.05 10.13 10.26 10.42 10.66 10.89 11.22 11.57 12.00 12.46 12.99 13.48 13.89
0.00 0.00 0.00 0.00 0.00 0.00 0.00 0.00 0.00 0.00 0.00 0.00 0.00 0.00 0.00 0.00 10.07 10.11 10.14 10.16 10.19 10.22 10.23 10.25 10.28 10.30 10.33 10.35 10.36 10.38 10.41 10.44 10.48 10.52 10.55 10.60 10.63 10.65 10.68 10.70 10.70 10.72 10.71 10.70 10.69 10.66 10.64 10.62 10.59 10.56 10.52 10.48 10.43 10.36 10.28 10.21 10.12 10.03 9.93 9.84 9.78 9.75 9.73 9.74 9.77 9.84 9.94 10.09 10.28 10.53 10.82 11.18 11.62 12.06 12.59 13.11 13.47
0.00 0.00 0.00 0.00 0.00 0.00 0.00 0.00 0.00 0.00 0.00 0.00 0.00 0.00 0.00 0.00 0.00 10.16 10.19 10.22 10.25 10.27 10.29 10.31 10.33 10.36 10.39 10.41 10.42 10.45 10.47 10.50 10.54 10.58 10.61 10.65 10.68 10.71 10.73 10.75 10.77 10.78 10.78 10.76 10.75 10.74 10.71 10.68 10.64 10.61 10.57 10.52 10.45 10.36 10.27 10.17 10.07 9.95 9.84 9.71 9.63 9.55 9.51 9.48 9.50 9.52 9.59 9.71 9.88 10.10 10.39 10.72 11.14 11.69 12.22 12.81 13.37
0.00 0.00 0.00 0.00 0.00 0.00 0.00 0.00 0.00 0.00 0.00 0.00 0.00 0.00 0.00 0.00 0.00 0.00 10.28 10.31 10.34 10.36 10.38 10.40 10.41 10.45 10.47 10.49 10.52 10.54 10.57 10.60 10.62 10.67 10.70 10.73 10.78 10.80 10.82 10.85 10.86 10.87 10.88 10.85 10.85 10.84 10.81 10.78 10.74 10.69 10.65 10.58 10.51 10.42 10.31 10.20 10.07 9.93 9.79 9.63 9.50 9.41 9.32 9.27 9.24 9.21 9.24 9.32 9.45 9.66 9.91 10.21 10.66 11.27 11.71 12.36 13.20
0.00 0.00 0.00 0.00 0.00 0.00 0.00 0.00 0.00 0.00 0.00 0.00 0.00 0.00 0.00 0.00 0.00 0.00 0.00 0.00 10.43 10.45 10.48 10.50 10.52 10.54 10.57 10.60 10.62 10.65 10.68 10.70 10.73 10.77 10.81 10.84 10.88 10.90 10.93 10.95 10.96 10.98 10.98 10.97 10.96 10.95 10.93 10.90 10.86 10.80 10.75 10.68 10.59 10.50 10.38 10.27 10.11 9.96 9.78 9.62 9.46 9.32 9.19 9.09 9.00 8.93 8.90 8.92 9.02 9.17 9.40 9.69 10.15 10.65 11.19 11.81 12.73
0.00 0.00 0.00 0.00 0.00 0.00 0.00 0.00 0.00 0.00 0.00 0.00 0.00 0.00 0.00 0.00 0.00 0.00 0.00 0.00 10.52 10.56 10.58 10.60 10.62 10.64 10.67 10.70 10.72 10.76 10.78 10.81 10.84 10.87 10.91 10.95 10.99 11.02 11.04 11.05 11.07 11.08 11.08 11.08 11.07 11.08 11.06 11.03 10.99 10.93 10.88 10.80 10.71 10.62 10.51 10.38 10.22 10.05 9.87 9.68 9.48 9.29 9.12 8.97 8.82 8.68 8.57 8.55 8.61 8.73 8.92 9.20 9.54 9.93 10.56 11.34 12.20
0.00 0.00 0.00 0.00 0.00 0.00 0.00 0.00 0.00 0.00 0.00 0.00 0.00 0.00 0.00 0.00 0.00 0.00 0.00 0.00 0.00 10.65 10.67 10.69 10.72 10.75 10.77 10.80 10.84 10.86 10.90 10.92 10.95 10.98 11.02 11.06 11.10 11.13 11.15 11.17 11.19 11.19 11.19 11.19 11.20 11.20 11.19 11.16 11.12 11.08 11.03 10.96 10.88 10.78 10.67 10.55 10.41 10.24 10.07 9.86 9.76 9.58 9.22 8.96 8.71 8.50 8.32 8.23 8.26 8.33 8.56 8.79 9.12 9.54 10.20 11.03 11.58
0.00 0.00 0.00 0.00 0.00 0.00 0.00 0.00 0.00 0.00 0.00 0.00 0.00 0.00 0.00 0.00 0.00 0.00 0.00 0.00 0.00 0.00 10.77 10.79 10.82 10.85 10.87 10.91 10.94 10.97 11.00 11.03 11.06 11.09 11.13 11.17 11.21 11.24 11.27 11.29 11.31 11.31 11.31 11.32 11.32 11.33 11.32 11.30 11.27 11.23 11.19 11.14 11.07 10.99 10.89 10.77 10.66 10.53 10.38 10.18 10.00 10.57 9.56 9.09 8.74 8.44 8.14 7.97 7.96 8.06 8.27 8.58 8.87 9.34 10.23 10.78 11.15
0.00 0.00 0.00 0.00 0.00 0.00 0.00 0.00 0.00 0.00 0.00 0.00 0.00 0.00 0.00 0.00 0.00 0.00 0.00 0.00 0.00 0.00 0.00 10.90 10.92 10.95 10.98 11.01 11.06 11.09 11.11 11.15 11.17 11.20 11.25 11.28 11.33 11.35 11.38 11.41 11.43 11.44 11.44 11.45 11.46 11.47 11.47 11.45 11.43 11.40 11.36 11.32 11.27 11.21 11.14 11.06 10.99 10.91 10.78 10.61 10.44 10.70 10.08 9.36 8.90 8.47 8.09 7.81 7.79 7.94 8.15 8.48 8.84 9.44 9.78 10.19 10.74
0.00 0.00 0.00 0.00 0.00 0.00 0.00 0.00 0.00 0.00 0.00 0.00 0.00 0.00 0.00 0.00 0.00 0.00 0.00 0.00 0.00 0.00 0.00 0.00 0.00 11.06 11.09 11.13 11.16 11.20 11.23 11.26 11.29 11.33 11.36 11.41 11.44 11.46 11.50 11.52 11.56 11.56 11.57 11.60 11.60 11.62 11.61 11.61 11.59 11.56 11.54 11.52 11.50 11.46 11.42 11.40 11.37 11.32 11.24 11.11 11.53 11.26 10.79 9.91 9.29 8.71 8.24 7.92 7.86 7.97 8.20 8.70 9.20 9.48 9.86 10.23 10.74
0.00 0.00 0.00 0.00 0.00 0.00 0.00 0.00 0.00 0.00 0.00 0.00 0.00 0.00 0.00 0.00 0.00 0.00 0.00 0.00 0.00 0.00 0.00 0.00 0.00 11.17 11.19 11.24 11.28 11.32 11.35 11.38 11.40 11.45 11.48 11.53 11.57 11.58 11.62 11.65 11.68 11.70 11.71 11.74 11.76 11.77 11.78 11.77 11.76 11.75 11.74 11.73 11.72 11.72 11.74 11.74 11.75 11.77 11.72 11.63 11.89 12.01 11.44 10.60 9.86 9.19 8.56 8.14 8.15 8.38 8.89 9.30 9.70 9.88 10.18 10.68 11.08
