project/src/data/BOM_climate/monthly_mean_rainfall/rainjul.txt
ncols 886
nrows 691
xllcenter 112.0000
yllcenter -44.5000
cellsize 0.0500
nodata_value 99999.90
[rows 102 to 135 of 691, columns 385 to 461 of 886]
0.83 0.81 0.79 0.77 0.76 0.74 0.72 0.70 0.67 0.65 0.63 0.62 0.61 0.60 0.60 0.61 0.61 0.62 0.63 0.64 0.64 0.66 0.67 0.68 0.69 0.70 0.72 0.73 0.74 0.75 0.77 0.78 0.79 0.80 0.82 0.83 0.85 0.86 0.87 0.88 0.90 0.94 1.00 1.04 1.01 1.00 1.00 1.05 1.01 1.07 1.12 1.16 1.21 1.19 1.17 1.22 1.17 1.09 1.04 1.04 1.07 1.12 1.07 1.09 1.09 1.15 1.12 1.14 1.14 1.14 1.14 1.16 1.15 1.15 1.14 1.14 1.13
0.85 0.82 0.81 0.79 0.77 0.76 0.74 0.72 0.70 0.68 0.66 0.65 0.64 0.63 0.63 0.62 0.63 0.63 0.64 0.64 0.65 0.66 0.68 0.69 0.70 0.71 0.73 0.74 0.75 0.76 0.77 0.79 0.80 0.81 0.82 0.84 0.85 0.86 0.87 0.88 0.90 0.95 1.00 1.05 1.04 1.01 1.01 1.09 1.05 1.07 1.17 1.23 1.25 1.21 1.17 1.11 1.08 1.09 1.04 1.08 1.12 1.13 1.09 1.15 1.13 1.13 1.15 1.18 1.14 1.14 1.16 1.14 1.14 1.14 1.14 1.14 1.14
0.87 0.84 0.82 0.81 0.79 0.78 0.76 0.74 0.72 0.71 0.69 0.68 0.66 0.66 0.65 0.64 0.64 0.64 0.65 0.65 0.66 0.67 0.68 0.70 0.71 0.72 0.74 0.75 0.76 0.77 0.78 0.80 0.80 0.81 0.83 0.84 0.85 0.86 0.89 0.92 0.93 0.96 1.01 1.04 1.06 1.03 1.03 1.15 1.10 1.08 1.17 1.21 1.19 1.19 1.19 1.10 1.07 1.04 1.07 1.15 1.16 1.23 1.13 1.08 1.10 1.14 1.12 1.15 1.16 1.13 1.14 1.14 1.14 1.14 1.14 1.14 1.13
0.88 0.86 0.85 0.83 0.82 0.80 0.78 0.77 0.75 0.73 0.72 0.70 0.69 0.68 0.68 0.67 0.66 0.66 0.66 0.67 0.67 0.68 0.70 0.71 0.72 0.74 0.75 0.76 0.77 0.78 0.79 0.80 0.81 0.82 0.83 0.84 0.85 0.86 0.89 0.92 0.93 0.97 1.01 1.03 1.04 1.02 1.07 1.11 1.07 1.14 1.19 1.24 1.22 1.18 1.11 1.11 1.10 1.09 1.14 1.12 1.14 1.24 1.21 1.14 1.11 1.15 1.22 1.16 1.15 1.14 1.15 1.15 1.14 1.14 1.14 1.14 1.13
0.90 0.88 0.87 0.85 0.84 0.82 0.80 0.79 0.77 0.76 0.74 0.73 0.72 0.71 0.70 0.70 0.69 0.68 0.68 0.69 0.69 0.70 0.72 0.73 0.74 0.75 0.76 0.77 0.78 0.79 0.80 0.81 0.81 0.82 0.83 0.84 0.85 0.86 0.88 0.91 0.95 0.98 0.99 1.03 1.04 1.05 1.11 1.14 1.10 1.17 1.26 1.32 1.27 1.18 1.19 1.17 1.20 1.16 1.10 1.18 1.28 1.35 1.29 1.22 1.19 1.21 1.31 1.23 1.19 1.14 1.14 1.14 1.14 1.14 1.14 1.14 1.14
0.93 0.90 0.89 0.87 0.86 0.84 0.82 0.81 0.80 0.78 0.77 0.76 0.75 0.74 0.73 0.72 0.72 0.71 0.71 0.71 0.72 0.73 0.74 0.75 0.76 0.77 0.77 0.78 0.79 0.80 0.81 0.82 0.82 0.83 0.84 0.85 0.86 0.87 0.88 0.90 0.94 0.97 1.00 1.03 1.03 1.08 1.11 1.13 1.10 1.24 1.27 1.30 1.28 1.24 1.29 1.25 1.18 1.17 1.14 1.21 1.18 1.23 1.24 1.29 1.21 1.27 1.25 1.25 1.32 1.17 1.14 1.14 1.15 1.15 1.14 1.14 1.14
0.98 0.93 0.91 0.90 0.88 0.86 0.85 0.83 0.82 0.80 0.79 0.78 0.77 0.77 0.76 0.75 0.75 0.74 0.74 0.74 0.74 0.75 0.76 0.77 0.78 0.78 0.79 0.80 0.81 0.81 0.82 0.83 0.83 0.84 0.85 0.86 0.86 0.87 0.88 0.90 0.94 0.98 1.01 1.04 1.04 1.09 1.10 1.11 1.11 1.17 1.27 1.33 1.35 1.34 1.35 1.29 1.24 1.23 1.15 1.16 1.31 1.36 1.41 1.41 1.30 1.28 1.32 1.29 1.34 1.23 1.16 1.15 1.15 1.15 1.15 1.15 1.14
0.98 0.98 0.94 0.92 0.90 0.89 0.87 0.86 0.84 0.83 0.82 0.81 0.81 0.80 0.80 0.79 0.78 0.78 0.77 0.77 0.77 0.78 0.78 0.79 0.80 0.80 0.81 0.82 0.82 0.83 0.84 0.84 0.85 0.85 0.86 0.87 0.87 0.88 0.89 0.90 0.94 0.99 1.02 1.05 1.05 1.11 1.15 1.13 1.15 1.23 1.23 1.28 1.37 1.41 1.34 1.31 1.30 1.33 1.30 1.28 1.39 1.42 1.43 1.44 1.44 1.40 1.38 1.32 1.34 1.25 1.25 1.21 1.19 1.16 1.16 1.15 1.15
1.01 1.01 0.98 0.96 0.94 0.92 0.90 0.89 0.87 0.86 0.85 0.84 0.84 0.83 0.83 0.82 0.82 0.81 0.81 0.80 0.80 0.81 0.81 0.81 0.82 0.82 0.83 0.84 0.84 0.85 0.85 0.86 0.86 0.87 0.87 0.88 0.88 0.89 0.89 0.92 0.94 0.97 1.00 1.04 1.04 1.08 1.13 1.13 1.17 1.26 1.29 1.28 1.39 1.44 1.37 1.34 1.32 1.27 1.40 1.40 1.37 1.41 1.46 1.49 1.54 1.48 1.42 1.41 1.36 1.36 1.35 1.28 1.25 1.21 1.17 1.16 1.15
1.05 1.04 1.02 1.00 0.98 0.96 0.94 0.93 0.91 0.89 0.88 0.88 0.87 0.87 0.86 0.86 0.85 0.84 0.84 0.83 0.83 0.83 0.84 0.84 0.84 0.84 0.85 0.85 0.86 0.86 0.87 0.87 0.87 0.88 0.89 0.89 0.89 0.90 0.90 0.91 0.92 0.98 0.99 1.03 1.05 1.09 1.13 1.13 1.18 1.24 1.32 1.30 1.35 1.43 1.43 1.37 1.34 1.28 1.41 1.47 1.44 1.45 1.47 1.50 1.53 1.51 1.49 1.43 1.42 1.40 1.39 1.29 1.23 1.24 1.17 1.17 1.16
1.10 1.09 1.07 1.05 1.03 1.01 0.99 0.97 0.95 0.93 0.92 0.92 0.91 0.91 0.90 0.89 0.89 0.88 0.87 0.87 0.86 0.86 0.86 0.86 0.86 0.86 0.87 0.87 0.87 0.88 0.88 0.89 0.89 0.89 0.90 0.90 0.90 0.91 0.91 0.91 0.92 0.96 0.99 1.02 1.06 1.10 1.13 1.12 1.20 1.27 1.32 1.37 1.38 1.46 1.46 1.42 1.35 1.30 1.41 1.53 1.47 1.49 1.52 1.53 1.57 1.59 1.52 1.48 1.46 1.46 1.38 1.31 1.29 1.21 1.17 1.17 1.17
1.16 1.14 1.12 1.10 1.08 1.06 1.04 1.02 0.99 0.98 0.97 0.96 0.96 0.95 0.94 0.93 0.93 0.91 0.91 0.90 0.89 0.89 0.89 0.88 0.88 0.88 0.89 0.89 0.89 0.90 0.90 0.90 0.90 0.91 0.91 0.91 0.91 0.91 0.91 0.91 0.91 0.94 0.99 1.02 1.05 1.10 1.11 1.13 1.21 1.30 1.34 1.42 1.43 1.49 1.45 1.43 1.38 1.33 1.43 1.53 1.49 1.54 1.55 1.55 1.54 1.57 1.59 1.58 1.57 1.51 1.46 1.39 1.26 1.19 1.18 1.18 1.17
1.22 1.20 1.18 1.16 1.13 1.11 1.09 1.07 1.05 1.04 1.02 1.01 1.00 0.99 0.99 0.98 0.96 0.95 0.94 0.93 0.92 0.91 0.91 0.91 0.90 0.90 0.90 0.91 0.91 0.91 0.92 0.92 0.92 0.92 0.92 0.92 0.93 0.93 0.92 0.92 0.92 0.92 0.97 1.01 1.06 1.08 1.12 1.14 1.21 1.28 1.38 1.46 1.50 1.51 1.40 1.37 1.36 1.36 1.44 1.54 1.55 1.58 1.60 1.59 1.59 1.59 1.61 1.66 1.62 1.56 1.53 1.45 1.35 1.21 1.18 1.18 1.18
1.29 1.27 1.25 1.22 1.19 1.17 1.15 1.13 1.11 1.09 1.07 1.06 1.05 1.04 1.03 1.02 1.01 0.99 0.98 0.97 0.96 0.94 0.94 0.93 0.92 0.92 0.92 0.93 0.93 0.94 0.94 0.94 0.94 0.94 0.94 0.94 0.94 0.94 0.93 0.93 0.92 0.93 0.96 1.01 1.05 1.09 1.14 1.16 1.21 1.28 1.36 1.42 1.50 1.44 1.40 1.39 1.42 1.42 1.44 1.57 1.63 1.67 1.64 1.68 1.67 1.63 1.64 1.62 1.67 1.63 1.53 1.44 1.37 1.24 1.19 1.19 1.19
1.36 1.34 1.32 1.29 1.26 1.23 1.21 1.19 1.17 1.15 1.13 1.12 1.11 1.09 1.08 1.07 1.05 1.03 1.02 1.01 0.99 0.97 0.96 0.96 0.95 0.95 0.95 0.95 0.95 0.96 0.96 0.96 0.96 0.96 0.96 0.96 0.95 0.95 0.95 0.94 0.93 0.94 0.96 1.00 1.06 1.09 1.14 1.16 1.20 1.26 1.31 1.39 1.50 1.50 1.48 1.47 1.46 1.45 1.45 1.54 1.63 1.72 1.68 1.72 1.69 1.70 1.71 1.66 1.70 1.64 1.53 1.43 1.33 1.28 1.19 1.20 1.20
1.44 1.41 1.38 1.36 1.33 1.30 1.28 1.25 1.23 1.21 1.19 1.18 1.16 1.15 1.14 1.12 1.10 1.08 1.06 1.05 1.03 1.01 0.99 0.98 0.98 0.97 0.97 0.98 0.98 0.98 0.99 0.99 0.98 0.98 0.98 0.98 0.97 0.97 0.96 0.95 0.94 0.94 0.96 1.00 1.04 1.08 1.12 1.15 1.21 1.28 1.32 1.37 1.46 1.54 1.52 1.44 1.45 1.46 1.49 1.57 1.63 1.78 1.76 1.77 1.76 1.75 1.72 1.70 1.71 1.59 1.54 1.43 1.33 1.23 1.20 1.20 1.20
1.52 1.49 1.46 1.42 1.40 1.37 1.34 1.32 1.30 1.28 1.26 1.24 1.23 1.21 1.19 1.17 1.15 1.13 1.11 1.09 1.07 1.05 1.03 1.01 1.01 1.00 1.00 1.00 1.01 1.01 1.01 1.01 1.01 1.00 1.00 1.00 0.99 0.98 0.98 0.96 0.95 0.95 0.97 1.00 1.05 1.08 1.13 1.17 1.23 1.27 1.34 1.39 1.49 1.48 1.47 1.44 1.44 1.49 1.49 1.57 1.66 1.82 1.83 1.82 1.81 1.79 1.75 1.75 1.73 1.60 1.49 1.50 1.35 1.31 1.23 1.22 1.21
1.60 1.56 1.53 1.50 1.47 1.44 1.41 1.39 1.37 1.35 1.33 1.31 1.29 1.27 1.25 1.23 1.20 1.18 1.16 1.14 1.11 1.09 1.07 1.05 1.04 1.04 1.04 1.04 1.04 1.04 1.04 1.04 1.03 1.03 1.03 1.03 1.02 1.01 0.99 0.98 0.97 0.96 0.98 1.01 1.05 1.09 1.14 1.20 1.22 1.28 1.35 1.43 1.50 1.43 1.41 1.42 1.46 1.52 1.54 1.56 1.71 1.86 1.84 1.84 1.81 1.80 1.80 1.82 1.75 1.64 1.43 1.49 1.47 1.45 1.31 1.29 1.38
1.68 1.64 1.60 1.57 1.54 1.51 1.48 1.46 1.44 1.42 1.40 1.38 1.36 1.34 1.32 1.29 1.26 1.23 1.21 1.19 1.16 1.13 1.11 1.10 1.09 1.08 1.08 1.07 1.07 1.07 1.07 1.07 1.06 1.06 1.06 1.05 1.04 1.03 1.02 1.00 0.99 0.98 0.99 1.02 1.06 1.10 1.15 1.20 1.24 1.29 1.35 1.46 1.49 1.41 1.41 1.45 1.50 1.53 1.61 1.60 1.67 1.80 1.89 1.89 1.83 1.79 1.83 1.77 1.62 1.58 1.61 1.59 1.60 1.55 1.42 1.44 1.50
1.75 1.71 1.67 1.63 1.60 1.57 1.55 1.52 1.50 1.48 1.46 1.45 1.43 1.40 1.37 1.35 1.32 1.29 1.26 1.24 1.21 1.18 1.16 1.14 1.13 1.12 1.12 1.11 1.11 1.11 1.11 1.10 1.09 1.09 1.09 1.08 1.07 1.06 1.04 1.02 1.01 0.99 1.00 1.03 1.06 1.10 1.15 1.20 1.28 1.34 1.40 1.48 1.44 1.39 1.42 1.49 1.61 1.58 1.70 1.75 1.81 1.85 1.85 1.87 1.84 1.85 1.89 1.82 1.70 1.63 1.83 1.67 1.70 1.59 1.50 1.59 1.56
1.82 1.77 1.73 1.69 1.66 1.63 1.60 1.58 1.56 1.54 1.52 1.50 1.48 1.46 1.44 1.41 1.38 1.35 1.32 1.29 1.26 1.23 1.21 1.19 1.17 1.17 1.16 1.15 1.15 1.15 1.14 1.14 1.13 1.12 1.12 1.11 1.10 1.08 1.06 1.04 1.02 1.01 1.01 1.03 1.06 1.10 1.15 1.21 1.29 1.38 1.49 1.47 1.44 1.45 1.49 1.54 1.68 1.74 1.74 1.87 1.88 1.89 1.89 1.86 1.86 1.89 1.91 1.83 1.73 1.68 1.70 1.75 1.71 1.82 1.68 1.68 1.66
1.89 1.84 1.80 1.75 1.72 1.69 1.66 1.64 1.62 1.60 1.59 1.57 1.55 1.53 1.51 1.48 1.44 1.41 1.38 1.35 1.32 1.29 1.26 1.24 1.22 1.21 1.20 1.20 1.19 1.19 1.18 1.17 1.16 1.15 1.15 1.14 1.12 1.11 1.09 1.06 1.04 1.02 1.02 1.04 1.07 1.12 1.17 1.24 1.28 1.39 1.49 1.49 1.50 1.58 1.63 1.73 1.77 1.81 1.80 1.88 1.86 1.87 1.85 1.87 1.91 1.95 1.96 1.93 1.79 1.73 1.73 1.73 1.72 1.78 1.86 1.84 1.72
1.96 1.91 1.86 1.82 1.78 1.75 1.73 1.70 1.68 1.67 1.65 1.64 1.62 1.60 1.57 1.55 1.51 1.48 1.45 1.42 1.38 1.35 1.32 1.29 1.27 1.26 1.25 1.24 1.23 1.23 1.22 1.21 1.20 1.19 1.18 1.16 1.14 1.13 1.11 1.08 1.06 1.04 1.02 1.05 1.10 1.15 1.20 1.24 1.30 1.41 1.47 1.48 1.53 1.63 1.67 1.72 1.78 1.80 1.81 1.85 1.84 1.85 1.89 1.93 1.99 2.03 2.03 2.03 1.86 1.79 1.80 1.79 1.78 1.80 1.90 1.94 1.78
2.03 1.97 1.92 1.87 1.83 1.80 1.78 1.76 1.75 1.73 1.72 1.71 1.69 1.67 1.64 1.61 1.57 1.54 1.51 1.47 1.44 1.41 1.37 1.35 1.33 1.31 1.29 1.28 1.27 1.26 1.26 1.24 1.23 1.22 1.20 1.19 1.17 1.15 1.12 1.10 1.10 1.08 1.05 1.06 1.13 1.19 1.23 1.29 1.36 1.41 1.44 1.47 1.52 1.57 1.62 1.69 1.78 1.80 1.80 1.83 1.88 1.91 1.96 1.99 2.01 2.11 2.11 2.06 1.89 1.88 1.90 1.87 1.83 1.85 1.92 1.90 1.81
2.10 2.03 1.97 1.93 1.89 1.86 1.84 1.82 1.81 1.80 1.80 1.79 1.77 1.75 1.71 1.68 1.64 1.60 1.57 1.53 1.50 1.46 1.43 1.40 1.37 1.35 1.34 1.33 1.32 1.30 1.29 1.28 1.26 1.25 1.23 1.22 1.19 1.17 1.15 1.15 1.13 1.09 1.08 1.10 1.17 1.27 1.34 1.36 1.38 1.39 1.43 1.50 1.55 1.61 1.65 1.73 1.82 1.86 1.86 1.94 1.99 1.98 2.02 2.08 2.07 2.12 2.18 2.01 1.97 2.05 1.97 1.93 1.95 1.91 1.92 1.91 1.81
2.13 2.07 2.02 1.97 1.94 1.91 1.90 1.89 1.88 1.88 1.87 1.86 1.84 1.82 1.78 1.75 1.70 1.66 1.62 1.58 1.55 1.51 1.47 1.44 1.42 1.40 1.38 1.36 1.35 1.34 1.33 1.31 1.29 1.28 1.26 1.24 1.22 1.19 1.17 1.16 1.18 1.15 1.13 1.16 1.22 1.32 1.33 1.34 1.37 1.40 1.47 1.56 1.63 1.71 1.76 1.84 1.93 1.94 1.93 2.00 2.07 2.05 2.08 2.14 2.15 2.15 2.21 2.05 2.07 2.11 2.03 1.99 2.07 1.99 1.97 1.92 1.83
2.22 2.17 2.09 2.03 1.99 1.97 1.98 1.95 1.94 1.95 1.94 1.93 1.91 1.88 1.84 1.80 1.75 1.71 1.67 1.63 1.59 1.55 1.52 1.48 1.46 1.43 1.41 1.40 1.39 1.37 1.36 1.34 1.33 1.31 1.29 1.27 1.24 1.22 1.21 1.21 1.23 1.21 1.19 1.22 1.26 1.30 1.31 1.33 1.38 1.45 1.53 1.64 1.71 1.78 1.85 1.89 1.97 2.02 2.04 2.08 2.14 2.10 2.18 2.21 2.22 2.21 2.29 2.27 2.22 2.11 2.09 2.10 2.20 2.10 2.05 1.96 1.90
2.26 2.24 2.18 2.08 2.04 2.10 2.10 2.01 2.01 2.01 2.01 2.00 1.98 1.95 1.90 1.86 1.81 1.76 1.72 1.68 1.65 1.61 1.57 1.54 1.51 1.47 1.45 1.43 1.42 1.40 1.39 1.38 1.35 1.34 1.32 1.29 1.27 1.24 1.26 1.27 1.26 1.25 1.24 1.29 1.31 1.30 1.31 1.35 1.42 1.49 1.58 1.66 1.72 1.80 1.84 1.88 1.95 2.03 2.10 2.16 2.19 2.22 2.25 2.30 2.29 2.31 2.34 2.34 2.31 2.18 2.26 2.29 2.32 2.22 2.11 2.05 1.93
2.37 2.34 2.35 2.22 2.30 2.29 2.11 2.06 2.08 2.08 2.07 2.09 2.07 2.02 1.95 1.90 1.85 1.80 1.78 1.88 1.80 1.68 1.64 1.64 1.57 1.50 1.48 1.48 1.46 1.44 1.43 1.42 1.39 1.37 1.35 1.32 1.29 1.26 1.26 1.29 1.30 1.30 1.31 1.35 1.33 1.30 1.31 1.35 1.42 1.51 1.58 1.67 1.72 1.77 1.81 1.87 1.96 2.02 2.13 2.18 2.20 2.30 2.32 2.31 2.30 2.33 2.35 2.35 2.43 2.35 2.33 2.33 2.27 2.21 2.14 2.11 2.02
2.42 2.42 2.58 2.58 2.49 2.39 2.21 2.13 2.20 2.26 2.30 2.28 2.15 2.04 2.00 1.95 1.90 1.89 1.92 1.99 1.88 1.74 1.69 1.68 1.63 1.55 1.53 1.55 1.55 1.53 1.51 1.50 1.45 1.40 1.39 1.35 1.32 1.29 1.30 1.33 1.35 1.36 1.37 1.33 1.32 1.30 1.31 1.35 1.42 1.50 1.58 1.70 1.75 1.79 1.82 1.90 1.98 2.08 2.14 2.17 2.19 2.28 2.30 2.37 2.34 2.37 2.39 2.36 2.42 2.45 2.43 2.34 2.29 2.22 2.16 2.13 2.11
2.46 2.46 2.54 2.46 2.59 2.30 2.16 2.19 2.21 2.22 2.24 2.22 2.16 2.15 2.12 2.08 2.01 2.00 2.04 2.06 1.97 1.83 1.75 1.75 1.71 1.61 1.60 1.60 1.61 1.62 1.55 1.51 1.48 1.47 1.46 1.43 1.37 1.34 1.40 1.39 1.39 1.38 1.36 1.34 1.32 1.30 1.32 1.37 1.45 1.55 1.64 1.74 1.78 1.83 1.85 1.93 2.03 2.12 2.14 2.18 2.20 2.24 2.30 2.37 2.38 2.42 2.45 2.41 2.40 2.45 2.43 2.39 2.32 2.23 2.18 2.12 2.09
2.37 2.34 2.36 2.34 2.51 2.26 2.26 2.36 2.41 2.42 2.43 2.43 2.35 2.26 2.17 2.11 2.10 2.07 2.15 2.10 2.01 1.86 1.78 1.81 1.79 1.72 1.65 1.65 1.65 1.64 1.60 1.54 1.49 1.51 1.50 1.46 1.40 1.39 1.46 1.40 1.40 1.36 1.32 1.32 1.31 1.31 1.34 1.40 1.51 1.61 1.71 1.77 1.81 1.84 1.88 1.98 2.06 2.11 2.13 2.15 2.20 2.29 2.35 2.39 2.41 2.45 2.46 2.46 2.42 2.45 2.45 2.39 2.33 2.31 2.22 2.19 2.11
2.28 2.30 2.29 2.26 2.23 2.19 2.37 2.45 2.60 2.54 2.61 2.52 2.47 2.35 2.28 2.17 2.11 2.19 2.19 2.13 2.04 1.88 1.88 1.86 1.84 1.77 1.69 1.74 1.69 1.66 1.63 1.59 1.54 1.49 1.48 1.45 1.43 1.42 1.44 1.42 1.45 1.39 1.32 1.32 1.34 1.34 1.39 1.46 1.56 1.67 1.76 1.82 1.86 1.88 1.95 2.03 2.08 2.11 2.15 2.22 2.28 2.36 2.40 2.41 2.44 2.46 2.49 2.48 2.45 2.46 2.48 2.46 2.45 2.45 2.44 2.31 2.22
2.29 2.21 2.19 2.18 2.17 2.30 2.39 2.54 2.65 2.66 2.64 2.60 2.54 2.44 2.40 2.33 2.31 2.30 2.24 2.18 2.05 1.93 1.97 1.92 1.89 1.82 1.73 1.76 1.69 1.65 1.63 1.64 1.62 1.55 1.50 1.47 1.47 1.44 1.43 1.44 1.47 1.43 1.37 1.36 1.39 1.42 1.48 1.55 1.63 1.73 1.81 1.86 1.87 1.91 2.00 2.05 2.08 2.13 2.23 2.34 2.39 2.42 2.40 2.40 2.45 2.47 2.48 2.49 2.47 2.48 2.50 2.52 2.52 2.53 2.54 2.46 2.47
