project/src/data/BOM_climate/monthly_mean_rainfall/rainfeb.txt
ncols 886
nrows 691
xllcenter 112.0000
yllcenter -44.5000
cellsize 0.0500
nodata_value 99999.90
[rows 0 to 33 of 691, columns 539 to 615 of 886]
342.03 344.11 346.32 348.51 350.81 353.36 357.37 359.86 362.45 364.99 367.58 370.09 372.66 375.24 377.76 380.20 382.65 385.46 388.54 390.93 393.20 395.48 396.88 398.14 399.17 400.23 401.13 402.02 402.73 403.48 404.05 405.08 405.94 406.25 406.49 406.66 406.84 407.09 407.32 407.40 407.67 407.89 408.20 408.43 408.91 409.16 409.66 409.93 410.27 410.49 410.63 410.60 410.48 410.27 409.98 409.62 409.09 408.81 408.14 407.40 406.64 406.06 404.94 404.07 402.90 401.71 400.27 398.72 397.06 395.30 393.17 391.01 388.61 385.84 383.09 379.60 376.19
341.91 344.01 346.21 348.43 350.79 353.28 357.37 359.96 362.61 365.20 367.80 370.32 372.95 375.55 378.10 380.60 383.06 385.95 389.04 391.46 393.76 396.08 397.54 398.77 399.79 400.85 401.73 402.70 403.40 404.10 404.64 405.58 406.56 406.87 407.12 407.31 407.52 407.71 407.95 408.10 408.38 408.59 408.96 409.21 409.67 410.05 410.48 410.87 411.18 411.35 411.52 411.51 411.41 411.11 410.90 410.53 410.08 409.72 409.08 408.54 407.70 407.03 406.10 405.30 404.25 403.28 401.55 400.14 398.36 396.63 394.44 392.11 389.61 386.83 383.84 380.36 376.82
341.75 343.91 346.11 348.38 350.81 353.33 357.48 360.12 362.82 365.41 368.09 370.68 373.32 375.93 378.55 381.07 383.57 386.50 389.63 392.13 394.51 396.86 398.33 399.58 400.59 401.67 402.56 403.46 404.22 404.90 405.44 406.40 407.38 407.67 407.92 408.12 408.29 408.55 408.82 408.95 409.23 409.47 409.88 410.18 410.75 411.13 411.69 412.01 412.39 412.53 412.72 412.67 412.51 412.37 412.01 411.70 411.15 410.95 410.34 409.76 409.00 408.39 407.63 408.48 408.84 405.85 403.60 401.92 400.26 398.35 396.20 393.67 391.15 388.15 385.21 381.64 377.93
341.58 343.82 346.08 348.37 350.84 353.40 357.59 360.27 362.98 365.70 368.37 371.01 373.72 376.39 378.98 381.57 384.14 387.15 390.28 392.83 395.22 397.69 399.16 400.42 401.44 402.49 403.41 404.29 405.03 405.70 406.29 407.20 408.23 408.50 408.74 408.93 409.17 409.37 409.69 409.80 410.13 410.42 410.89 411.37 411.92 412.40 412.91 413.32 413.56 413.82 413.83 413.90 413.68 413.50 413.17 412.82 412.28 411.98 411.50 410.95 410.40 409.66 409.22 409.08 411.04 407.25 406.96 410.92 402.65 400.40 398.11 395.76 392.77 389.87 386.68 383.28 379.55
341.40 343.68 346.08 348.42 350.88 353.51 357.72 360.46 363.19 365.97 368.64 371.37 374.07 376.80 379.43 382.12 384.73 387.79 391.02 393.52 395.99 398.45 400.02 401.24 402.36 403.30 404.29 405.08 405.90 406.50 407.13 408.04 409.08 409.35 409.59 409.80 410.02 410.34 410.54 410.80 411.09 411.56 411.94 412.55 413.13 413.66 414.05 414.47 414.73 414.89 415.03 414.91 414.85 414.53 414.25 413.79 413.30 412.96 412.52 412.04 411.63 411.33 410.92 410.44 409.99 410.80 410.60 409.65 405.11 402.66 400.19 397.51 394.69 391.64 388.42 385.05 381.24
341.21 343.59 345.97 348.47 350.93 353.64 357.85 360.70 363.41 366.22 368.95 371.69 374.46 377.23 379.95 382.63 385.35 388.42 391.75 394.23 396.81 399.26 400.90 402.08 403.25 404.18 405.12 405.97 406.72 407.40 407.96 408.97 409.93 410.29 410.46 410.68 410.95 411.24 411.50 411.80 412.19 412.55 413.09 413.71 414.36 414.83 415.30 415.70 415.97 416.16 416.18 416.13 415.89 415.59 415.13 414.67 414.11 413.73 413.32 413.06 412.84 412.70 412.71 412.68 412.42 411.96 411.25 410.28 407.58 405.40 402.85 399.96 396.72 393.61 390.33 386.96 383.31
341.13 343.50 345.92 348.46 351.01 353.78 358.08 360.90 363.72 366.50 369.27 372.05 374.90 377.70 380.49 383.22 385.98 389.06 392.46 395.03 397.57 400.13 401.74 402.99 404.04 405.09 406.02 406.89 407.63 408.28 408.92 409.86 410.90 411.15 411.38 411.65 411.95 412.19 412.51 412.90 413.27 413.71 414.13 414.86 415.43 416.01 416.53 416.90 417.13 417.27 417.21 417.15 416.83 416.51 415.96 415.33 414.76 414.46 414.14 413.88 413.99 414.19 414.63 415.03 415.23 415.05 414.42 412.95 411.09 408.66 405.61 402.52 399.20 395.63 392.30 388.83 385.37
341.04 343.47 345.90 348.45 351.12 353.86 358.30 361.15 364.01 366.82 369.60 372.43 375.32 378.20 380.99 383.81 386.54 389.75 393.17 395.81 398.42 400.96 402.59 403.84 405.01 406.01 407.00 407.87 408.62 409.24 409.79 410.78 411.82 412.08 412.30 412.61 412.95 413.24 413.58 413.93 414.37 414.84 415.29 416.08 416.68 417.28 417.74 418.16 418.24 418.38 418.42 418.28 417.94 417.45 416.75 416.10 415.34 414.99 414.66 414.53 414.79 415.55 416.60 417.60 418.55 418.68 418.33 417.04 414.85 412.10 408.94 405.19 401.54 397.87 394.32 390.81 387.38
340.95 343.45 345.89 348.50 351.09 354.02 358.40 361.43 364.25 367.15 369.93 372.85 375.78 378.64 381.52 384.32 387.19 390.37 393.90 396.57 399.21 401.82 403.44 404.80 405.96 407.00 407.99 408.86 409.61 410.18 410.71 411.71 412.73 413.07 413.30 413.64 413.99 414.31 414.65 415.05 415.51 416.00 416.49 417.36 418.00 418.55 419.07 419.40 419.53 419.65 419.59 419.43 419.01 418.31 417.50 416.66 415.74 415.21 414.83 414.96 415.58 416.77 418.25 420.06 421.63 422.31 422.10 420.89 418.77 415.79 412.02 408.10 404.01 400.06 396.20 392.59 389.23
340.89 343.38 345.96 348.49 351.22 354.01 358.65 361.59 364.56 367.43 370.31 373.28 376.17 379.15 381.94 384.93 387.73 391.06 394.56 397.33 400.06 402.72 404.41 405.74 406.97 408.01 409.01 409.84 410.59 411.16 411.69 412.69 413.75 414.08 414.36 414.72 415.06 415.42 415.81 416.26 416.70 417.21 417.72 418.68 419.32 419.89 420.33 420.65 420.89 420.94 420.86 420.67 420.11 419.29 418.28 417.15 416.13 415.42 415.11 415.16 416.31 417.96 420.29 422.53 424.58 426.04 426.29 425.18 422.67 419.27 415.29 410.87 406.50 402.16 398.21 394.50 391.06
340.79 343.40 345.95 348.64 351.29 354.17 358.80 361.85 364.87 367.72 370.71 373.62 376.68 379.53 382.53 385.40 388.33 391.69 395.29 398.10 400.87 403.68 405.36 406.73 407.93 409.09 409.97 410.95 411.57 412.17 412.77 413.72 414.83 415.10 415.51 415.73 416.23 416.55 417.00 417.46 417.98 418.52 419.03 419.98 420.73 421.28 421.76 422.15 422.28 422.32 422.15 421.89 421.18 420.20 419.00 417.76 416.61 415.69 415.26 415.69 416.88 419.00 421.83 424.76 427.31 429.19 429.55 428.69 426.29 422.64 418.14 413.45 408.76 404.14 400.06 396.18 392.70
340.84 343.43 346.02 348.76 351.38 354.39 358.99 362.11 365.09 368.10 371.04 374.03 377.09 380.00 383.02 385.91 388.97 392.31 396.05 398.86 401.77 404.56 406.34 407.72 409.01 410.09 411.07 411.97 412.61 413.30 413.78 414.89 415.83 416.35 416.58 416.99 417.38 417.77 418.26 418.75 419.36 419.76 420.45 421.34 422.21 422.64 423.31 423.55 423.73 423.71 423.48 423.12 422.36 421.34 419.96 418.61 417.12 416.29 415.80 416.11 417.64 420.24 423.39 426.73 429.93 434.00 433.14 432.86 429.51 425.59 421.02 415.83 410.79 405.92 401.67 397.71 394.16
340.84 343.53 346.10 348.88 351.57 354.60 359.23 362.32 365.35 368.42 371.41 374.40 377.47 380.49 383.53 386.50 389.56 393.01 396.81 399.67 402.71 405.46 407.33 408.74 410.04 411.16 412.17 413.07 413.75 414.39 414.89 416.03 417.07 417.58 417.85 418.30 418.61 419.15 419.59 420.09 420.67 421.21 421.81 422.89 423.74 424.20 424.78 424.94 425.28 425.02 424.94 424.39 423.73 422.58 421.14 419.71 418.08 417.29 416.48 416.39 418.29 421.52 424.67 428.24 432.01 435.39 436.56 437.02 432.06 427.86 423.16 417.77 412.51 407.70 402.99 399.00 395.33
340.87 343.55 346.21 349.04 351.79 354.85 359.46 362.62 365.61 368.74 371.73 374.80 377.89 380.97 384.07 387.07 390.19 393.66 397.55 400.51 403.61 406.42 408.34 409.78 411.05 412.24 413.28 414.26 414.93 415.63 416.12 417.27 418.36 418.84 419.15 419.60 420.00 420.47 421.04 421.48 422.10 422.59 423.33 424.41 425.31 425.70 426.25 426.47 426.64 426.65 426.30 425.92 424.97 424.07 422.54 421.15 419.65 418.70 418.16 418.28 419.96 422.73 425.91 430.08 437.41 443.51 438.02 436.61 433.52 429.72 424.83 419.50 414.15 408.85 405.14 400.10 396.45
340.88 343.63 346.30 349.19 352.01 355.05 359.77 362.84 365.95 369.00 372.16 375.17 378.36 381.44 384.61 387.65 390.82 394.40 398.29 401.43 404.45 407.48 409.33 410.85 412.11 413.36 414.44 415.46 416.19 416.90 417.45 418.52 419.73 420.17 420.62 420.97 421.46 421.86 422.46 422.95 423.56 424.15 424.74 426.04 426.72 427.34 427.71 428.03 428.13 428.07 427.83 427.32 426.61 425.62 424.23 422.91 421.51 420.65 420.17 420.57 421.95 424.11 427.37 431.00 439.66 442.07 441.81 437.08 434.53 430.89 426.24 421.19 416.16 410.39 405.43 401.06 397.28
340.94 343.66 346.43 349.33 352.19 355.27 360.05 363.18 366.25 369.36 372.54 375.61 378.77 381.96 385.11 388.28 391.44 395.12 399.07 402.28 405.41 408.44 410.36 411.89 413.28 414.54 415.68 416.71 417.54 418.19 418.84 419.90 421.11 421.60 422.06 422.50 422.88 423.35 423.91 424.47 425.07 425.65 426.21 427.53 428.27 428.80 429.26 429.50 429.64 429.52 429.27 428.85 428.18 427.28 426.09 424.83 423.66 422.87 422.42 422.55 423.75 425.75 428.54 431.47 436.64 437.10 437.54 437.16 435.12 432.05 431.08 428.87 421.49 412.73 406.37 401.97 397.98
341.08 343.73 346.62 349.45 352.38 355.45 360.26 363.56 366.57 369.80 372.86 376.12 379.21 382.47 385.62 388.89 392.10 395.86 399.96 403.13 406.38 409.37 411.43 412.97 414.47 415.81 416.98 418.06 418.90 419.67 420.25 421.35 422.59 423.10 423.55 423.99 424.40 424.88 425.45 426.00 426.59 427.13 427.70 429.00 429.87 430.32 430.75 430.98 431.07 431.03 430.74 430.40 429.87 429.07 428.13 426.97 425.92 425.33 424.94 425.07 425.84 427.40 429.39 432.05 434.54 436.28 437.30 436.98 435.18 433.14 433.45 427.93 420.85 412.32 407.25 402.61 398.66
341.08 343.90 346.71 349.62 352.54 355.65 360.55 363.83 367.02 370.12 373.35 376.51 379.78 382.95 386.23 389.52 392.75 396.66 400.71 404.13 407.31 410.47 412.49 414.15 415.71 417.07 418.37 419.39 420.38 421.10 421.78 422.87 424.11 424.59 425.08 425.52 425.98 426.45 426.97 427.58 428.03 428.74 429.17 430.68 431.38 431.86 432.30 432.50 432.70 432.53 432.43 431.93 431.58 430.79 430.03 429.18 428.23 427.73 427.24 427.24 427.64 428.71 430.26 432.26 434.26 435.75 436.69 436.39 435.21 436.11 432.39 425.55 418.08 412.62 407.70 402.97 398.92
341.15 343.94 346.85 349.73 352.80 355.90 360.88 364.14 367.38 370.57 373.78 377.07 380.22 383.55 386.83 390.14 393.48 397.37 401.59 405.02 408.31 411.58 413.65 415.35 416.94 418.43 419.72 420.79 421.81 422.61 423.35 424.38 425.63 426.14 426.61 427.10 427.60 428.06 428.60 429.16 429.69 430.28 430.78 432.27 432.95 433.47 433.76 434.12 434.18 434.18 433.96 433.59 433.23 432.63 432.03 431.07 430.47 429.83 429.44 429.25 429.32 429.99 430.95 432.45 433.65 435.05 435.87 436.05 436.52 436.51 430.96 423.85 417.92 412.91 407.92 403.03 398.81
341.22 344.06 346.95 349.93 352.99 356.22 361.20 364.47 367.71 370.91 374.29 377.53 380.77 384.12 387.47 390.88 394.21 398.20 402.46 405.93 409.37 412.63 414.84 416.60 418.22 419.77 421.13 422.22 423.33 424.11 424.88 425.95 427.22 427.73 428.28 428.79 429.23 429.78 430.24 430.84 431.30 431.91 432.39 433.85 434.62 435.03 435.35 435.59 435.73 435.62 435.50 435.16 434.85 434.28 433.70 432.96 432.26 431.75 431.20 430.86 430.67 430.85 431.31 432.12 433.26 433.86 435.42 436.91 435.51 434.11 428.07 422.17 417.39 412.33 407.55 402.64 398.44
341.30 344.11 347.07 350.12 353.21 356.51 361.46 364.85 368.03 371.38 374.77 378.06 381.34 384.76 388.15 391.61 395.02 399.04 403.37 406.90 410.44 413.79 416.09 417.80 419.53 421.08 422.56 423.70 424.77 425.65 426.39 427.62 428.89 429.44 429.96 430.50 430.94 431.51 431.95 432.49 433.01 433.50 434.02 435.41 436.25 436.65 437.02 437.22 437.31 437.34 437.17 436.83 436.40 435.90 435.27 434.62 433.90 433.40 432.72 432.17 431.72 431.52 431.44 431.73 432.21 432.44 432.56 432.37 431.72 429.48 426.01 421.88 417.28 412.84 407.31 404.84 399.01
341.33 344.19 347.21 350.32 353.47 356.74 361.81 365.22 368.42 371.80 375.19 378.61 381.93 385.42 388.93 392.38 395.88 399.85 404.28 407.87 411.53 414.98 417.35 419.13 420.84 422.44 423.91 425.19 426.21 427.23 428.06 429.29 430.62 431.17 431.75 432.22 432.75 433.19 433.72 434.26 434.73 435.24 435.64 437.19 437.82 438.25 438.54 438.81 438.95 438.91 438.75 438.46 437.98 437.45 436.81 436.10 435.29 434.68 434.03 433.21 432.51 431.75 431.42 431.02 430.82 431.00 430.66 429.61 429.74 429.29 427.75 421.90 418.64 414.88 406.58 406.03 399.09
341.31 344.26 347.33 350.52 353.65 357.05 362.18 365.59 368.85 372.21 375.63 379.09 382.57 386.09 389.71 393.24 396.72 400.79 405.23 408.93 412.58 416.15 418.53 420.45 422.15 423.76 425.31 426.66 427.80 428.79 429.71 430.99 432.38 432.98 433.54 434.06 434.53 435.05 435.55 436.04 436.54 436.94 437.43 438.87 439.62 439.99 440.31 440.44 440.61 440.54 440.31 439.96 439.46 438.94 438.21 437.49 436.60 435.91 435.00 434.05 433.02 431.99 431.10 430.23 429.39 429.33 429.89 427.26 427.01 424.88 423.09 419.14 415.69 414.54 407.94 402.06 399.64
341.29 344.31 347.45 350.63 353.90 357.28 362.52 365.96 369.32 372.67 376.13 379.72 383.24 386.82 390.45 394.12 397.59 401.75 406.20 409.95 413.70 417.30 419.82 421.69 423.50 425.17 426.75 428.19 429.35 430.44 431.36 432.72 434.15 434.78 435.37 435.95 436.44 436.89 437.36 437.86 438.29 438.70 439.14 440.61 441.33 441.72 442.01 442.18 442.18 442.11 441.91 441.52 440.94 440.35 439.65 438.82 437.82 436.97 435.89 434.79 433.57 432.21 430.78 429.49 428.30 427.81 428.13 425.01 422.89 420.36 418.23 414.82 411.47 408.82 406.55 401.68 399.48
341.21 344.35 347.58 350.78 354.08 357.59 362.79 366.37 369.70 373.12 376.71 380.31 383.95 387.50 391.24 394.92 398.58 402.70 407.23 411.01 414.78 418.52 420.97 422.99 424.88 426.56 428.20 429.67 430.92 432.12 433.06 434.49 435.97 436.62 437.23 437.79 438.32 438.75 439.32 439.72 440.18 440.62 441.08 442.43 443.18 443.53 443.71 443.86 443.88 443.72 443.43 443.04 442.48 441.78 441.04 440.17 439.10 438.05 436.79 435.40 433.91 432.41 430.61 428.86 428.17 426.94 426.48 424.52 422.13 419.32 416.80 415.73 412.10 409.59 403.39 400.05 395.55
341.17 344.36 347.61 350.92 354.30 357.83 363.15 366.74 370.16 373.66 377.27 380.98 384.63 388.33 392.01 395.79 399.49 403.69 408.28 412.07 415.91 419.70 422.20 424.25 426.18 427.95 429.63 431.14 432.56 433.73 434.79 436.30 437.85 438.52 439.12 439.71 440.23 440.71 441.21 441.70 442.14 442.56 443.00 444.40 445.00 445.29 445.55 445.58 445.57 445.38 445.16 444.68 444.05 443.30 442.47 441.45 440.24 439.07 437.67 436.12 434.42 432.51 430.57 428.42 429.05 428.50 425.96 426.67 422.61 419.80 414.89 414.37 410.99 405.29 402.77 399.87 394.45
341.18 344.37 347.67 350.98 354.39 358.08 363.45 367.15 370.70 374.19 377.86 381.58 385.38 389.13 392.83 396.60 400.36 404.69 409.32 413.15 417.08 420.91 423.41 425.53 427.48 429.32 431.08 432.68 434.14 435.39 436.54 438.09 439.68 440.44 441.05 441.63 442.27 442.75 443.27 443.71 444.26 444.62 445.00 446.38 446.95 447.21 447.36 447.45 447.41 447.20 446.86 446.42 445.81 444.80 443.92 442.78 441.50 440.22 438.60 436.76 434.82 432.74 430.49 428.06 427.46 426.76 426.65 426.06 424.49 418.50 414.36 412.95 408.75 404.04 402.20 398.87 394.71
341.18 344.43 347.75 351.11 354.53 358.29 363.77 367.49 371.15 374.76 378.47 382.28 386.13 389.88 393.68 397.44 401.32 405.70 410.40 414.29 418.24 422.10 424.65 426.77 428.79 430.70 432.47 434.20 435.76 437.11 438.30 439.91 441.59 442.34 443.03 443.67 444.27 444.87 445.42 445.88 446.37 446.82 447.14 448.47 449.01 449.17 449.31 449.36 449.24 449.05 448.66 448.19 447.42 446.49 445.44 444.23 442.77 441.32 439.50 437.53 435.38 432.96 430.53 427.81 426.27 424.05 423.28 423.36 422.41 415.58 414.53 413.26 406.18 404.32 399.89 397.57 395.21
341.13 344.46 347.79 351.20 354.68 358.45 364.05 367.87 371.60 375.38 379.11 382.97 386.81 390.62 394.50 398.37 402.28 406.70 411.48 415.43 419.40 423.28 425.91 428.03 430.10 432.08 433.88 435.64 437.28 438.75 440.00 441.72 443.52 444.29 445.08 445.79 446.52 447.13 447.59 448.10 448.66 449.05 449.33 450.60 451.08 451.26 451.36 451.37 451.29 450.99 450.59 450.01 449.19 448.21 447.01 445.62 444.12 442.44 440.44 438.25 435.87 433.30 430.47 427.64 425.16 422.94 420.69 419.55 420.68 416.68 414.08 412.26 404.47 405.30 399.14 397.38 394.42
341.14 344.49 347.87 351.33 354.89 358.68 364.31 368.28 372.09 375.92 379.72 383.62 387.51 391.40 395.33 399.26 403.25 407.71 412.53 416.55 420.53 424.43 427.12 429.29 431.37 433.42 435.35 437.19 438.89 440.45 441.77 443.62 445.46 446.39 447.22 448.03 448.76 449.37 449.89 450.43 450.88 451.33 451.56 452.82 453.29 453.46 453.52 453.50 453.35 452.98 452.61 451.93 450.98 449.92 448.68 447.18 445.41 443.64 441.44 439.12 436.54 433.74 430.77 427.74 425.07 422.42 419.55 417.47 417.46 416.56 412.95 411.79 403.47 403.85 398.60 395.41 394.28
341.13 344.51 347.98 351.47 355.09 358.92 364.60 368.61 372.55 376.46 380.34 384.28 388.25 392.24 396.20 400.18 404.16 408.73 413.64 417.61 421.69 425.69 428.34 430.50 432.67 434.73 436.74 438.66 440.49 442.11 443.56 445.50 447.47 448.51 449.40 450.27 450.97 451.63 452.25 452.76 453.24 453.61 453.96 455.19 455.69 455.79 455.78 455.72 455.55 455.16 454.62 453.89 452.96 451.78 450.28 448.68 446.77 444.88 442.64 440.11 437.30 434.34 431.13 428.00 424.68 421.69 419.75 416.57 414.39 412.12 411.50 410.17 403.19 398.62 396.88 392.87 391.03
341.15 344.60 348.09 351.70 355.36 359.24 364.94 369.05 373.06 376.99 381.00 385.00 389.02 393.08 397.11 401.17 405.16 409.77 414.81 418.80 422.87 426.89 429.63 431.81 433.98 436.21 438.24 440.23 442.10 443.84 445.43 447.45 449.55 450.66 451.67 452.56 453.33 454.04 454.67 455.23 455.67 456.07 456.39 457.65 458.17 458.26 458.24 458.14 457.92 457.43 456.81 456.00 454.92 453.61 452.12 450.34 448.33 446.26 443.78 441.10 438.18 435.05 431.63 428.14 424.28 421.08 417.91 414.33 411.35 409.80 408.86 406.46 401.40 397.30 393.59 391.61 388.94
341.69 345.22 348.80 352.47 356.22 360.16 365.97 370.10 374.19 378.23 382.27 386.31 390.46 394.58 398.67 402.72 406.83 411.53 416.55 420.59 424.62 428.66 431.47 433.77 435.95 438.17 440.31 442.37 444.36 446.27 447.91 449.96 452.00 453.25 454.39 455.33 456.19 456.95 457.64 458.18 458.69 459.16 459.44 460.90 461.38 461.37 461.28 461.10 460.74 460.22 459.53 458.46 457.33 455.87 454.21 452.26 450.12 447.75 445.07 442.23 439.12 435.52 432.13 428.59 424.69 420.76 416.70 414.62 411.58 408.02 403.79 399.89 398.60 396.04 391.85 390.39 387.53
341.75 345.31 348.91 352.67 356.45 360.43 366.35 370.51 374.62 378.68 382.84 386.98 391.14 395.38 399.54 403.59 407.70 412.54 417.62 421.66 425.75 429.84 432.71 435.09 437.29 439.57 441.75 443.83 445.95 447.89 449.68 451.80 453.97 455.36 456.56 457.67 458.54 459.42 460.11 460.69 461.27 461.70 462.14 463.50 464.04 463.99 463.95 463.68 463.25 462.69 461.86 460.79 459.48 458.02 456.21 454.23 451.94 449.45 446.59 443.48 440.15 436.57 433.03 429.59 425.92 420.79 416.49 412.71 409.03 403.81 399.82 395.81 393.26 392.83 392.22 390.35 383.39
