project/src/data/BOM_climate/monthly_mean_rainfall/rainoct.txt
ncols 886
nrows 691
xllcenter 112.0000
yllcenter -44.5000
cellsize 0.0500
nodata_value 99999.90
[rows 210 to 244 of 691, columns 316 to 394 of 886]
10.70 11.03 11.22 11.31 11.50 11.96 12.37 12.23 12.36 12.67 12.96 12.94 13.01 13.18 13.43 13.69 13.97 14.31 14.70 15.32 15.69 15.87 15.90 16.00 16.17 16.40 16.63 16.85 16.97 17.06 17.09 17.25 17.36 17.53 17.81 18.11 18.29 18.20 18.17 18.24 18.32 18.52 18.45 18.37 17.98 17.59 17.29 17.00 16.76 16.59 16.33 16.16 16.08 15.90 15.89 15.88 15.80 15.75 15.90 16.05 16.03 16.24 16.34 16.30 16.06 16.03 16.14 16.28 16.48 16.66 16.74 16.79 16.77 16.79 16.90 16.68 16.53 16.42 16.36
10.69 11.05 10.93 11.03 11.40 11.94 12.18 12.42 12.34 12.44 12.76 13.08 12.95 13.13 13.53 14.16 14.32 14.74 15.07 15.31 15.28 15.41 15.62 15.88 16.12 16.34 16.51 16.71 16.85 16.93 17.08 17.15 17.26 17.41 17.76 17.92 18.02 18.06 18.11 18.18 18.28 18.41 18.54 18.54 18.04 17.63 17.31 17.00 16.78 16.59 16.33 16.18 16.08 15.93 16.02 15.96 15.81 15.65 15.72 15.98 15.97 15.95 16.14 16.36 16.03 15.93 15.97 16.09 16.25 16.35 16.44 16.60 16.73 16.75 16.78 16.56 16.53 16.41 16.40
10.48 10.99 10.80 10.94 11.16 11.57 11.84 12.23 12.22 12.26 12.48 12.75 12.87 13.08 13.55 14.16 14.48 14.67 14.98 14.99 15.01 15.11 15.36 15.64 15.89 16.22 16.46 16.66 16.85 16.83 16.97 17.05 17.12 17.28 17.71 18.02 17.93 17.97 17.98 18.04 18.06 18.13 18.19 18.18 18.09 17.71 17.38 17.07 16.74 16.57 16.34 16.09 15.98 15.89 16.02 16.03 15.82 15.61 15.66 15.90 16.05 15.99 16.00 16.29 16.02 15.85 15.79 15.86 15.93 16.01 16.11 16.25 16.45 16.66 16.71 16.54 16.61 16.45 16.43
10.43 10.83 10.70 10.85 11.04 11.29 11.65 11.91 11.93 12.11 12.34 12.61 12.85 13.05 13.64 14.03 14.10 14.39 14.76 14.92 14.96 14.97 15.29 15.51 15.75 15.98 16.19 16.40 16.54 16.59 16.78 16.82 16.91 17.12 17.52 17.89 17.85 17.82 17.82 17.78 17.74 17.84 17.99 18.08 17.96 17.73 17.42 17.14 16.75 16.44 16.16 15.88 15.64 15.60 15.77 15.91 15.89 15.74 15.71 15.92 16.12 16.18 16.26 16.24 16.17 15.96 15.73 15.71 15.75 15.79 15.90 16.09 16.26 16.53 16.76 16.60 16.59 16.41 16.29
10.34 10.50 10.60 10.79 11.02 11.22 11.47 11.67 11.89 12.07 12.34 12.78 12.97 13.06 13.39 13.70 14.13 14.38 14.50 14.71 14.63 14.74 14.94 15.27 15.55 15.70 15.90 16.10 16.21 16.27 16.47 16.59 16.67 16.97 17.37 17.69 17.76 17.74 17.57 17.47 17.45 17.57 17.65 17.62 17.62 17.49 17.14 16.99 16.79 16.37 15.91 15.57 15.40 15.42 15.56 15.72 15.83 15.75 15.77 15.87 15.89 15.91 16.09 16.04 16.11 15.91 15.71 15.64 15.64 15.69 15.77 15.90 16.13 16.36 16.50 16.63 16.67 16.41 16.19
10.18 10.41 10.65 10.88 11.13 11.29 11.46 11.65 11.87 12.10 12.42 12.87 13.01 13.10 13.41 13.91 13.95 14.01 14.05 14.23 14.36 14.49 14.71 15.00 15.23 15.47 15.76 15.91 15.97 16.04 16.16 16.28 16.44 16.73 17.12 17.33 17.39 17.48 17.35 17.18 17.13 17.16 17.18 17.17 17.19 16.95 16.77 16.71 16.57 16.16 15.75 15.41 15.21 15.15 15.24 15.40 15.41 15.39 15.49 15.55 15.48 15.54 15.63 15.63 15.72 15.79 15.75 15.69 15.61 15.60 15.64 15.70 15.86 15.99 16.13 16.33 16.50 16.30 16.09
10.21 10.42 10.65 11.03 11.35 11.42 11.63 11.83 12.19 12.39 12.55 12.87 13.02 13.23 13.55 13.76 13.78 13.87 13.92 14.04 14.14 14.32 14.53 14.74 15.04 15.33 15.67 15.90 16.00 16.01 16.00 16.09 16.21 16.42 16.66 16.84 16.91 17.00 16.95 16.86 16.85 16.80 16.76 16.78 16.77 16.56 16.41 16.42 16.40 15.98 15.58 15.31 15.14 15.05 15.11 15.09 15.09 15.10 15.19 15.24 15.22 15.26 15.35 15.35 15.40 15.42 15.54 15.78 15.72 15.55 15.57 15.60 15.68 15.82 15.98 16.11 16.38 16.33 16.08
10.42 10.60 10.83 11.24 11.58 11.55 11.76 12.12 12.30 12.73 12.72 12.94 13.14 13.35 13.73 13.71 13.66 13.73 13.90 13.86 13.96 14.15 14.35 14.56 14.88 15.22 15.57 16.03 16.19 16.19 16.04 15.96 16.05 16.16 16.31 16.47 16.55 16.58 16.58 16.60 16.59 16.50 16.45 16.51 16.46 16.24 16.11 16.16 16.05 15.83 15.42 15.20 15.06 14.97 14.97 14.93 14.93 14.93 14.97 15.00 15.05 15.12 15.17 15.21 15.23 15.28 15.39 15.53 15.67 15.51 15.48 15.51 15.64 15.86 16.07 16.09 16.23 16.24 16.12
10.84 11.01 11.07 11.47 11.79 11.72 11.88 12.26 12.69 12.85 12.93 13.21 13.31 13.47 13.67 13.57 13.45 13.46 13.53 13.61 13.83 14.07 14.20 14.40 14.76 15.03 15.37 15.75 15.98 16.06 15.91 15.72 15.81 15.95 16.06 16.18 16.26 16.32 16.35 16.34 16.32 16.25 16.15 16.05 15.96 15.87 15.80 15.73 15.60 15.49 15.22 15.02 14.92 14.85 14.83 14.80 14.81 14.83 14.83 14.82 14.86 14.95 15.05 15.15 15.15 15.24 15.26 15.32 15.58 15.57 15.44 15.42 15.55 15.68 15.89 16.08 16.26 16.27 16.21
11.33 11.38 11.35 11.62 11.78 11.77 12.03 12.31 12.90 12.81 12.88 13.31 13.50 13.37 13.30 13.51 13.33 13.31 13.38 13.54 13.78 13.91 14.11 14.24 14.50 14.84 15.09 15.25 15.50 15.50 15.42 15.50 15.66 15.83 15.91 16.01 16.10 16.20 16.24 16.22 16.14 16.03 15.93 15.85 15.72 15.63 15.48 15.36 15.26 15.12 14.98 14.85 14.90 14.91 14.85 14.75 14.75 14.79 14.79 14.79 14.79 14.89 15.00 15.05 15.10 15.19 15.22 15.27 15.50 15.60 15.50 15.39 15.42 15.51 15.71 15.90 16.14 16.20 16.24
11.33 11.26 11.30 11.35 11.51 11.66 11.96 12.34 12.48 12.47 12.81 13.16 13.25 13.13 13.07 13.19 13.27 13.16 13.32 13.45 13.71 13.90 14.04 14.12 14.34 14.53 14.93 14.96 15.04 15.10 15.23 15.47 15.76 15.80 15.83 15.91 16.06 16.20 16.24 16.18 16.05 15.90 15.79 15.73 15.63 15.48 15.32 15.18 15.06 14.93 14.85 14.79 14.93 15.08 14.94 14.74 14.69 14.71 14.70 14.73 14.84 14.98 15.06 14.94 15.01 15.07 15.11 15.17 15.29 15.29 15.43 15.43 15.36 15.39 15.49 15.65 15.84 15.87 16.05
11.23 11.39 11.30 11.29 11.41 11.54 11.84 12.11 12.30 12.63 12.79 12.98 13.13 13.05 13.06 13.18 13.10 13.17 13.22 13.37 13.55 13.74 13.85 14.00 14.13 14.29 14.59 14.62 14.72 14.90 15.18 15.45 15.74 15.87 15.78 15.79 15.99 16.19 16.25 16.04 15.99 15.89 15.74 15.60 15.47 15.27 15.12 15.04 14.95 14.86 14.72 14.66 14.71 14.84 14.96 14.77 14.65 14.64 14.61 14.58 14.68 14.95 15.02 14.88 14.92 14.98 15.03 15.10 15.15 15.18 15.32 15.39 15.26 15.31 15.38 15.49 15.56 15.67 15.92
11.02 11.31 11.59 11.57 11.52 11.67 11.91 12.11 12.47 12.72 12.98 12.91 12.82 12.74 13.15 13.20 13.13 13.02 13.15 13.23 13.40 13.53 13.71 13.84 13.99 14.12 14.30 14.45 14.62 14.84 15.19 15.44 15.69 15.89 15.76 15.65 15.77 16.03 16.16 15.94 15.97 15.96 15.67 15.49 15.33 15.17 15.04 14.95 14.83 14.78 14.68 14.64 14.68 14.78 14.79 14.81 14.73 14.66 14.55 14.47 14.48 14.66 14.91 14.89 14.87 14.91 14.95 15.00 15.04 15.13 15.30 15.33 15.28 15.27 15.32 15.41 15.46 15.55 15.67
10.88 11.21 11.55 11.98 11.79 12.05 12.13 12.32 12.56 12.63 12.90 13.03 12.73 12.52 12.79 12.98 12.83 12.85 12.98 13.12 13.26 13.43 13.54 13.71 13.90 14.03 14.19 14.39 14.58 14.76 14.93 15.23 15.43 15.57 15.88 15.70 15.62 15.82 16.03 15.96 15.98 15.87 15.56 15.41 15.30 15.20 15.11 15.04 14.82 14.71 14.63 14.67 14.76 14.96 14.84 14.86 14.66 14.58 14.51 14.45 14.46 14.53 14.71 14.92 14.91 14.89 14.93 14.97 15.03 15.16 15.40 15.50 15.44 15.38 15.41 15.46 15.52 15.59 15.67
10.91 11.24 11.72 11.99 12.12 12.36 12.43 12.38 12.39 12.43 12.54 12.66 12.54 12.33 12.42 12.55 12.64 12.72 12.86 13.03 13.25 13.31 13.48 13.64 13.78 13.98 14.20 14.42 14.65 14.73 14.85 15.04 15.09 15.18 15.57 15.75 15.63 15.64 15.82 15.90 15.91 15.68 15.47 15.34 15.28 15.25 15.16 15.01 14.79 14.69 14.61 14.68 14.78 14.89 14.84 14.70 14.54 14.48 14.45 14.43 14.45 14.46 14.57 14.89 14.93 14.85 14.88 14.94 14.99 15.07 15.20 15.43 15.49 15.46 15.45 15.45 15.49 15.57 15.68
10.96 11.28 11.79 12.19 12.44 12.34 12.17 12.14 12.00 12.09 12.22 12.20 12.43 12.21 12.25 12.45 12.65 12.72 12.80 12.98 13.26 13.26 13.36 13.76 13.78 13.94 14.29 14.48 14.54 14.73 14.99 14.99 15.09 15.04 15.27 15.59 15.77 15.76 15.67 15.59 15.63 15.65 15.47 15.36 15.31 15.25 15.03 14.87 14.78 14.71 14.61 14.66 14.74 14.63 14.54 14.52 14.46 14.43 14.44 14.50 14.53 14.46 14.59 14.85 14.94 14.86 14.86 14.90 14.94 15.00 15.14 15.30 15.48 15.65 15.60 15.50 15.61 15.74 15.75
10.83 11.29 11.64 11.85 12.16 12.43 12.34 12.26 12.01 11.94 11.96 12.02 12.18 12.13 12.15 12.31 12.46 12.58 13.07 13.24 13.23 13.12 13.26 13.63 14.03 14.07 14.21 14.24 14.56 14.78 15.11 15.04 15.01 14.97 15.08 15.27 15.41 15.48 15.67 15.69 15.57 15.53 15.52 15.51 15.38 15.20 15.02 14.91 14.91 14.79 14.76 14.76 14.58 14.46 14.46 14.42 14.40 14.38 14.39 14.61 14.53 14.44 14.53 14.67 14.92 14.94 14.83 14.85 14.92 14.96 15.01 15.24 15.57 15.63 15.58 15.49 15.65 15.89 15.90
10.73 11.07 11.46 11.63 11.85 12.41 12.68 12.22 11.94 11.82 11.78 11.85 11.96 11.96 12.08 12.24 12.31 12.47 12.66 13.17 13.20 13.06 13.21 13.47 13.78 13.82 14.05 14.37 14.83 14.87 15.11 15.15 14.94 15.08 14.95 14.93 14.99 15.07 15.17 15.36 15.58 15.60 15.48 15.46 15.45 15.24 15.04 15.03 15.08 14.89 14.88 14.84 14.47 14.49 14.37 14.40 14.38 14.35 14.41 14.64 14.52 14.55 14.54 14.65 14.95 14.98 14.85 14.86 14.93 14.98 15.02 15.28 15.44 15.72 15.66 15.58 15.63 15.93 15.94
10.88 11.10 11.29 11.56 11.84 12.46 12.41 12.06 11.90 11.69 11.63 11.72 11.82 11.91 12.04 12.14 12.26 12.36 12.49 12.75 13.10 13.06 13.04 13.30 13.53 13.73 14.18 14.34 14.75 15.02 15.14 15.01 14.95 15.23 14.94 14.84 14.89 15.03 15.12 15.05 15.18 15.40 15.54 15.54 15.51 15.36 15.22 15.26 15.12 14.88 14.76 14.58 14.43 14.41 14.32 14.43 14.43 14.32 14.31 14.45 14.58 14.68 14.66 14.69 14.83 14.79 14.81 14.87 14.93 14.99 15.05 15.13 15.28 15.49 15.75 15.70 15.67 15.85 16.00
10.64 10.95 11.30 11.71 11.98 12.34 12.12 11.89 11.77 11.64 11.58 11.68 11.81 11.85 12.00 12.07 12.19 12.30 12.43 12.60 12.80 12.89 13.00 13.24 13.41 13.71 14.01 14.24 14.48 14.75 15.00 15.12 15.09 15.05 14.83 14.78 14.87 14.97 15.21 15.06 15.04 15.05 15.15 15.11 15.03 15.01 15.00 15.08 14.82 14.67 14.57 14.53 14.40 14.29 14.25 14.29 14.28 14.24 14.26 14.31 14.46 14.70 14.76 14.71 14.72 14.77 14.84 14.87 14.92 15.00 15.09 15.16 15.25 15.36 15.65 15.90 15.75 15.84 15.95
10.54 10.84 11.15 11.52 11.86 11.96 12.13 11.84 11.65 11.58 11.57 11.81 12.12 11.88 11.94 12.02 12.11 12.23 12.33 12.43 12.69 12.87 12.97 13.16 13.34 13.55 13.83 14.05 14.24 14.43 14.63 14.86 15.02 14.98 14.79 14.82 14.82 14.87 14.86 14.81 14.71 14.67 14.66 14.65 14.61 14.59 14.70 14.89 14.77 14.51 14.55 14.41 14.26 14.23 14.18 14.21 14.20 14.19 14.24 14.37 14.46 14.67 14.78 14.75 14.66 14.73 14.82 14.86 14.92 14.99 15.07 15.18 15.29 15.40 15.62 15.89 15.86 15.89 15.98
10.52 10.77 11.09 11.41 11.60 11.66 11.89 11.91 11.61 11.41 11.43 11.64 12.10 12.00 11.99 12.01 12.06 12.16 12.25 12.52 12.80 12.86 12.89 13.03 13.36 13.51 13.74 14.05 14.32 14.48 14.75 14.82 15.03 14.98 14.85 14.85 14.59 14.47 14.38 14.35 14.31 14.28 14.32 14.35 14.44 14.53 14.56 14.63 14.61 14.47 14.50 14.35 14.25 14.24 14.20 14.18 14.12 14.13 14.21 14.33 14.53 14.50 14.52 14.56 14.61 14.72 14.80 14.86 14.92 14.99 15.10 15.22 15.33 15.45 15.58 15.81 15.94 15.94 16.05
10.75 11.00 11.21 11.37 11.40 11.46 11.57 11.66 11.58 11.31 11.34 11.41 11.83 12.00 12.04 12.28 12.10 12.09 12.18 12.67 13.00 12.99 12.80 12.96 13.36 13.52 13.72 14.03 14.32 14.43 14.64 14.82 14.77 14.61 14.60 14.65 14.53 14.22 14.13 14.15 14.24 14.30 14.29 14.33 14.34 14.36 14.42 14.51 14.38 14.30 14.30 14.31 14.24 14.19 14.18 14.17 14.11 14.11 14.15 14.22 14.34 14.34 14.40 14.48 14.59 14.71 14.82 14.88 14.95 15.03 15.15 15.27 15.39 15.53 15.65 15.78 15.96 16.02 16.11
10.91 11.26 11.45 11.50 11.38 11.36 11.41 11.52 11.48 11.32 11.43 11.40 11.69 12.01 11.97 12.22 12.27 12.22 12.23 12.59 12.84 13.00 12.80 12.86 13.08 13.33 13.61 13.92 14.18 14.40 14.54 14.68 14.72 14.57 14.37 14.21 14.18 14.02 14.00 14.05 14.19 14.22 14.33 14.54 14.59 14.47 14.26 14.26 14.20 14.17 14.24 14.27 14.20 14.16 14.14 14.11 14.08 14.08 14.10 14.16 14.22 14.28 14.35 14.43 14.55 14.69 14.81 14.89 14.96 15.05 15.18 15.30 15.45 15.60 15.75 15.86 15.99 16.12 16.22
10.65 11.10 11.55 11.57 11.34 11.31 11.31 11.44 11.46 11.40 11.45 11.44 11.70 11.91 11.90 11.96 12.33 12.51 12.38 12.52 12.85 13.06 12.92 12.81 13.05 13.31 13.50 13.90 14.10 14.20 14.30 14.29 14.49 14.49 14.25 14.03 13.91 13.86 13.89 13.92 13.93 14.04 14.16 14.37 14.46 14.25 14.12 14.08 14.11 14.14 14.18 14.19 14.19 14.16 14.14 14.09 14.06 14.09 14.10 14.13 14.17 14.23 14.35 14.49 14.55 14.67 14.82 14.94 15.02 15.13 15.25 15.39 15.55 15.70 15.87 16.01 16.17 16.35 16.38
10.56 10.90 11.36 11.57 11.25 11.21 11.25 11.35 11.38 11.56 11.60 11.43 11.61 11.67 11.84 11.86 12.13 12.29 12.40 12.52 12.59 12.83 13.21 13.10 12.96 13.13 13.45 13.77 13.83 13.88 13.91 14.07 14.39 14.32 14.04 13.81 13.69 13.69 13.83 13.84 13.85 13.91 13.96 14.04 14.05 14.02 14.01 14.02 14.03 14.06 14.10 14.10 14.14 14.14 14.13 14.09 14.03 14.04 14.07 14.12 14.16 14.22 14.34 14.46 14.56 14.67 14.80 14.95 15.07 15.20 15.35 15.49 15.64 15.82 16.01 16.17 16.41 16.63 16.59
10.75 10.92 11.33 11.70 11.42 11.35 11.35 11.36 11.38 11.56 11.66 11.60 11.43 11.56 11.80 12.05 12.02 12.13 12.32 12.55 12.58 12.80 12.97 12.93 12.84 13.02 13.38 13.61 13.54 13.60 13.82 14.13 14.12 13.97 13.86 13.62 13.55 13.67 13.95 13.84 13.89 13.97 13.95 13.96 14.00 14.03 14.05 14.05 14.08 14.08 14.13 14.12 14.14 14.14 14.14 14.11 14.06 14.04 14.08 14.12 14.18 14.21 14.31 14.46 14.59 14.68 14.81 14.99 15.14 15.31 15.53 15.66 15.78 15.96 16.14 16.34 16.65 16.78 16.73
11.05 11.10 11.17 11.16 11.08 11.30 11.40 11.41 11.46 11.75 11.86 11.48 11.44 11.55 11.72 12.01 12.11 12.20 12.31 12.46 12.48 12.55 12.54 12.59 12.68 12.84 13.11 13.20 13.29 13.53 13.73 13.91 13.73 13.65 13.54 13.40 13.43 13.56 13.76 13.86 13.92 13.99 14.00 14.02 14.06 14.08 14.08 14.10 14.11 14.14 14.14 14.17 14.16 14.13 14.14 14.09 14.03 13.97 14.14 14.13 14.19 14.24 14.33 14.49 14.59 14.69 14.84 15.03 15.24 15.44 15.69 15.85 15.98 16.13 16.30 16.47 16.70 16.85 16.88
11.01 11.38 11.17 10.87 10.94 11.06 11.14 11.40 11.54 11.75 11.60 11.39 11.42 11.53 11.64 11.93 12.17 12.17 12.16 12.25 12.34 12.42 12.57 12.53 12.59 12.73 12.90 13.01 13.16 13.39 13.66 13.62 13.45 13.39 13.32 13.28 13.42 13.62 13.82 13.96 14.02 14.15 14.07 14.08 14.14 14.19 14.21 14.17 14.15 14.16 14.18 14.25 14.22 14.16 14.13 14.11 14.03 13.96 14.06 14.10 14.15 14.26 14.35 14.48 14.60 14.72 14.90 15.08 15.35 15.58 15.84 16.04 16.18 16.33 16.50 16.67 16.81 16.94 17.10
11.09 11.37 11.06 10.90 10.89 10.97 11.12 11.28 11.41 11.51 11.52 11.33 11.42 11.67 11.73 11.91 12.02 12.01 12.09 12.21 12.42 12.52 12.60 12.54 12.55 12.63 12.77 12.85 12.97 13.16 13.32 13.35 13.20 13.17 13.19 13.23 13.40 13.62 13.81 13.85 13.91 14.11 14.24 14.17 14.23 14.29 14.33 14.28 14.22 14.20 14.24 14.32 14.35 14.23 14.28 14.10 14.08 13.98 14.06 14.10 14.13 14.23 14.37 14.43 14.55 14.76 14.97 15.14 15.45 15.72 16.00 16.25 16.42 16.57 16.74 16.90 17.02 17.22 17.36
11.13 11.32 11.05 10.86 10.89 11.10 11.14 11.25 11.32 11.47 11.48 11.37 11.56 11.56 11.71 11.81 11.94 12.15 12.29 12.37 12.33 12.32 12.35 12.39 12.47 12.51 12.61 12.67 12.77 12.94 12.99 13.04 13.01 13.06 13.11 13.17 13.37 13.56 13.64 13.75 13.88 13.99 14.22 14.24 14.28 14.43 14.50 14.46 14.43 14.34 14.32 14.39 14.45 14.37 14.36 14.12 14.09 14.10 14.45 14.36 14.16 14.31 14.40 14.40 14.56 14.85 15.06 15.19 15.54 15.87 16.18 16.57 16.78 16.95 17.10 17.24 17.30 17.41 17.68
11.13 11.21 10.94 10.77 10.82 10.99 11.11 11.22 11.29 11.46 11.74 11.55 11.45 11.54 11.73 11.90 12.08 12.24 12.58 12.48 12.36 12.25 12.25 12.30 12.36 12.45 12.51 12.58 12.63 12.71 12.81 12.87 12.93 13.01 13.09 13.15 13.25 13.43 13.49 13.68 13.95 14.01 14.10 14.24 14.39 14.52 14.60 14.49 14.39 14.27 14.33 14.43 14.43 14.42 14.30 14.20 14.09 14.04 14.16 14.19 14.01 14.06 14.26 14.33 14.60 14.98 15.19 15.28 15.72 16.06 16.38 16.84 17.38 17.58 17.40 17.48 17.63 17.65 17.95
11.09 11.10 10.87 10.73 10.76 10.87 10.97 11.03 11.13 11.23 11.31 11.36 11.44 11.59 11.82 12.01 12.18 12.34 12.25 12.21 12.16 12.15 12.18 12.22 12.31 12.39 12.46 12.51 12.56 12.63 12.69 12.82 13.01 13.07 13.10 13.15 13.20 13.28 13.36 13.58 13.84 14.11 14.20 14.28 14.31 14.29 14.23 14.17 14.19 14.11 14.15 14.12 14.12 14.12 14.03 14.13 14.13 14.00 14.09 14.15 13.98 14.06 14.16 14.29 14.60 15.03 15.22 15.40 15.91 16.28 16.67 16.99 17.68 17.93 17.85 18.16 17.97 18.03 18.13
10.88 11.08 10.89 10.78 10.77 10.89 11.02 11.12 11.10 11.20 11.25 11.38 11.52 11.69 11.77 11.92 12.05 12.12 12.11 12.06 12.07 12.09 12.12 12.17 12.25 12.32 12.39 12.51 12.56 12.74 12.77 12.88 13.14 13.22 13.21 13.33 13.26 13.30 13.36 13.50 13.72 13.83 13.98 14.11 14.09 14.13 14.01 14.02 14.00 13.98 14.01 14.02 13.98 13.93 14.00 14.17 14.12 14.04 13.97 13.97 14.04 14.11 14.06 14.25 14.64 15.16 15.26 15.57 16.00 16.55 16.86 17.29 17.61 17.94 18.27 18.46 18.33 18.45 18.51
10.64 10.70 10.80 10.77 10.85 11.09 11.01 11.15 11.18 11.14 11.26 11.40 11.53 11.78 11.76 11.83 11.90 11.91 11.97 11.97 12.00 12.00 12.06 12.14 12.22 12.28 12.36 12.58 12.61 12.67 12.77 12.86 13.07 13.28 13.30 13.29 13.26 13.28 13.35 13.45 13.56 13.69 13.76 13.85 13.86 13.88 13.90 13.93 13.92 13.92 13.95 13.94 13.94 13.95 13.97 14.03 14.09 14.09 14.09 14.20 14.29 14.37 14.12 14.33 14.93 15.79 15.65 15.94 16.40 16.76 17.18 17.77 18.11 18.21 18.42 18.68 19.05 19.25 18.95
