project/src/data/BOM_climate/monthly_mean_rainfall/rainjul.txt
ncols 886
nrows 691
xllcenter 112.0000
yllcenter -44.5000
cellsize 0.0500
nodata_value 99999.90
[rows 442 to 475 of 691, columns 770 to 846 of 886]
44.86 49.65 43.64 42.85 48.73 51.36 42.88 40.65 44.23 45.64 51.84 61.54 60.67 66.67 69.01 74.02 81.05 76.23 79.33 78.37 80.54 81.35 87.23 73.74 68.89 66.51 55.76 51.26 46.62 44.35 44.71 45.16 45.58 46.57 49.92 53.59 57.71 61.97 66.10 70.24 74.67 79.60 84.81 89.53 94.14 98.07 101.75 105.03 108.07 110.84 113.33 115.95 118.17 120.20 122.25 124.35 126.00 127.79 129.59 131.20 132.75 134.60 136.05 137.43 139.12 140.67 142.16 143.50 144.92 146.12 147.21 148.69 150.14 151.40 152.45 153.45 154.37
42.94 47.22 45.94 41.02 46.50 50.29 42.63 39.76 41.56 46.36 50.66 55.88 59.66 64.48 71.27 76.30 82.81 70.61 71.30 70.17 66.65 65.84 63.41 63.57 72.20 61.24 65.22 55.24 49.07 47.79 49.73 52.34 50.23 51.69 54.71 58.62 62.67 67.17 71.38 74.98 78.91 84.16 89.58 94.45 98.77 102.46 105.65 108.54 111.37 113.93 116.40 118.60 120.78 122.68 124.58 126.45 128.23 129.65 131.34 132.93 134.45 135.87 137.37 138.68 140.18 141.81 143.31 144.53 145.92 147.10 148.20 149.39 150.90 152.03 153.06 154.05 154.89
42.48 43.60 43.89 40.21 42.43 43.70 41.66 40.19 41.47 48.98 51.08 57.71 61.61 65.74 67.92 70.48 73.27 67.33 62.67 64.45 58.57 60.79 57.87 58.57 68.94 62.15 56.81 54.70 53.48 51.28 53.99 54.26 56.30 56.99 60.39 64.45 69.04 73.14 77.57 81.88 85.71 91.11 95.98 100.24 103.94 107.18 109.89 112.47 114.94 117.24 119.38 121.50 123.50 125.19 126.89 128.59 130.19 131.68 133.30 134.69 136.05 137.48 138.79 140.13 141.51 142.99 144.45 145.74 147.02 148.20 149.27 150.37 151.64 152.76 153.77 154.72 155.57
42.39 43.97 43.13 40.09 39.80 39.11 40.52 40.04 40.91 47.23 52.35 59.45 60.56 60.41 64.63 64.03 62.79 61.04 57.72 56.89 52.78 57.02 51.85 54.09 54.33 61.43 59.89 55.26 54.78 55.14 57.41 58.22 65.37 63.62 66.43 70.75 75.41 80.34 85.38 90.37 95.04 99.47 102.99 106.46 109.36 111.78 114.17 116.20 118.38 120.34 122.42 124.31 125.94 127.64 129.13 130.65 132.09 133.53 134.90 136.26 137.65 138.83 140.13 141.47 142.72 143.90 145.42 146.68 147.93 149.07 150.12 151.30 152.30 153.27 154.25 155.17 156.14
43.55 43.29 43.32 40.62 39.66 37.92 38.05 39.14 41.54 44.41 49.44 53.34 52.26 55.71 53.98 55.83 54.08 58.74 52.03 50.78 49.17 53.77 54.74 51.08 51.16 55.26 58.49 56.86 57.56 58.98 62.02 64.93 67.64 69.69 72.43 77.04 81.82 87.71 93.35 100.03 104.98 108.03 110.68 112.75 114.73 116.48 118.24 120.06 121.97 123.71 125.34 126.99 128.53 130.01 131.23 132.70 134.05 135.27 136.55 137.92 139.08 140.32 141.63 142.67 143.81 144.98 146.32 147.53 148.85 149.89 150.96 152.06 152.93 153.79 154.74 155.73 156.70
44.49 42.88 42.22 42.32 40.40 39.25 40.87 42.31 43.76 43.15 44.52 44.81 49.85 50.88 50.05 52.34 51.54 51.63 50.60 48.44 47.09 47.20 51.14 54.29 53.27 53.92 56.54 59.43 60.05 62.41 65.45 69.42 72.17 75.05 78.01 83.34 88.88 94.78 101.23 108.96 114.90 116.94 117.83 118.69 119.68 120.97 122.29 123.66 125.27 126.78 128.12 129.65 130.92 132.20 133.44 134.60 135.84 137.03 138.19 139.31 140.59 141.78 142.86 143.90 144.92 145.97 147.21 148.43 149.62 150.72 151.79 152.74 153.57 154.47 155.31 156.26 157.22
45.73 45.22 43.69 43.38 42.01 42.79 41.17 41.51 42.46 42.72 41.51 41.68 43.16 45.22 44.40 51.51 50.48 46.08 48.70 49.09 43.90 45.50 48.04 53.78 52.97 54.70 58.23 61.48 63.61 65.43 69.12 73.71 76.50 80.24 84.05 89.44 95.22 101.12 107.85 115.57 121.98 122.60 123.33 123.57 124.10 124.84 125.81 127.05 128.38 129.73 130.87 132.00 133.33 134.47 135.44 136.57 137.74 138.67 139.80 140.87 142.00 143.07 144.15 145.15 145.99 147.03 148.19 149.28 150.45 151.59 152.59 153.47 154.35 155.17 155.92 156.82 157.77
49.99 48.61 46.38 44.19 42.52 42.02 41.19 40.70 40.79 41.81 40.59 39.91 40.28 40.57 42.94 43.55 42.84 43.85 45.16 46.37 43.26 43.92 46.23 54.53 54.37 55.18 59.49 62.52 66.80 69.30 73.04 78.30 82.05 86.01 90.44 96.23 101.35 107.02 113.29 119.36 123.94 126.03 126.79 127.34 127.77 128.24 128.98 129.99 131.09 132.19 133.44 134.43 135.52 136.52 137.45 138.45 139.49 140.44 141.39 142.44 143.49 144.39 145.46 146.42 147.22 148.17 149.28 150.28 151.32 152.45 153.43 154.32 155.24 156.00 156.73 157.55 158.46
49.22 50.14 47.88 45.61 44.49 49.12 42.01 41.64 40.66 39.74 39.10 38.70 39.50 40.11 40.30 39.65 39.85 40.65 41.85 46.39 45.18 43.66 46.43 50.46 53.04 56.05 60.01 64.67 69.25 72.74 77.72 82.24 87.16 92.74 97.13 101.71 107.03 112.27 117.09 121.70 125.46 127.91 129.44 130.04 130.62 131.27 131.77 132.60 133.64 134.47 135.58 136.63 137.43 138.47 139.55 140.27 141.10 142.13 142.93 143.90 144.90 145.77 146.51 147.55 148.41 149.23 150.31 151.30 152.24 153.23 154.22 155.10 156.02 156.81 157.50 158.24 158.99
52.56 49.61 51.64 48.98 45.67 46.24 44.20 47.98 46.68 40.75 39.11 37.83 37.71 37.76 37.60 37.84 38.26 40.82 44.68 44.54 48.40 44.55 45.26 51.81 55.07 57.56 61.73 67.32 72.22 76.36 81.47 87.30 93.11 98.32 103.16 108.13 112.30 116.67 120.95 124.55 127.60 129.97 131.31 132.48 133.11 133.71 134.41 135.00 135.89 136.65 137.60 138.56 139.56 140.45 141.29 142.20 142.94 143.69 144.58 145.46 146.25 147.06 147.85 148.79 149.56 150.52 151.47 152.29 153.26 154.14 154.99 156.00 156.87 157.56 158.28 158.91 159.46
53.63 51.55 52.78 49.81 47.86 48.26 46.31 47.21 50.33 43.78 37.96 38.07 36.51 36.40 36.63 36.51 37.26 38.07 39.02 40.74 44.09 44.56 45.45 53.38 54.75 58.61 64.09 69.72 74.25 80.26 86.42 92.90 98.47 103.76 108.73 113.29 117.56 121.21 124.59 127.60 129.86 131.68 133.36 134.41 135.21 135.95 136.48 137.15 137.81 138.50 139.29 140.28 141.17 142.10 143.03 143.75 144.47 145.18 145.98 146.71 147.49 148.27 148.98 149.76 150.69 151.53 152.39 153.22 154.06 154.83 155.80 156.59 157.47 158.25 158.77 159.33 159.97
55.96 54.61 54.54 50.30 48.09 48.96 46.89 46.63 47.06 44.95 39.61 37.37 36.70 36.66 36.29 36.68 36.99 37.66 38.93 39.96 42.26 44.23 45.00 50.30 55.81 60.81 66.88 72.50 78.41 84.75 91.29 97.65 104.24 110.08 114.75 119.17 122.94 126.21 128.95 131.21 132.83 134.20 135.66 136.68 137.66 138.29 138.93 139.52 140.39 140.88 141.61 142.43 143.45 144.39 145.18 146.03 146.72 147.31 147.96 148.73 149.33 150.10 150.84 151.61 152.29 153.21 154.11 154.75 155.52 156.23 156.94 157.77 158.70 159.28 159.96 160.39 161.00
57.67 54.70 52.34 50.62 50.12 46.87 45.98 44.83 43.40 41.86 38.74 37.23 36.89 36.91 36.49 36.63 36.74 37.81 39.29 40.51 42.29 44.32 47.45 52.01 57.45 63.33 69.81 76.06 82.44 88.58 94.94 101.69 108.36 114.65 119.23 123.07 126.59 129.60 131.69 133.51 134.90 136.07 137.23 138.23 139.19 139.77 140.59 141.23 141.84 142.69 143.40 144.06 144.91 145.88 146.67 147.59 148.21 148.72 149.40 150.10 150.66 151.45 152.18 152.80 153.48 154.39 155.15 155.83 156.54 157.10 157.71 158.68 159.33 159.93 160.67 161.12 161.72
56.67 55.74 52.65 48.32 44.93 44.10 44.21 43.33 42.77 41.97 41.25 39.28 36.61 37.86 39.52 37.30 36.67 37.73 39.78 41.65 44.01 46.63 50.22 54.70 59.78 65.83 72.50 79.78 85.78 91.81 98.27 104.97 111.26 117.61 121.55 125.44 128.61 131.23 133.20 134.79 135.92 136.90 138.15 139.11 140.04 140.92 141.73 142.38 143.30 144.00 144.55 145.35 146.25 146.96 147.90 148.72 149.38 149.86 150.56 151.24 151.90 152.46 153.22 153.89 154.54 155.12 155.93 156.63 157.29 157.82 158.48 159.18 159.80 160.46 161.15 161.71 162.35
52.38 51.05 50.78 48.02 43.65 41.08 41.57 41.99 41.75 43.20 42.04 38.15 39.06 42.59 44.30 43.56 37.78 38.52 40.94 43.27 46.05 49.52 53.10 57.26 62.22 68.26 75.42 82.50 88.10 94.06 100.14 106.44 112.56 117.82 122.55 126.38 129.59 131.84 133.69 135.28 136.38 137.66 138.99 139.99 140.81 141.85 142.65 143.42 144.51 145.15 145.88 146.75 147.43 148.20 149.20 149.98 150.54 151.18 151.71 152.44 153.02 153.60 154.31 155.02 155.47 156.09 156.88 157.50 158.17 158.79 159.28 159.75 160.51 161.06 161.76 162.48 163.15
50.59 49.17 49.75 45.48 43.34 40.45 38.76 40.45 42.05 42.49 42.34 39.08 41.60 42.59 41.18 43.33 41.57 40.80 43.04 45.96 48.75 53.01 56.92 60.00 64.69 70.27 76.65 82.96 88.93 95.16 101.22 107.61 113.44 118.75 122.95 126.89 129.73 131.99 133.91 135.65 136.74 138.32 139.69 140.57 141.73 142.69 143.48 144.39 145.68 146.25 147.13 147.99 148.68 149.62 150.48 151.07 151.83 152.31 152.79 153.51 154.10 154.67 155.29 155.87 156.40 156.97 157.78 158.40 158.99 159.54 160.01 160.38 161.07 161.69 162.33 163.10 163.76
49.16 47.97 46.47 42.90 41.54 39.84 38.48 40.46 41.26 40.29 40.58 39.90 39.70 40.38 42.37 41.86 43.12 44.66 47.27 49.77 53.04 57.22 59.42 63.30 67.77 72.51 77.71 83.74 90.03 96.17 102.15 108.38 113.80 118.58 122.90 126.66 129.70 131.83 133.91 135.53 136.97 138.72 140.06 141.26 142.31 143.26 144.22 145.22 146.38 147.22 148.06 148.84 149.76 150.61 151.38 152.06 152.75 153.18 153.75 154.36 154.99 155.55 156.07 156.64 157.13 157.78 158.60 159.11 159.60 160.26 160.56 161.02 161.53 162.14 162.84 163.49 164.18
49.99 45.46 43.18 41.42 40.07 38.76 38.29 40.04 40.55 40.44 40.49 41.12 41.04 41.56 45.07 47.10 47.28 49.27 52.38 53.63 57.55 58.83 62.54 66.86 71.68 75.59 80.11 85.60 91.55 97.53 103.14 108.99 114.03 118.74 122.66 126.32 129.03 131.53 133.64 135.45 137.18 138.84 140.50 141.68 142.87 143.89 144.82 145.93 147.06 147.95 148.85 149.83 150.62 151.53 152.23 152.95 153.52 153.97 154.63 155.19 155.73 156.27 156.80 157.30 157.95 158.48 159.26 159.84 160.28 160.72 161.19 161.54 161.97 162.58 163.19 163.82 164.51
47.05 43.81 42.12 40.97 39.93 38.62 38.56 40.32 39.12 39.37 40.72 42.18 41.86 43.11 45.95 49.23 51.02 54.65 57.44 58.33 58.63 62.27 65.94 70.28 74.76 78.68 83.22 88.31 93.87 99.11 104.24 109.68 114.36 118.52 122.43 125.89 128.71 131.28 133.54 135.46 137.15 139.09 140.69 142.16 143.27 144.36 145.45 146.45 147.84 148.72 149.67 150.52 151.32 152.31 153.02 153.77 154.29 154.72 155.33 155.89 156.39 156.92 157.53 158.09 158.64 159.18 159.87 160.46 160.83 161.17 161.60 162.11 162.49 162.97 163.53 164.08 164.70
49.30 44.40 41.32 41.55 41.41 39.83 39.23 38.21 40.14 39.45 40.90 42.61 43.67 44.00 47.36 53.01 54.76 57.39 55.95 57.84 61.40 65.61 69.61 73.83 77.94 82.27 86.69 91.27 96.27 101.18 105.70 110.59 114.83 118.80 122.31 125.72 128.50 131.16 133.42 135.58 137.40 139.43 141.10 142.35 143.81 144.79 145.96 147.09 148.32 149.34 150.40 151.27 152.21 152.99 153.66 154.46 154.95 155.34 156.01 156.59 157.04 157.57 158.16 158.76 159.21 159.74 160.38 160.87 161.23 161.58 162.13 162.63 162.95 163.38 163.72 164.29 164.95
46.97 44.85 41.35 41.71 41.56 40.40 39.94 38.75 39.27 40.37 41.32 42.83 43.34 45.00 47.74 51.51 53.76 57.70 58.45 60.57 64.35 68.74 73.28 77.77 81.76 86.05 90.18 94.58 99.04 103.41 107.44 111.84 115.81 119.29 122.71 126.00 128.82 131.14 133.65 135.86 137.68 139.64 141.34 142.79 144.04 145.29 146.55 147.75 149.06 150.12 151.01 151.92 152.84 153.48 154.29 155.10 155.57 155.97 156.62 157.20 157.69 158.14 158.68 159.13 159.75 160.09 160.79 161.25 161.63 162.10 162.64 163.07 163.42 163.77 164.03 164.63 165.16
45.36 43.91 42.05 42.28 42.16 41.16 40.68 39.12 40.54 41.86 41.60 42.02 43.50 45.22 48.70 50.79 53.88 57.13 60.60 64.09 67.96 72.14 77.09 81.02 85.20 89.44 93.49 97.41 101.62 105.64 109.32 113.27 116.73 120.21 123.43 126.56 129.10 131.80 133.90 136.08 138.13 139.95 141.76 143.01 144.37 145.69 147.05 148.26 149.50 150.54 151.60 152.63 153.30 154.02 154.89 155.54 156.06 156.49 157.02 157.70 158.18 158.60 159.05 159.59 160.03 160.47 161.25 161.65 162.10 162.61 163.14 163.52 163.81 164.13 164.46 164.83 165.46
44.06 43.55 45.54 43.70 42.33 40.71 40.43 39.58 40.26 40.86 41.55 42.83 44.63 46.53 50.32 51.95 54.84 58.69 62.46 67.05 71.37 75.89 80.39 84.45 88.63 92.68 96.40 100.15 104.16 107.76 111.11 114.86 118.02 121.29 124.42 127.17 129.87 132.28 134.39 136.53 138.30 140.14 141.93 143.42 144.62 146.16 147.50 148.74 150.19 151.18 152.17 153.10 153.85 154.63 155.44 156.02 156.43 156.89 157.41 158.06 158.67 159.10 159.54 159.99 160.33 160.91 161.64 162.11 162.63 163.04 163.49 163.96 164.30 164.45 164.75 165.06 165.77
47.52 42.82 45.91 45.17 41.29 40.85 41.61 41.72 41.78 41.54 43.05 45.06 46.41 48.49 52.55 56.27 58.00 61.17 64.78 69.82 75.00 79.79 84.04 88.15 92.02 95.79 99.31 102.84 106.40 109.95 113.33 116.70 119.59 122.61 125.50 128.24 130.70 133.02 135.01 136.99 138.75 140.66 142.37 143.83 145.15 146.62 148.17 149.31 150.62 151.73 152.67 153.79 154.48 155.19 155.98 156.35 156.81 157.19 157.73 158.37 159.13 159.53 159.95 160.25 160.69 161.27 162.01 162.58 163.05 163.43 163.87 164.24 164.55 164.67 164.97 165.43 166.05
48.86 42.68 44.09 43.49 42.53 41.20 40.84 40.94 41.81 42.89 43.90 46.00 48.62 51.30 55.78 60.51 62.31 65.84 69.23 73.76 79.06 83.78 88.00 91.51 95.23 98.57 101.83 105.07 108.43 111.76 115.02 118.24 121.01 123.80 126.59 128.91 131.36 133.44 135.44 137.50 139.04 140.90 142.82 144.23 145.74 147.17 148.50 149.99 151.15 152.28 153.25 154.16 155.02 155.63 156.29 156.78 157.08 157.45 158.14 158.71 159.44 159.88 160.27 160.65 161.04 161.62 162.32 162.86 163.35 163.79 164.04 164.50 164.79 164.92 165.28 165.78 166.29
49.25 43.80 42.72 43.16 42.59 41.48 42.21 41.76 41.71 42.95 45.09 48.11 50.40 53.41 57.97 63.06 67.05 69.67 73.93 78.55 83.06 87.19 91.21 94.84 98.16 101.25 104.11 107.23 110.47 113.48 116.57 119.65 122.35 124.96 127.34 129.93 131.93 134.20 136.19 138.03 139.76 141.68 143.39 144.96 146.31 147.80 149.31 150.49 151.85 152.94 153.68 154.81 155.33 156.04 156.69 157.06 157.52 157.84 158.45 159.09 159.73 160.19 160.73 160.97 161.39 161.88 162.50 163.13 163.63 163.90 164.29 164.61 164.82 165.15 165.49 165.95 166.45
46.77 47.81 44.59 41.73 38.93 39.80 39.39 40.91 41.81 43.07 45.44 48.48 52.15 55.18 60.09 64.92 70.45 73.94 79.14 83.73 87.34 90.90 94.46 97.97 100.79 103.79 106.60 109.16 112.22 115.12 117.85 121.06 123.61 126.11 128.47 130.50 132.77 134.87 136.62 138.82 140.40 142.19 144.22 145.60 147.01 148.61 149.72 150.98 152.35 153.00 154.17 154.94 155.57 156.45 157.04 157.53 158.01 158.17 158.86 159.43 159.98 160.60 161.12 161.42 161.87 162.21 162.83 163.43 163.88 164.27 164.56 164.88 165.12 165.54 165.81 166.21 166.65
51.23 49.24 48.79 48.31 39.98 38.78 39.14 40.13 40.90 43.29 47.50 48.96 53.20 56.93 62.39 67.01 72.45 77.15 82.94 87.47 90.75 93.89 97.34 100.43 103.35 105.99 108.56 111.16 113.91 116.63 119.20 122.19 124.71 127.04 129.33 131.43 133.61 135.57 137.34 139.36 140.99 142.92 144.86 146.29 147.67 149.03 150.19 151.50 152.63 153.66 154.59 155.46 156.12 156.90 157.66 158.13 158.58 158.74 159.29 159.82 160.33 160.89 161.57 161.88 162.26 162.65 163.11 163.64 164.14 164.47 164.83 165.00 165.36 165.79 166.09 166.54 166.97
51.04 50.05 48.00 43.88 38.95 37.99 38.44 38.94 40.56 43.70 47.07 51.22 54.77 58.64 63.77 69.06 74.52 79.58 85.34 89.16 92.74 96.05 99.33 102.33 104.97 107.67 110.25 112.67 115.25 117.94 120.48 123.39 125.89 128.23 130.34 132.46 134.36 136.37 138.12 139.98 141.69 143.71 145.73 146.95 148.25 149.66 150.69 151.89 153.01 153.99 155.01 155.80 156.60 157.41 158.25 158.83 159.10 159.11 159.65 160.01 160.54 161.17 161.81 162.21 162.53 162.83 163.36 163.75 164.15 164.60 164.88 165.15 165.51 165.98 166.41 166.80 167.25
46.92 43.34 48.09 42.47 38.20 37.18 37.43 38.64 40.35 43.05 47.42 51.22 55.23 59.58 64.94 70.07 75.69 80.78 85.58 89.84 93.88 97.22 100.28 103.53 106.28 108.75 111.33 113.99 116.66 119.25 121.98 124.86 127.22 129.49 131.55 133.70 135.49 137.29 139.18 140.93 142.44 144.55 146.27 147.77 149.01 150.21 151.46 152.34 153.38 154.43 155.31 156.23 156.99 157.80 158.49 159.12 159.35 159.34 159.77 160.21 160.72 161.34 161.93 162.32 162.67 162.97 163.43 163.75 164.14 164.64 165.02 165.36 165.66 166.23 166.68 167.11 167.60
45.90 43.87 45.19 39.55 36.53 36.51 37.14 38.43 40.34 43.17 47.11 51.97 55.67 60.95 66.62 72.03 77.20 81.87 86.39 90.71 94.65 98.22 101.44 104.58 107.50 109.99 112.82 115.48 118.08 120.71 123.15 126.07 128.29 130.54 132.49 134.64 136.24 138.17 139.93 141.65 143.12 145.09 146.92 148.22 149.45 150.72 151.84 152.66 153.67 154.58 155.61 156.49 157.23 158.01 158.74 159.37 159.49 159.47 159.88 160.36 160.83 161.33 161.93 162.32 162.79 162.99 163.39 163.84 164.17 164.69 165.17 165.47 165.92 166.44 166.91 167.37 167.79
49.07 47.58 46.14 39.91 37.33 37.15 37.46 38.37 40.27 42.86 47.00 52.32 55.97 62.13 68.48 74.40 78.99 83.44 87.94 91.99 96.08 99.47 102.60 105.86 108.66 111.14 113.93 116.63 119.42 121.89 124.32 127.02 129.39 131.40 133.44 135.44 137.25 138.93 140.76 142.44 143.88 145.60 147.40 148.58 149.92 151.10 152.16 153.05 153.96 154.84 155.90 156.70 157.42 158.30 158.80 159.50 159.59 159.53 159.97 160.39 160.86 161.31 161.86 162.32 162.75 162.99 163.44 163.87 164.25 164.73 165.33 165.71 166.08 166.57 167.06 167.57 167.94
51.30 47.42 45.04 41.11 38.39 38.18 38.10 38.76 40.21 42.71 47.09 51.96 56.97 64.08 71.31 77.11 81.44 85.69 89.79 93.61 97.43 100.84 103.85 106.82 109.68 112.16 114.95 117.64 120.49 122.99 125.35 128.09 130.11 132.18 134.21 136.22 137.97 139.82 141.30 143.04 144.26 146.04 147.65 148.76 150.02 151.31 152.37 153.26 154.11 155.14 155.97 156.92 157.47 158.28 158.81 159.37 159.54 159.44 160.02 160.44 160.83 161.32 161.74 162.26 162.67 162.97 163.50 163.89 164.41 164.85 165.39 165.85 166.19 166.66 167.17 167.66 168.02
52.05 45.59 43.88 40.43 39.09 38.70 38.69 38.97 39.95 42.65 45.92 50.60 57.82 66.63 74.94 81.24 85.49 89.17 92.75 96.08 99.70 102.78 105.78 108.63 111.22 113.51 116.31 118.98 121.64 124.14 126.43 128.76 130.99 132.96 134.77 136.90 138.56 140.26 141.78 143.38 144.66 146.27 147.84 149.04 150.29 151.48 152.46 153.45 154.14 155.17 156.05 156.74 157.49 157.98 158.67 159.18 159.36 159.49 159.92 160.41 160.73 161.14 161.63 162.12 162.55 163.00 163.49 163.94 164.39 164.91 165.37 165.69 166.09 166.62 167.12 167.56 167.90
