project/src/data/BOM_climate/monthly_mean_rainfall/rainmar.txt
ncols 886
nrows 691
xllcenter 112.0000
yllcenter -44.5000
cellsize 0.0500
nodata_value 99999.90
[rows 408 to 441 of 691, columns 231 to 307 of 886]
27.76 28.06 28.12 27.96 27.59 27.56 27.40 27.26 27.20 27.35 27.33 27.34 27.35 27.37 27.24 27.08 26.88 26.64 26.56 26.43 26.39 26.42 26.38 26.41 26.50 26.52 26.54 26.57 26.61 26.67 26.69 26.66 26.67 26.65 26.64 26.59 26.55 26.50 26.46 26.40 26.34 26.25 26.17 26.05 25.92 25.82 25.74 25.65 25.53 25.38 25.18 25.01 24.82 24.68 24.52 24.30 24.14 23.98 23.82 23.69 23.57 23.50 23.44 23.36 23.27 23.14 23.04 23.00 22.95 22.83 22.77 22.73 22.72 22.73 22.66 22.60 22.63
28.08 28.16 28.02 28.11 27.45 27.49 27.51 27.33 27.28 27.45 27.44 27.40 27.41 27.32 27.18 27.03 26.69 26.59 26.48 26.40 26.42 26.49 26.52 26.55 26.61 26.67 26.69 26.72 26.78 26.80 26.78 26.75 26.72 26.67 26.65 26.60 26.56 26.55 26.52 26.47 26.41 26.33 26.23 26.11 25.97 25.86 25.75 25.69 25.57 25.39 25.16 24.99 24.80 24.63 24.43 24.22 24.09 23.94 23.82 23.62 23.51 23.39 23.29 23.20 23.09 23.00 22.95 22.93 22.88 22.76 22.71 22.70 22.72 22.68 22.63 22.63 22.64
28.16 28.18 28.09 27.77 27.56 27.56 27.58 27.40 27.36 27.41 27.43 27.46 27.40 27.19 27.09 26.97 26.65 26.57 26.44 26.45 26.54 26.62 26.64 26.70 26.81 26.88 26.88 26.91 26.93 26.91 26.85 26.79 26.74 26.72 26.67 26.63 26.62 26.62 26.60 26.56 26.50 26.43 26.34 26.24 26.08 25.95 25.79 25.70 25.59 25.40 25.22 25.00 24.82 24.62 24.39 24.24 24.06 23.88 23.75 23.59 23.47 23.32 23.18 23.10 23.00 22.94 22.90 22.85 22.76 22.70 22.67 22.68 22.70 22.63 22.61 22.61 22.61
28.17 28.08 27.80 27.72 27.69 27.60 27.55 27.43 27.43 27.41 27.44 27.43 27.35 27.19 27.07 26.98 26.66 26.53 26.49 26.56 26.65 26.75 26.83 26.92 27.00 27.05 27.08 27.09 27.11 27.05 26.95 26.83 26.76 26.72 26.69 26.67 26.67 26.66 26.68 26.65 26.60 26.52 26.47 26.39 26.24 26.09 25.93 25.79 25.63 25.44 25.28 25.04 24.86 24.65 24.45 24.26 24.06 23.91 23.75 23.58 23.43 23.29 23.20 23.07 22.96 22.89 22.81 22.68 22.63 22.60 22.61 22.60 22.61 22.59 22.57 22.58 22.59
28.25 27.90 27.80 27.76 27.77 27.66 27.49 27.38 27.41 27.51 27.41 27.30 27.24 27.06 27.07 26.77 26.58 26.53 26.56 26.62 26.74 26.87 26.99 27.09 27.18 27.23 27.27 27.28 27.26 27.18 27.03 26.88 26.77 26.70 26.65 26.63 26.65 26.69 26.71 26.68 26.66 26.64 26.60 26.53 26.40 26.24 26.08 25.92 25.70 25.51 25.35 25.12 24.92 24.70 24.48 24.23 24.02 23.86 23.68 23.53 23.37 23.26 23.19 23.02 22.89 22.84 22.72 22.62 22.58 22.58 22.53 22.51 22.50 22.52 22.54 22.58 22.59
28.24 28.11 27.91 27.80 27.72 27.47 27.46 27.51 27.54 27.58 27.40 27.32 27.18 27.16 27.04 26.66 26.53 26.55 26.56 26.66 26.85 26.97 27.08 27.22 27.34 27.45 27.52 27.51 27.45 27.33 27.16 26.95 26.80 26.70 26.64 26.61 26.65 26.72 26.77 26.79 26.79 26.76 26.75 26.69 26.56 26.36 26.16 26.00 25.77 25.57 25.42 25.20 25.00 24.76 24.48 24.26 24.03 23.83 23.66 23.51 23.35 23.24 23.15 22.99 22.89 22.79 22.66 22.59 22.53 22.49 22.48 22.47 22.47 22.47 22.51 22.57 22.59
28.33 28.10 27.89 27.90 27.67 27.61 27.65 27.74 27.71 27.69 27.55 27.34 27.24 27.09 26.77 26.56 26.58 26.59 26.61 26.76 26.93 27.04 27.16 27.32 27.49 27.67 27.72 27.71 27.62 27.47 27.27 27.04 26.83 26.71 26.60 26.56 26.67 26.78 26.88 26.91 26.93 26.94 26.93 26.88 26.70 26.47 26.24 26.04 25.84 25.63 25.46 25.27 25.08 24.81 24.55 24.31 24.08 23.88 23.66 23.50 23.36 23.25 23.12 23.01 22.91 22.76 22.65 22.51 22.43 22.41 22.39 22.41 22.43 22.44 22.48 22.53 22.60
28.31 27.99 27.94 28.15 27.78 27.63 27.85 27.91 27.82 27.74 27.51 27.30 27.12 26.76 26.67 26.58 26.64 26.62 26.69 26.80 26.92 27.11 27.31 27.48 27.65 27.85 27.94 27.88 27.76 27.60 27.40 27.15 26.91 26.75 26.65 26.59 26.74 26.91 27.03 27.12 27.17 27.18 27.15 27.05 26.85 26.63 26.41 26.18 25.96 25.71 25.57 25.40 25.17 24.86 24.63 24.40 24.17 23.93 23.70 23.55 23.40 23.28 23.13 23.01 22.91 22.74 22.63 22.45 22.38 22.32 22.33 22.31 22.35 22.42 22.50 22.58 22.61
28.14 27.91 28.12 28.26 28.09 27.96 28.06 27.97 27.93 27.76 27.41 27.26 26.92 26.79 26.59 26.59 26.62 26.61 26.69 26.82 26.97 27.16 27.37 27.59 27.80 27.94 28.01 27.97 27.87 27.74 27.49 27.23 27.01 26.88 26.81 26.84 26.98 27.15 27.26 27.36 27.43 27.44 27.36 27.23 27.04 26.82 26.58 26.35 26.12 25.86 25.67 25.48 25.29 24.92 24.69 24.47 24.26 24.02 23.81 23.63 23.50 23.36 23.18 23.05 22.98 22.77 22.64 22.43 22.37 22.28 22.25 22.24 22.30 22.41 22.49 22.58 22.64
27.93 27.88 28.06 28.27 28.14 28.17 28.13 28.03 28.01 27.61 27.37 26.99 26.84 26.79 26.62 26.61 26.63 26.63 26.72 26.82 26.94 27.10 27.31 27.53 27.73 27.91 28.03 27.99 27.83 27.68 27.48 27.22 27.04 26.96 27.00 27.14 27.27 27.43 27.56 27.63 27.65 27.67 27.61 27.44 27.22 27.00 26.74 26.50 26.25 26.02 25.80 25.57 25.34 25.04 24.82 24.57 24.35 24.10 23.90 23.72 23.57 23.39 23.28 23.19 23.00 22.82 22.67 22.48 22.38 22.26 22.23 22.26 22.31 22.39 22.52 22.63 22.75
28.24 28.16 27.94 28.25 28.33 28.27 28.18 28.06 28.04 27.57 27.26 26.94 26.88 26.78 26.63 26.60 26.58 26.63 26.64 26.66 26.74 26.90 27.09 27.30 27.52 27.70 27.92 27.81 27.62 27.43 27.23 27.06 26.99 26.98 27.13 27.39 27.63 27.75 27.82 27.87 27.93 27.90 27.82 27.64 27.45 27.21 26.89 26.62 26.36 26.16 25.93 25.74 25.46 25.18 24.94 24.67 24.47 24.23 24.03 23.80 23.58 23.44 23.39 23.29 23.10 22.94 22.77 22.58 22.47 22.31 22.25 22.33 22.36 22.47 22.62 22.78 22.91
28.39 28.37 28.24 28.09 28.12 28.31 28.26 28.09 27.85 27.63 27.34 27.00 26.82 26.73 26.63 26.64 26.50 26.52 26.49 26.48 26.49 26.59 26.75 26.96 27.14 27.29 27.37 27.32 27.17 27.05 26.90 26.78 26.76 26.90 27.22 27.66 27.95 28.03 28.03 28.04 28.08 28.08 28.01 27.85 27.64 27.37 27.06 26.75 26.49 26.28 26.08 25.88 25.60 25.32 25.11 24.82 24.62 24.38 24.20 23.90 23.57 23.52 23.52 23.38 23.25 23.09 22.93 22.72 22.60 22.46 22.35 22.45 22.54 22.66 22.80 22.95 23.09
28.55 28.43 28.46 28.33 28.10 28.22 28.27 28.00 27.70 27.48 27.30 26.96 26.86 26.79 26.70 26.55 26.44 26.43 26.32 26.32 26.28 26.32 26.41 26.54 26.73 26.85 26.75 26.74 26.69 26.61 26.48 26.38 26.38 26.56 27.06 27.76 28.19 28.10 28.09 28.14 28.18 28.15 28.12 28.00 27.76 27.43 27.19 26.92 26.64 26.39 26.19 26.00 25.69 25.43 25.20 24.97 24.79 24.55 24.32 24.00 23.66 23.65 23.62 23.54 23.44 23.31 23.14 22.98 22.87 22.77 22.72 22.74 22.82 22.91 23.04 23.19 23.32
28.71 28.65 28.58 28.34 28.21 28.07 28.18 27.99 27.68 27.32 27.16 26.97 26.77 26.81 26.63 26.32 26.31 26.33 26.34 26.18 26.01 26.05 26.07 26.07 26.11 26.25 26.16 26.08 26.02 25.96 25.92 25.86 25.88 26.03 26.55 27.26 27.72 27.82 27.94 28.04 28.07 28.13 28.16 28.04 27.78 27.45 27.20 26.96 26.69 26.46 26.28 26.05 25.76 25.52 25.32 25.11 24.91 24.73 24.50 24.19 23.94 23.84 23.80 23.73 23.66 23.60 23.43 23.28 23.18 23.11 23.09 23.08 23.13 23.23 23.32 23.42 23.54
28.99 28.84 28.75 28.40 28.51 28.31 28.21 27.97 27.65 27.55 27.25 27.00 26.71 26.70 26.46 26.16 26.13 26.06 26.13 26.12 25.81 25.76 25.69 25.66 25.65 25.58 25.43 25.38 25.34 25.24 25.25 25.25 25.33 25.54 25.97 26.49 26.95 27.23 27.45 27.64 27.84 27.99 28.10 27.98 27.74 27.49 27.22 26.97 26.70 26.48 26.29 26.08 25.88 25.66 25.46 25.29 25.10 24.91 24.73 24.51 24.29 24.20 24.13 24.06 24.02 23.92 23.75 23.65 23.54 23.46 23.42 23.44 23.48 23.55 23.63 23.71 23.80
28.65 28.57 28.32 28.19 28.39 28.20 28.22 27.97 27.71 27.50 27.26 27.09 26.84 26.57 26.34 26.20 25.90 25.98 25.85 25.92 25.59 25.47 25.34 25.24 25.18 25.01 24.83 24.77 24.74 24.69 24.62 24.62 24.71 24.94 25.30 25.77 26.20 26.60 26.97 27.30 27.54 27.72 27.87 27.79 27.61 27.37 27.21 27.00 26.74 26.56 26.37 26.18 26.01 25.84 25.67 25.49 25.30 25.11 25.00 24.83 24.64 24.64 24.53 24.43 24.37 24.24 24.11 24.03 23.94 23.86 23.86 23.82 23.86 23.91 23.96 24.02 24.08
28.59 28.54 28.58 28.52 28.35 28.35 28.17 28.00 27.78 27.56 27.39 27.15 26.84 26.60 26.43 26.27 25.97 25.94 25.83 25.82 25.44 25.23 25.08 24.87 24.68 24.51 24.27 24.20 24.14 24.17 24.08 24.05 24.13 24.33 24.71 25.14 25.62 26.11 26.57 26.92 27.21 27.43 27.57 27.52 27.39 27.26 27.13 26.93 26.76 26.61 26.41 26.24 26.14 26.00 25.81 25.64 25.51 25.44 25.30 25.12 25.00 25.05 24.98 24.81 24.73 24.66 24.56 24.47 24.39 24.35 24.30 24.26 24.29 24.32 24.36 24.37 24.40
28.86 28.92 28.89 28.91 28.79 28.54 28.37 28.17 27.95 27.73 27.51 27.31 26.91 26.68 26.53 26.34 26.19 25.97 25.72 25.53 25.27 25.04 24.84 24.66 24.46 24.26 24.01 23.91 23.79 23.76 23.70 23.60 23.64 23.81 24.10 24.58 25.16 25.75 26.20 26.57 26.89 27.14 27.29 27.23 27.19 27.10 27.02 26.91 26.76 26.56 26.41 26.37 26.32 26.16 26.04 25.87 25.80 25.77 25.65 25.51 25.28 25.39 25.43 25.27 25.19 25.09 25.04 24.93 24.88 24.86 24.83 24.78 24.75 24.77 24.75 24.75 24.77
29.17 29.15 29.02 28.98 28.80 28.67 28.51 28.26 28.10 27.82 27.63 27.28 27.02 26.79 26.59 26.38 26.15 25.89 25.66 25.48 25.14 24.89 24.64 24.48 24.28 24.12 23.90 23.79 23.65 23.54 23.50 23.43 23.38 23.31 23.59 24.20 24.87 25.47 25.95 26.33 26.59 26.80 26.89 26.89 26.92 26.90 26.87 26.82 26.73 26.62 26.49 26.44 26.41 26.36 26.30 26.20 26.18 26.11 26.02 25.84 25.65 25.76 25.85 25.76 25.66 25.56 25.48 25.39 25.34 25.36 25.31 25.23 25.18 25.17 25.18 25.17 25.11
29.76 29.28 29.19 29.23 28.92 28.71 28.51 28.35 28.14 27.94 27.70 27.31 27.07 26.83 26.66 26.42 26.16 25.89 25.61 25.32 25.23 24.96 24.66 24.38 24.19 23.98 23.80 23.70 23.62 23.53 23.57 23.53 23.35 23.08 23.39 24.12 24.74 25.35 25.76 26.12 26.37 26.56 26.62 26.68 26.79 26.79 26.76 26.72 26.74 26.73 26.64 26.57 26.55 26.60 26.56 26.50 26.45 26.39 26.31 26.21 26.12 26.19 26.28 26.22 26.10 25.99 25.93 25.85 25.79 25.79 25.71 25.63 25.59 25.60 25.55 25.51 25.41
30.17 29.65 29.40 29.63 29.51 29.12 28.88 28.49 28.22 27.97 27.76 27.46 27.17 26.93 26.71 26.44 26.18 25.92 25.64 25.32 25.22 25.05 24.66 24.37 24.17 23.98 23.82 23.72 23.69 23.69 23.73 23.76 23.70 23.67 23.91 24.35 24.82 25.34 25.71 25.99 26.24 26.43 26.54 26.62 26.69 26.74 26.75 26.67 26.73 26.71 26.71 26.66 26.67 26.70 26.76 26.73 26.72 26.68 26.63 26.59 26.54 26.57 26.71 26.65 26.54 26.48 26.45 26.37 26.30 26.23 26.16 26.03 25.97 25.99 25.91 25.79 25.71
30.55 30.07 29.59 29.67 29.69 29.25 28.88 28.47 28.17 27.98 27.80 27.56 27.28 27.00 26.75 26.47 26.19 25.94 25.66 25.34 25.10 24.89 24.64 24.37 24.21 24.00 23.87 23.87 23.89 23.98 24.11 24.30 24.38 24.47 24.68 24.89 25.15 25.46 25.71 25.90 26.13 26.30 26.41 26.50 26.54 26.60 26.62 26.67 26.73 26.72 26.76 26.77 26.80 26.90 26.97 26.97 27.01 27.02 27.00 26.98 26.95 26.94 27.06 27.09 26.98 26.95 26.99 26.91 26.79 26.64 26.53 26.43 26.36 26.33 26.22 26.09 26.01
30.80 30.65 29.93 29.67 29.75 29.27 29.01 28.59 28.37 28.09 27.92 27.71 27.39 27.02 26.81 26.50 26.20 25.95 25.67 25.38 25.13 24.85 24.66 24.51 24.24 24.05 23.91 23.92 24.02 24.20 24.44 24.87 25.12 25.33 25.40 25.43 25.56 25.70 25.85 25.95 26.07 26.13 26.25 26.35 26.42 26.47 26.53 26.58 26.67 26.75 26.79 26.85 26.93 27.07 27.22 27.27 27.29 27.36 27.42 27.40 27.40 27.35 27.38 27.53 27.43 27.47 27.47 27.35 27.17 27.05 26.97 26.90 26.80 26.69 26.52 26.45 26.32
30.98 30.35 29.99 29.64 29.53 29.46 29.09 28.73 28.51 28.27 28.01 27.75 27.47 27.17 26.87 26.50 26.23 25.97 25.69 25.42 25.23 25.02 24.70 24.52 24.33 24.14 23.92 23.93 24.08 24.29 24.72 25.26 25.79 26.24 26.12 25.90 25.81 25.87 25.90 25.92 25.94 26.00 26.09 26.19 26.25 26.31 26.40 26.47 26.57 26.72 26.82 26.91 27.07 27.23 27.40 27.53 27.60 27.70 27.81 27.82 27.84 27.87 27.86 27.88 27.91 27.88 27.85 27.77 27.66 27.45 27.30 27.30 27.19 26.96 26.82 26.76 26.63
31.03 30.79 30.48 30.07 29.65 29.55 29.21 28.98 28.64 28.42 28.20 27.90 27.56 27.40 27.03 26.64 26.36 26.09 25.78 25.54 25.35 25.12 24.86 24.62 24.41 24.15 24.02 23.96 24.07 24.41 24.89 25.45 26.08 26.61 26.41 26.11 25.89 25.88 25.85 25.86 25.89 25.92 25.98 26.05 26.12 26.20 26.28 26.41 26.53 26.69 26.85 27.03 27.22 27.43 27.63 27.76 27.95 28.10 28.15 28.23 28.31 28.37 28.36 28.36 28.36 28.24 28.20 28.19 28.08 27.83 27.73 27.57 27.41 27.24 27.11 27.06 26.91
31.33 31.09 30.79 30.45 29.89 29.69 29.39 29.14 28.87 28.57 28.25 27.87 27.53 27.32 27.09 26.72 26.43 26.16 25.87 25.64 25.42 25.25 25.02 24.74 24.54 24.35 24.18 24.03 24.11 24.43 24.87 25.32 25.80 26.15 26.22 26.03 25.84 25.78 25.70 25.72 25.74 25.78 25.85 25.87 25.94 26.04 26.14 26.30 26.48 26.64 26.89 27.15 27.37 27.60 27.86 28.06 28.22 28.42 28.56 28.70 28.77 28.83 28.87 28.83 28.79 28.72 28.57 28.59 28.38 28.27 28.14 27.90 27.78 27.61 27.44 27.38 27.21
31.64 31.27 30.88 30.40 30.19 29.69 29.50 29.33 29.06 28.67 28.34 28.06 27.68 27.46 27.23 26.80 26.49 26.21 25.97 25.76 25.53 25.39 25.10 24.85 24.63 24.47 24.32 24.21 24.24 24.47 24.79 25.13 25.47 25.72 25.81 25.67 25.61 25.58 25.51 25.52 25.57 25.60 25.60 25.67 25.78 25.91 26.06 26.19 26.41 26.66 26.91 27.19 27.51 27.80 28.08 28.35 28.52 28.75 28.92 29.11 29.23 29.26 29.28 29.25 29.25 29.17 29.02 28.98 28.86 28.63 28.44 28.32 28.17 28.00 27.81 27.67 27.47
31.65 31.43 31.05 30.74 30.42 30.06 29.61 29.58 29.27 28.87 28.55 28.28 27.94 27.61 27.26 26.95 26.65 26.35 26.10 25.86 25.59 25.40 25.17 24.96 24.74 24.56 24.35 24.29 24.38 24.48 24.65 24.85 25.11 25.24 25.33 25.29 25.25 25.23 25.26 25.28 25.34 25.40 25.46 25.53 25.67 25.83 26.01 26.16 26.39 26.70 26.99 27.31 27.63 27.96 28.27 28.59 28.85 29.07 29.29 29.45 29.55 29.66 29.60 29.62 29.60 29.54 29.46 29.36 29.29 29.07 28.70 28.60 28.39 28.17 28.00 27.89 27.64
32.07 31.69 31.46 31.10 30.61 30.23 29.86 29.81 29.47 29.05 28.71 28.41 28.07 27.75 27.36 27.04 26.81 26.53 26.21 25.94 25.74 25.46 25.19 24.92 24.77 24.63 24.50 24.42 24.39 24.42 24.50 24.61 24.73 24.78 24.81 24.84 24.85 24.87 24.95 24.98 25.06 25.19 25.34 25.45 25.64 25.81 25.99 26.13 26.39 26.74 27.07 27.42 27.79 28.18 28.52 28.80 29.09 29.34 29.59 29.81 29.88 29.90 29.92 29.98 29.90 29.81 29.76 29.77 29.67 29.14 29.04 28.85 28.66 28.48 28.28 28.11 27.79
32.19 32.11 31.74 31.46 31.06 30.50 30.07 29.79 29.48 29.27 28.94 28.60 28.28 27.96 27.58 27.25 27.03 26.70 26.35 26.07 25.92 25.58 25.30 25.06 24.85 24.76 24.60 24.51 24.45 24.38 24.40 24.39 24.40 24.42 24.44 24.45 24.47 24.54 24.66 24.77 24.92 25.09 25.25 25.40 25.64 25.80 26.03 26.21 26.45 26.82 27.18 27.58 27.97 28.40 28.75 29.06 29.40 29.66 29.86 30.07 30.10 30.20 30.21 30.21 30.19 30.08 30.07 30.12 30.02 29.82 29.44 29.20 28.97 28.79 28.62 28.43 28.02
32.71 32.51 32.07 31.77 31.40 30.88 30.36 30.02 29.71 29.49 29.19 28.84 28.46 28.10 27.77 27.43 27.14 26.83 26.49 26.22 26.03 25.83 25.50 25.21 25.04 24.86 24.66 24.54 24.46 24.33 24.26 24.20 24.16 24.13 24.08 24.07 24.19 24.31 24.41 24.59 24.80 25.02 25.21 25.38 25.61 25.85 26.09 26.35 26.66 27.01 27.39 27.81 28.24 28.65 29.00 29.35 29.70 29.96 30.12 30.15 30.27 30.38 30.42 30.50 30.46 30.38 30.33 30.36 30.34 29.70 29.35 29.11 28.87 28.49 28.43 28.12 27.63
33.18 32.77 32.14 31.91 31.49 31.12 30.68 30.38 29.88 29.55 29.25 28.94 28.54 28.15 27.82 27.49 27.16 26.90 26.68 26.50 26.24 25.98 25.63 25.37 25.14 24.91 24.74 24.59 24.44 24.26 24.15 24.09 24.02 23.95 23.88 23.90 23.99 24.15 24.27 24.48 24.77 24.98 25.17 25.40 25.66 25.98 26.27 26.57 26.93 27.28 27.67 28.10 28.54 28.96 29.31 29.70 30.03 30.27 30.36 30.44 30.49 30.68 30.70 30.74 30.67 30.57 30.58 30.32 29.78 29.24 28.83 28.67 28.42 28.21 27.99 27.80 27.51
33.35 32.97 32.55 32.29 31.78 31.36 31.13 30.69 30.19 29.74 29.41 29.10 28.69 28.38 28.02 27.66 27.33 26.99 26.79 26.61 26.36 26.02 25.74 25.47 25.26 25.03 24.83 24.67 24.51 24.27 24.11 24.03 23.94 23.93 23.91 23.82 23.90 24.06 24.20 24.45 24.75 25.01 25.23 25.53 25.85 26.17 26.51 26.84 27.22 27.60 27.99 28.43 28.88 29.30 29.69 30.02 30.35 30.56 30.73 30.80 30.90 31.00 31.11 31.08 30.82 30.63 30.32 29.70 29.52 29.33 29.10 28.93 28.73 28.49 28.27 28.03 27.81
33.40 33.16 32.70 32.45 32.12 31.80 31.40 30.90 30.41 29.87 29.49 29.17 28.82 28.50 28.15 27.81 27.50 27.10 26.83 26.67 26.42 26.15 25.89 25.60 25.34 25.14 24.96 24.76 24.57 24.38 24.23 24.14 24.04 23.97 23.91 23.85 23.91 24.09 24.27 24.49 24.75 25.04 25.33 25.70 26.04 26.41 26.76 27.09 27.51 27.87 28.29 28.80 29.24 29.69 30.10 30.45 30.64 30.84 30.76 30.54 30.34 30.23 30.20 30.19 30.00 30.07 29.90 29.84 29.74 29.56 29.43 29.30 29.12 28.82 28.62 28.38 28.13
