project/src/data/BOM_climate/monthly_mean_rainfall/rainjul.txt
ncols 886
nrows 691
xllcenter 112.0000
yllcenter -44.5000
cellsize 0.0500
nodata_value 99999.90
[rows 306 to 339 of 691, columns 308 to 384 of 886]
12.16 12.19 12.34 12.44 12.44 12.46 12.47 12.48 12.50 12.49 12.66 12.74 12.71 12.74 12.83 12.92 13.04 13.21 13.35 13.38 13.48 13.57 13.71 13.85 14.03 14.22 14.34 14.52 14.67 14.84 15.04 15.23 15.42 15.43 15.53 15.69 15.75 15.72 15.66 15.72 15.79 15.91 16.00 16.08 16.19 16.28 16.38 16.40 16.42 16.42 16.14 16.04 16.03 16.03 16.02 15.96 15.92 15.92 15.95 15.94 15.94 15.96 15.93 15.95 15.99 16.04 16.13 16.36 16.12 15.91 15.83 15.74 15.61 15.44 15.31 15.15 14.98
12.23 12.30 12.43 12.53 12.56 12.64 12.61 12.57 12.50 12.53 12.71 12.74 12.74 12.76 12.85 12.97 13.14 13.24 13.33 13.40 13.47 13.57 13.72 13.87 14.01 14.18 14.33 14.58 14.73 14.82 14.98 15.12 15.21 15.29 15.41 15.60 15.72 15.73 15.65 15.64 15.70 15.80 15.91 16.02 16.16 16.22 16.27 16.34 16.28 16.30 16.24 16.07 16.17 16.15 16.16 15.97 16.01 15.91 15.91 15.93 15.92 15.99 15.92 15.94 15.97 15.98 16.01 15.97 15.87 15.80 15.72 15.61 15.45 15.45 15.19 15.05 14.88
12.25 12.28 12.44 12.61 12.61 12.64 12.64 12.58 12.50 12.52 12.62 12.71 12.79 12.79 12.87 13.00 13.10 13.21 13.27 13.37 13.48 13.59 13.73 13.89 14.02 14.15 14.33 14.62 14.89 14.92 15.01 15.09 15.10 15.21 15.34 15.46 15.66 15.68 15.65 15.60 15.63 15.83 16.00 16.09 16.10 16.11 16.18 16.29 16.24 16.20 16.21 16.29 16.33 16.28 16.11 16.02 15.94 16.00 15.93 15.93 15.90 15.91 15.92 15.92 15.95 16.01 16.04 15.92 15.82 15.76 15.66 15.52 15.39 15.24 15.11 14.98 14.81
12.29 12.26 12.44 12.51 12.53 12.52 12.53 12.53 12.49 12.51 12.60 12.68 12.75 12.81 12.90 13.00 13.09 13.18 13.27 13.36 13.48 13.63 13.75 13.87 14.01 14.18 14.36 14.55 14.73 14.86 14.92 14.97 15.00 15.10 15.22 15.34 15.47 15.48 15.50 15.51 15.61 15.83 15.93 15.96 15.95 16.00 16.09 16.16 16.24 16.20 16.23 16.35 16.45 16.44 16.13 16.10 15.96 15.96 15.96 15.93 15.90 15.89 15.94 15.90 15.91 15.94 15.96 15.89 15.81 15.76 15.62 15.47 15.34 15.18 15.05 14.90 14.73
12.21 12.20 12.33 12.47 12.50 12.45 12.47 12.47 12.50 12.53 12.63 12.73 12.80 12.87 12.96 13.04 13.11 13.22 13.30 13.38 13.50 13.64 13.80 13.92 14.06 14.21 14.35 14.51 14.67 14.76 14.84 14.89 14.94 15.02 15.11 15.19 15.27 15.35 15.41 15.47 15.58 15.70 15.78 15.81 15.85 15.98 16.07 16.17 16.26 16.25 16.29 16.30 16.22 16.16 16.10 16.06 16.31 16.03 15.97 15.89 15.88 15.91 15.88 15.98 15.94 15.86 15.82 15.77 15.70 15.62 15.53 15.42 15.32 15.14 14.96 14.82 14.66
12.13 12.15 12.26 12.39 12.49 12.49 12.45 12.45 12.50 12.60 12.75 12.82 12.95 13.01 13.08 13.16 13.18 13.27 13.34 13.43 13.59 13.70 13.86 13.96 14.03 14.15 14.32 14.44 14.56 14.66 14.72 14.79 14.86 14.95 15.05 15.18 15.19 15.26 15.40 15.50 15.65 15.74 15.70 15.71 15.85 15.91 16.03 16.11 16.15 16.15 16.16 16.18 16.13 16.05 16.06 16.10 16.23 16.03 15.99 15.92 15.99 16.04 15.89 15.96 15.95 15.81 15.73 15.67 15.61 15.53 15.41 15.32 15.21 15.04 14.86 14.71 14.56
12.06 12.10 12.21 12.33 12.43 12.50 12.46 12.45 12.55 12.73 12.86 12.95 13.00 13.16 13.22 13.34 13.32 13.39 13.48 13.52 13.62 13.73 13.81 13.91 14.03 14.16 14.32 14.42 14.52 14.63 14.64 14.73 14.79 14.85 14.96 15.03 15.15 15.24 15.38 15.41 15.55 15.61 15.62 15.67 15.78 15.82 15.95 16.01 16.07 16.01 16.06 16.07 16.12 16.04 16.10 16.13 16.13 16.57 16.06 15.91 16.29 16.22 15.89 15.91 15.92 15.86 15.73 15.62 15.54 15.46 15.33 15.21 15.09 14.94 14.79 14.64 14.47
12.02 12.13 12.18 12.25 12.36 12.45 12.47 12.48 12.56 12.72 12.91 13.05 13.14 13.27 13.35 13.44 13.51 13.50 13.62 13.67 13.72 13.78 13.80 13.95 14.01 14.17 14.38 14.46 14.49 14.58 14.58 14.67 14.73 14.77 14.87 14.98 15.07 15.14 15.21 15.29 15.37 15.48 15.54 15.59 15.66 15.73 15.82 15.87 15.89 15.93 16.01 15.98 15.99 16.06 16.05 16.12 16.21 16.39 15.99 15.92 16.04 16.07 15.97 15.92 15.86 15.93 15.69 15.59 15.48 15.42 15.28 15.14 15.02 14.87 14.72 14.58 14.40
12.05 12.08 12.13 12.25 12.29 12.35 12.42 12.48 12.58 12.71 12.86 12.99 13.13 13.23 13.29 13.34 13.49 13.57 13.64 13.69 13.86 13.83 13.79 13.93 14.10 14.19 14.29 14.39 14.46 14.56 14.55 14.64 14.73 14.79 14.86 14.96 15.01 15.07 15.13 15.20 15.30 15.38 15.45 15.56 15.62 15.64 15.70 15.75 15.78 15.81 15.84 15.92 15.91 15.91 15.98 16.00 16.06 16.07 15.99 15.92 16.05 16.09 16.02 15.95 15.96 15.78 15.67 15.62 15.46 15.42 15.25 15.09 14.99 14.83 14.69 14.56 14.34
12.02 12.14 12.14 12.20 12.29 12.39 12.45 12.53 12.63 12.70 12.83 12.97 13.07 13.15 13.27 13.34 13.43 13.55 13.59 13.75 13.77 13.67 13.75 13.99 14.12 14.14 14.20 14.31 14.44 14.54 14.53 14.62 14.76 14.78 14.83 14.89 14.98 15.05 15.13 15.17 15.25 15.33 15.41 15.47 15.51 15.55 15.60 15.67 15.72 15.74 15.77 15.86 15.85 15.86 15.86 15.86 15.88 15.91 15.98 16.00 16.07 16.10 16.01 16.01 16.04 15.84 15.68 15.57 15.44 15.35 15.23 15.09 14.95 14.78 14.69 14.49 14.30
12.15 12.21 12.23 12.28 12.38 12.58 12.60 12.59 12.69 12.72 12.84 12.92 13.00 13.10 13.15 13.20 13.29 13.43 13.52 13.64 13.64 13.53 13.70 13.97 14.07 14.06 14.15 14.25 14.33 14.45 14.60 14.66 14.71 14.75 14.79 14.91 15.00 15.07 15.13 15.16 15.22 15.33 15.39 15.45 15.48 15.53 15.58 15.67 15.73 15.82 15.86 15.85 15.84 15.80 15.80 15.81 15.88 15.82 15.92 15.99 15.87 15.87 15.88 15.96 16.09 15.95 15.88 15.73 15.44 15.27 15.28 15.14 15.04 14.79 14.71 14.48 14.27
12.29 12.36 12.43 12.44 12.39 12.52 12.65 12.59 12.68 12.70 12.83 12.89 12.95 13.05 13.10 13.13 13.20 13.29 13.37 13.39 13.29 13.72 13.79 13.90 13.96 14.06 14.14 14.25 14.44 14.46 14.73 14.96 14.79 14.82 14.87 14.93 15.01 15.11 15.18 15.23 15.27 15.46 15.91 15.84 15.49 15.54 15.62 15.82 15.80 15.79 15.85 15.88 15.87 15.84 15.81 15.82 15.82 15.85 15.79 15.76 15.74 15.72 15.73 15.77 15.74 15.68 15.70 15.79 15.44 15.32 15.26 15.03 15.08 14.89 14.73 14.50 14.24
12.34 12.49 12.51 12.46 12.40 12.44 12.50 12.55 12.58 12.62 12.71 12.81 12.88 12.96 13.01 13.09 13.19 13.25 13.36 13.49 13.57 13.65 13.90 13.98 14.08 14.22 14.22 14.35 14.42 14.58 14.68 14.77 14.84 14.91 15.03 15.03 15.16 15.18 15.48 15.62 15.43 15.98 16.54 15.62 15.62 15.65 15.64 15.69 15.77 15.86 15.93 15.99 15.98 15.92 15.86 15.85 15.81 15.75 15.67 15.61 15.60 15.57 15.56 15.52 15.51 15.50 15.52 15.53 15.48 15.46 15.13 15.03 15.02 14.96 14.81 14.47 14.23
12.30 12.48 12.55 12.42 12.38 12.39 12.46 12.55 12.54 12.59 12.67 12.80 12.82 12.94 12.97 13.08 13.21 13.30 13.43 13.54 13.74 13.68 13.91 14.08 14.20 14.30 14.27 14.37 14.48 14.56 14.70 14.73 14.84 14.90 15.00 15.16 15.24 15.24 15.35 15.74 15.88 16.18 16.17 15.71 16.04 16.09 15.89 15.74 15.80 15.95 16.06 16.16 16.21 16.28 15.95 15.92 15.83 15.76 15.62 15.56 15.51 15.46 15.43 15.41 15.38 15.42 15.35 15.43 15.57 15.42 15.13 15.16 15.08 15.21 14.96 14.52 14.15
12.37 12.48 12.45 12.39 12.38 12.40 12.44 12.49 12.50 12.55 12.64 12.71 12.78 12.89 13.12 13.24 13.40 13.44 13.57 13.68 13.65 13.68 13.76 14.17 14.67 14.43 14.23 14.32 14.54 14.60 14.71 14.79 14.83 14.94 15.06 15.20 15.31 15.34 15.40 15.45 15.51 15.64 15.62 15.98 16.10 16.88 16.91 16.29 16.04 16.06 16.19 16.24 16.34 16.35 17.25 17.15 16.26 15.87 15.73 15.57 15.49 15.39 15.33 15.30 15.27 15.24 15.21 15.31 15.29 15.23 15.10 15.15 15.11 15.42 15.33 14.54 14.12
12.28 12.53 12.47 12.36 12.36 12.45 12.40 12.41 12.48 12.56 12.65 12.73 12.81 12.90 13.01 13.14 13.27 13.41 13.61 13.71 13.73 13.67 13.72 13.86 14.26 14.27 14.18 14.56 14.87 14.86 14.92 14.98 14.90 15.09 15.20 15.55 15.67 15.67 15.58 15.56 15.56 15.53 15.54 15.55 15.57 15.72 15.78 16.04 16.48 16.26 16.70 16.38 16.62 17.06 17.44 16.78 16.32 16.84 16.14 15.63 15.45 15.34 15.28 15.21 15.19 15.18 15.19 15.13 15.13 15.09 15.06 15.08 15.45 15.27 15.67 14.39 14.10
12.32 12.53 12.44 12.31 12.34 12.35 12.34 12.38 12.46 12.56 12.70 12.79 12.84 12.92 13.03 13.16 13.31 13.46 13.56 13.69 13.62 13.62 13.60 13.74 13.92 13.97 14.08 14.27 14.71 15.16 15.18 15.19 15.05 14.99 15.03 15.28 15.61 15.99 15.92 15.78 15.70 15.81 15.77 15.69 15.61 15.56 15.59 15.64 15.72 16.10 16.45 16.37 16.57 16.49 16.48 16.30 16.99 17.10 16.75 15.84 15.39 15.24 15.16 15.12 15.14 15.13 15.12 15.19 15.29 15.12 15.13 15.06 15.39 15.99 15.65 14.34 14.16
12.44 12.58 12.47 12.32 12.29 12.32 12.34 12.38 12.47 12.57 12.78 13.07 13.05 13.04 13.14 13.24 13.35 13.55 13.68 13.77 13.64 13.56 13.56 13.69 13.93 14.37 14.31 14.26 14.41 14.62 14.93 15.25 15.07 14.99 14.91 15.39 15.27 15.51 15.57 15.43 15.61 15.62 15.58 15.62 15.54 15.49 15.54 15.64 15.64 15.67 15.69 15.64 15.59 15.57 15.56 15.54 15.95 16.23 15.99 15.62 15.32 15.18 15.19 15.04 15.11 15.10 15.15 15.19 15.21 15.45 15.51 15.15 15.10 15.70 15.26 14.46 14.60
12.39 12.67 12.43 12.33 12.31 12.29 12.33 12.40 12.50 12.60 12.78 13.06 13.28 13.25 13.29 13.36 13.45 13.54 13.75 13.77 13.70 13.71 13.61 13.62 13.68 13.87 14.38 14.50 14.53 14.54 14.92 14.99 14.89 14.90 15.00 14.97 15.82 15.90 15.67 15.41 15.28 15.24 15.36 15.31 15.30 15.34 15.41 15.57 15.77 15.72 15.71 15.67 15.65 15.52 15.39 15.30 15.27 15.26 15.29 15.21 15.17 15.20 15.02 15.10 15.09 15.10 15.22 15.20 15.32 15.96 15.73 15.48 15.22 15.01 14.69 14.67 15.04
12.29 12.59 12.34 12.27 12.26 12.28 12.34 12.45 12.52 12.65 12.83 13.06 13.11 13.20 13.34 13.51 13.64 13.66 13.75 13.78 13.68 13.60 13.58 13.64 13.66 13.68 13.82 14.31 14.37 14.45 14.50 14.82 14.98 14.86 14.71 14.85 15.01 15.16 15.13 15.11 15.19 15.11 15.19 15.14 15.17 15.38 15.43 15.55 15.61 15.75 15.87 15.81 15.77 15.77 15.69 15.36 15.23 15.19 15.15 15.11 15.07 15.02 14.98 14.92 14.95 14.92 14.93 14.99 15.06 15.23 15.23 15.15 15.10 14.89 14.51 14.63 14.52
12.24 12.26 12.25 12.20 12.24 12.29 12.43 12.55 12.58 12.71 12.94 13.03 13.09 13.30 13.46 13.54 13.63 13.67 13.81 13.80 13.94 13.62 13.60 13.57 13.60 13.65 13.69 13.87 14.16 14.15 14.34 14.51 14.48 14.58 14.60 14.62 14.75 14.96 14.98 15.00 14.97 14.99 15.10 15.05 15.05 15.12 15.35 15.55 15.63 15.89 16.17 15.88 15.95 16.02 15.68 15.40 15.25 15.17 15.11 15.10 15.15 14.96 14.91 14.90 14.93 14.86 14.86 15.05 15.02 14.92 15.02 15.10 14.86 14.66 14.39 14.23 14.18
12.19 12.30 12.16 12.16 12.22 12.28 12.38 12.50 12.59 12.72 12.96 13.08 13.22 13.35 13.51 13.53 13.53 13.67 13.75 13.76 13.74 13.80 13.57 13.54 13.56 13.62 13.69 13.81 13.97 14.07 14.25 14.37 14.34 14.34 14.39 14.48 14.50 14.63 14.67 14.80 14.86 14.88 14.89 14.98 15.07 15.13 15.20 15.37 15.35 15.51 15.80 16.10 15.73 15.64 15.66 15.56 15.33 15.15 15.07 15.02 14.97 14.90 14.86 14.92 14.83 14.77 14.73 14.74 14.87 15.07 14.87 15.05 14.85 14.63 14.59 14.31 14.08
12.07 12.18 12.15 12.18 12.26 12.28 12.35 12.47 12.58 12.71 12.86 13.00 13.14 13.33 13.50 13.50 13.46 13.56 13.62 13.73 13.77 13.69 13.52 13.51 13.58 13.60 13.68 13.77 13.90 13.99 14.06 14.25 14.22 14.24 14.32 14.39 14.43 14.53 14.60 14.69 14.75 14.81 14.91 14.95 15.04 15.09 15.11 15.21 15.23 15.39 15.57 15.63 15.61 15.46 15.36 15.38 15.30 15.21 15.10 15.03 14.98 14.89 14.82 14.84 14.72 14.64 14.59 14.63 14.81 14.78 14.66 14.78 14.63 14.73 14.49 14.22 14.03
11.98 12.05 12.11 12.17 12.24 12.29 12.35 12.44 12.59 12.74 12.89 13.01 13.13 13.30 13.48 13.43 13.41 13.47 13.62 13.70 13.60 13.53 13.44 13.45 13.51 13.61 13.68 13.74 13.93 13.94 14.02 14.11 14.14 14.18 14.25 14.30 14.38 14.51 14.58 14.63 14.73 14.80 14.89 14.92 15.07 15.10 15.07 15.13 15.17 15.31 15.40 15.35 15.39 15.38 15.28 15.28 15.35 15.35 15.21 15.22 15.05 14.92 14.85 14.72 14.65 14.57 14.58 14.61 14.63 14.60 14.62 14.54 14.62 14.55 14.30 14.14 14.01
11.98 12.05 12.10 12.16 12.24 12.29 12.37 12.48 12.62 12.77 12.90 13.01 13.10 13.20 13.29 13.30 13.32 13.37 13.51 13.51 13.52 13.46 13.39 13.41 13.47 13.53 13.68 13.73 13.84 13.92 13.93 14.03 14.09 14.15 14.20 14.26 14.36 14.44 14.55 14.61 14.67 14.81 14.83 14.89 15.02 15.08 15.07 15.10 15.14 15.26 15.28 15.23 15.28 15.31 15.24 15.20 15.29 15.30 15.63 15.38 15.08 15.11 14.85 14.70 14.60 14.56 14.56 14.55 14.52 14.46 14.51 14.45 14.42 14.44 14.33 14.08 13.98
12.01 12.07 12.11 12.18 12.24 12.30 12.38 12.49 12.63 12.76 12.87 12.92 13.01 13.23 13.28 13.24 13.32 13.40 13.46 13.43 13.51 13.38 13.40 13.51 13.46 13.51 13.62 13.59 13.69 13.78 13.89 13.96 14.03 14.10 14.18 14.24 14.32 14.39 14.47 14.53 14.60 14.67 14.72 14.82 14.92 15.01 15.01 15.14 15.32 15.17 15.13 15.18 15.28 15.22 15.16 15.13 15.13 15.15 15.33 15.32 15.20 15.44 15.30 14.66 14.57 14.54 14.61 14.69 14.56 14.39 14.37 14.32 14.28 14.33 14.26 14.05 13.94
12.03 12.09 12.12 12.17 12.27 12.36 12.43 12.59 12.71 12.78 12.80 12.85 12.93 13.09 13.18 13.19 13.20 13.25 13.35 13.31 13.31 13.26 13.27 13.39 13.46 13.47 13.49 13.55 13.68 13.77 13.86 13.93 14.00 14.07 14.13 14.23 14.31 14.37 14.46 14.51 14.58 14.63 14.69 14.72 14.82 14.85 14.95 15.13 15.25 15.13 15.08 15.14 15.21 15.10 15.09 15.08 15.06 15.04 15.12 15.10 15.14 15.03 14.91 14.66 14.57 14.51 14.44 14.50 14.44 14.32 14.27 14.22 14.16 14.21 14.28 14.03 13.95
12.04 12.09 12.14 12.31 12.29 12.34 12.41 12.52 12.57 12.67 12.75 12.81 12.93 13.21 13.28 13.27 13.27 13.20 13.26 13.25 13.24 13.22 13.23 13.31 13.37 13.44 13.51 13.56 13.67 13.79 13.83 13.91 13.97 14.05 14.12 14.19 14.41 14.40 14.46 14.52 14.54 14.58 14.64 14.69 14.76 14.82 14.93 15.04 15.07 15.09 15.05 15.02 15.04 15.01 15.02 15.04 14.98 14.96 15.09 15.01 14.95 14.88 14.85 14.72 14.59 14.50 14.44 14.42 14.56 14.35 14.28 14.26 14.17 14.20 14.21 14.09 14.00
12.11 12.11 12.13 12.18 12.19 12.26 12.37 12.46 12.50 12.62 12.70 12.82 12.93 13.09 13.25 13.28 13.22 13.21 13.20 13.27 13.34 13.23 13.23 13.29 13.37 13.43 13.50 13.56 13.65 13.81 13.81 13.86 13.93 14.02 14.17 14.35 14.45 14.43 14.47 14.53 14.56 14.59 14.62 14.70 14.81 14.88 14.91 14.99 14.95 15.00 14.99 14.93 14.95 14.98 15.01 15.12 14.99 14.92 14.97 14.98 15.03 14.81 14.78 14.74 14.61 14.51 14.46 14.40 14.33 14.27 14.26 14.19 14.12 14.09 14.11 14.02 13.97
12.10 12.11 12.10 12.13 12.17 12.21 12.29 12.36 12.45 12.55 12.64 12.72 12.83 12.98 13.14 13.25 13.24 13.23 13.26 13.34 13.37 13.25 13.25 13.31 13.36 13.41 13.47 13.53 13.61 13.69 13.77 13.84 13.92 14.05 14.21 14.42 14.55 14.54 14.56 14.61 14.71 14.73 14.71 14.78 14.85 14.83 14.86 15.02 15.04 14.90 14.91 14.92 14.91 14.99 15.10 15.28 15.02 14.88 14.87 14.86 14.82 14.72 14.74 14.77 14.63 14.51 14.44 14.39 14.33 14.28 14.23 14.18 14.15 14.12 14.09 14.05 13.98
12.20 12.21 12.14 12.15 12.20 12.24 12.27 12.33 12.43 12.54 12.65 12.74 12.85 13.02 13.26 13.42 13.47 13.45 13.38 13.36 13.32 13.30 13.31 13.34 13.38 13.42 13.47 13.58 13.63 13.70 13.86 14.07 14.04 14.19 14.30 14.41 14.40 14.43 14.54 14.75 14.79 14.88 14.91 14.93 14.92 14.78 14.78 14.90 15.04 14.90 14.88 14.89 14.93 14.98 15.13 15.10 14.93 14.83 14.78 14.73 14.67 14.66 14.74 14.74 14.62 14.49 14.43 14.36 14.31 14.27 14.23 14.20 14.16 14.11 14.08 14.05 13.98
12.43 12.32 12.20 12.18 12.23 12.26 12.28 12.32 12.42 12.54 12.70 12.81 12.93 13.07 13.33 13.56 13.64 13.56 13.47 13.41 13.37 13.40 13.48 13.36 13.39 13.42 13.44 13.57 13.65 13.75 14.02 14.25 14.07 14.26 14.32 14.25 14.31 14.40 14.57 14.70 14.77 14.92 14.83 14.81 14.82 14.73 14.71 14.78 14.89 14.88 14.83 14.84 14.84 14.91 14.99 15.03 14.98 14.90 14.83 14.73 14.63 14.61 14.62 14.61 14.59 14.55 14.42 14.33 14.28 14.24 14.19 14.16 14.21 14.19 14.10 14.04 13.98
12.46 12.33 12.28 12.26 12.31 12.27 12.30 12.32 12.40 12.59 12.69 12.82 12.96 13.16 13.37 13.43 13.53 13.64 13.65 13.54 13.52 13.44 13.35 13.33 13.38 13.40 13.41 13.50 13.66 13.68 13.82 13.93 14.03 14.20 14.19 14.17 14.28 14.47 14.59 14.65 14.74 14.76 14.77 14.69 14.71 14.72 14.74 14.81 14.84 14.84 14.84 14.86 14.86 14.90 14.90 14.89 14.96 14.89 14.81 14.73 14.61 14.58 14.55 14.52 14.52 14.55 14.42 14.34 14.28 14.25 14.22 14.19 14.25 14.34 14.22 14.08 13.99
12.58 12.48 12.45 12.45 12.47 12.31 12.31 12.33 12.45 12.62 12.75 12.89 13.09 13.42 13.53 13.49 13.45 13.48 13.59 13.70 13.80 13.62 13.41 13.35 13.38 13.39 13.40 13.43 13.60 13.58 13.67 13.76 13.86 13.99 14.08 14.14 14.34 14.45 14.59 14.69 14.72 14.63 14.65 14.69 14.70 14.76 14.72 14.80 14.87 14.87 14.88 14.90 14.89 15.04 14.89 14.92 14.91 14.84 14.75 14.70 14.61 14.55 14.54 14.52 14.50 14.48 14.44 14.35 14.26 14.24 14.20 14.20 14.24 14.30 14.24 14.13 14.04
