project/src/data/BOM_climate/monthly_mean_rainfall/rainapr.txt
ncols 886
nrows 691
xllcenter 112.0000
yllcenter -44.5000
cellsize 0.0500
nodata_value 99999.90
[rows 315 to 349 of 691, columns 390 to 467 of 886]
11.55 11.38 11.24 11.06 10.85 10.71 10.53 10.36 10.13 9.87 9.63 9.41 9.21 8.99 8.78 8.68 8.57 8.58 8.60 8.67 8.76 8.93 9.08 9.25 9.38 9.53 9.66 9.93 10.02 10.21 10.50 10.54 10.74 11.07 11.39 11.41 11.56 11.64 11.71 11.90 12.07 12.24 12.00 11.88 11.71 11.51 11.45 11.47 11.39 11.17 11.48 11.51 11.36 11.14 10.98 10.68 10.49 10.59 10.58 10.44 10.31 10.05 9.86 10.08 10.01 9.59 9.44 9.41 9.20 9.14 8.93 8.58 8.45 8.32 8.12 7.99 7.82 7.72
11.88 11.60 11.48 11.28 11.07 10.91 10.75 10.55 10.29 10.03 9.77 9.60 9.41 9.20 9.02 8.93 8.84 8.84 8.84 8.88 9.00 9.13 9.27 9.42 9.56 9.73 9.83 10.03 10.18 10.34 10.57 10.65 10.83 11.05 11.38 11.61 11.82 12.04 11.91 11.84 12.04 11.93 11.90 12.28 12.11 11.70 11.72 11.75 11.35 11.61 11.58 11.49 11.15 10.96 10.82 10.67 10.90 11.17 10.43 10.22 10.06 9.96 9.77 9.75 9.62 9.53 9.37 9.29 9.25 9.09 8.98 8.88 8.66 8.42 8.25 8.05 7.92 7.80
11.86 11.82 11.81 11.56 11.34 11.15 10.97 10.74 10.45 10.16 9.92 9.75 9.55 9.37 9.23 9.18 9.10 9.07 9.05 9.12 9.17 9.26 9.42 9.60 9.85 9.92 9.97 10.13 10.33 10.45 10.64 10.76 10.95 11.14 11.25 11.34 11.56 11.75 11.78 11.66 11.72 11.81 11.67 12.04 12.03 12.03 12.11 11.75 11.66 11.79 11.62 11.45 11.36 11.09 10.90 10.89 11.24 11.19 11.27 10.87 10.39 9.91 9.79 10.01 9.73 9.54 9.38 9.22 9.21 9.10 8.98 8.86 8.66 8.52 8.38 8.25 8.12 8.01
12.04 12.00 12.03 11.91 11.66 11.43 11.20 10.91 10.62 10.31 10.09 9.88 9.77 9.63 9.43 9.38 9.34 9.29 9.28 9.29 9.36 9.47 9.56 9.80 10.13 10.08 10.09 10.32 10.61 10.71 10.80 10.97 11.22 11.42 11.28 11.17 11.21 11.40 11.49 11.52 11.51 11.60 11.54 11.87 12.19 12.23 12.11 11.93 11.64 11.48 11.37 11.28 11.25 11.20 11.16 11.33 11.15 11.15 11.50 11.62 10.95 10.98 10.14 9.77 9.69 9.58 9.46 9.32 9.21 9.05 8.98 8.90 8.79 8.69 8.70 8.48 8.33 8.20
12.25 12.16 12.18 12.35 11.97 11.73 11.50 11.08 10.77 10.47 10.25 10.09 9.99 9.84 9.69 9.63 9.59 9.56 9.54 9.54 9.57 9.69 9.77 9.90 10.05 10.16 10.25 10.49 10.86 10.99 10.98 11.13 11.41 11.31 11.13 11.09 11.02 11.06 11.17 11.23 11.28 11.31 11.40 11.76 12.13 11.94 11.88 11.90 11.76 11.67 11.51 11.46 11.35 11.30 11.27 11.09 10.91 11.02 10.85 10.69 10.43 10.45 10.15 9.96 9.84 9.77 9.67 9.49 9.35 9.20 9.10 8.96 8.87 8.94 8.95 8.55 8.41 8.32
12.57 12.44 12.33 12.68 12.33 12.03 11.60 11.24 10.88 10.60 10.43 10.25 10.26 10.64 10.44 9.95 9.84 9.89 9.98 10.06 9.84 9.90 9.98 10.10 10.17 10.28 10.47 10.61 10.72 10.92 10.86 11.01 11.10 11.00 10.96 10.94 10.92 10.93 11.04 11.08 11.07 11.09 11.25 11.67 12.15 12.14 12.16 12.17 11.72 11.55 11.45 11.40 11.12 10.94 10.96 10.90 10.76 10.82 10.85 10.68 10.33 10.24 10.35 10.15 10.05 10.14 9.80 9.61 9.60 9.51 9.28 9.27 9.34 9.35 8.97 8.55 8.49 8.43
12.72 12.81 12.64 13.24 12.52 12.04 11.76 11.40 10.98 10.70 10.54 10.98 10.75 10.92 10.77 10.16 10.26 10.43 10.57 10.80 10.18 10.09 10.21 10.18 10.35 10.40 10.59 10.62 10.72 10.60 10.55 10.71 10.87 10.81 10.79 10.81 10.89 10.85 10.86 10.91 10.94 10.98 11.10 11.49 11.85 12.19 12.23 12.06 11.93 11.88 11.45 11.05 10.92 10.87 10.71 10.66 10.76 10.78 10.77 10.64 10.43 10.50 10.44 10.32 10.60 10.97 10.14 9.89 10.50 9.87 9.93 10.21 9.72 9.62 8.88 8.56 8.60 8.52
12.81 12.88 12.96 13.14 12.51 12.28 12.16 11.57 11.09 10.85 10.74 11.96 11.17 10.84 10.91 10.36 10.53 11.10 10.49 10.53 10.21 10.23 10.23 10.21 10.31 10.32 10.53 10.56 10.60 10.44 10.36 10.43 10.61 10.72 10.62 10.63 10.76 10.80 10.68 10.69 10.77 10.89 10.90 11.20 11.52 11.80 11.61 11.43 11.52 11.56 11.43 11.16 10.95 10.93 10.84 10.81 10.88 10.92 10.99 10.88 10.58 10.53 10.52 10.64 10.68 10.77 10.51 10.18 9.99 9.87 10.08 10.43 10.14 9.68 9.19 9.06 8.70 8.62
13.09 12.92 13.01 13.22 13.04 12.72 12.29 11.55 11.45 11.12 10.97 12.06 13.14 11.99 11.38 10.87 10.75 10.74 10.52 10.38 10.36 10.26 10.24 10.19 10.22 10.28 10.27 10.29 10.37 10.28 10.22 10.19 10.38 10.41 10.42 10.49 10.51 10.58 10.60 10.55 10.67 10.77 10.72 11.02 11.38 11.70 11.72 11.49 11.38 11.42 11.29 11.32 11.22 10.94 10.90 10.90 10.96 11.04 11.05 10.91 10.69 10.66 10.71 10.79 10.77 10.74 10.37 10.19 10.08 10.01 10.06 10.03 9.82 9.68 9.51 9.55 9.09 9.02
14.06 13.50 13.06 13.16 13.15 13.17 12.22 11.93 13.38 11.52 11.67 12.49 13.76 11.81 11.74 11.21 10.71 10.71 10.75 10.61 10.45 10.43 10.54 10.58 10.40 10.31 10.24 10.17 10.18 10.14 10.15 10.08 10.23 10.24 10.23 10.32 10.37 10.40 10.53 10.56 10.53 10.57 10.59 10.78 11.24 11.64 11.48 11.41 11.26 11.34 11.12 11.27 11.31 11.16 10.95 10.93 11.01 11.06 11.17 11.02 10.77 10.74 10.84 10.91 10.92 10.96 10.58 10.45 10.34 10.32 10.43 10.39 10.04 9.79 9.85 9.82 9.55 10.15
13.87 14.54 14.69 13.39 13.13 12.73 12.51 14.57 14.59 13.34 13.61 13.09 12.19 11.58 11.41 11.32 11.09 11.21 11.14 10.93 10.82 10.82 10.80 10.73 10.57 10.53 10.34 10.20 10.14 10.11 10.05 10.05 10.02 10.07 10.08 10.13 10.21 10.31 10.36 10.64 10.41 10.40 10.54 10.62 10.85 11.13 11.26 11.26 11.07 11.14 11.04 11.10 11.15 11.13 11.10 11.00 11.02 11.19 11.05 10.82 10.79 10.84 10.90 10.96 10.85 10.90 10.73 10.63 10.57 10.56 10.53 10.33 10.14 9.99 9.86 10.28 10.70 10.81
15.55 16.83 15.70 13.88 14.20 14.82 14.01 15.03 13.88 14.41 14.77 12.24 12.24 12.00 11.98 12.06 11.80 11.44 11.12 10.91 10.89 10.83 10.63 10.65 10.59 10.61 10.57 10.42 10.41 10.20 10.01 9.94 9.94 9.99 9.98 10.00 10.07 10.17 10.21 10.23 10.26 10.40 10.59 10.61 10.66 10.99 11.19 11.31 11.04 10.96 10.98 11.04 11.08 11.09 11.09 11.07 11.04 11.24 11.30 10.98 10.94 10.95 11.22 11.28 11.22 11.07 10.88 10.83 10.78 10.86 10.83 10.66 10.37 10.18 10.10 10.40 10.59 11.07
13.05 13.90 13.55 13.43 15.36 15.33 14.76 13.45 13.85 12.23 11.74 11.28 11.69 12.85 11.83 11.57 11.15 11.21 11.03 10.86 10.74 10.66 10.60 10.43 10.44 10.58 10.51 10.57 10.50 10.29 10.10 9.98 10.00 9.93 9.93 9.89 10.07 10.11 10.18 10.20 10.30 10.45 10.57 10.51 10.53 10.73 10.89 10.92 10.87 10.85 10.87 11.02 11.16 11.18 11.06 11.10 11.23 11.26 11.08 10.97 10.97 11.04 11.12 11.21 11.20 11.40 11.16 11.02 10.98 10.98 11.13 10.88 10.65 10.45 10.31 10.28 10.57 10.50
12.73 12.63 12.56 12.76 12.48 13.49 12.58 12.75 12.67 12.12 11.60 11.41 11.46 11.56 11.40 11.45 11.09 11.01 11.04 10.98 10.97 10.81 10.60 10.57 10.54 10.45 10.42 10.67 10.48 10.25 10.07 10.01 10.07 10.15 10.07 9.90 9.97 10.12 10.15 10.38 10.53 10.46 10.54 10.72 10.59 10.55 10.72 10.71 10.90 11.08 10.94 10.99 11.26 11.28 11.22 11.16 11.27 11.24 11.10 11.13 11.37 11.23 11.37 11.40 11.64 11.33 11.26 11.21 11.22 11.18 11.19 11.11 10.95 10.87 10.84 10.60 10.45 10.54
12.72 12.66 12.44 12.24 12.19 12.66 12.25 12.07 11.69 11.83 12.05 11.57 11.59 11.41 11.30 11.18 11.05 11.03 11.10 11.15 11.13 11.06 10.95 10.67 10.53 10.40 10.43 10.52 10.42 10.25 10.03 9.97 9.97 10.04 9.96 9.90 9.98 10.06 10.12 10.59 10.74 10.59 10.74 10.82 10.72 10.54 10.64 10.64 10.78 11.03 11.00 10.91 11.26 11.18 11.17 11.24 11.40 11.31 10.96 11.06 11.35 11.37 11.46 11.77 11.81 11.62 11.47 11.47 11.57 11.57 11.59 11.53 11.37 11.22 10.95 10.75 10.75 10.32
12.82 12.86 12.63 12.52 12.10 12.17 12.08 11.89 11.68 11.71 11.65 11.43 11.49 11.34 11.32 11.20 11.13 11.12 11.22 11.24 11.05 10.98 10.90 10.74 10.56 10.45 10.42 10.36 10.27 10.24 10.29 10.25 10.16 9.99 10.05 10.03 10.00 10.04 10.18 10.61 10.69 10.41 10.68 10.53 10.51 10.54 10.55 10.50 10.60 10.76 10.88 10.84 11.03 10.98 11.12 11.29 11.43 11.24 11.05 11.08 11.36 11.55 11.92 12.48 12.71 12.15 12.03 12.28 12.08 11.96 12.09 12.02 11.79 11.56 11.44 11.33 10.81 11.20
13.13 13.09 12.66 12.39 12.20 12.34 12.31 12.00 11.74 11.59 11.65 11.52 11.50 11.43 11.38 11.30 11.24 11.19 11.26 11.29 11.27 11.09 10.93 10.83 10.70 10.63 10.76 10.59 10.36 10.26 10.18 10.21 10.14 10.29 10.28 10.09 9.98 9.96 10.23 10.47 10.56 10.49 10.43 10.45 10.35 10.40 10.31 10.38 10.57 10.66 10.80 10.77 10.82 10.98 11.03 11.13 11.16 11.33 11.34 11.30 11.34 11.55 11.93 12.78 12.43 12.72 12.58 12.78 12.69 12.40 12.30 12.17 11.98 12.00 12.14 11.47 10.94 11.81
13.11 12.97 12.75 12.44 12.31 12.41 12.42 12.18 11.92 11.74 11.73 11.65 11.60 11.51 11.42 11.38 11.31 11.32 11.27 11.27 11.41 11.26 11.07 11.00 10.89 10.73 10.62 10.55 10.42 10.33 10.30 10.36 10.44 10.34 10.13 10.02 10.01 9.90 10.17 10.36 10.42 10.26 10.25 10.22 10.21 10.24 10.22 10.21 10.53 10.54 10.56 10.69 10.65 10.82 10.89 10.97 10.84 11.03 11.29 11.36 11.35 11.62 12.09 12.22 12.02 12.38 12.50 12.43 12.49 12.49 12.58 12.35 12.13 11.99 12.17 11.44 10.99 11.67
13.05 12.85 12.79 12.54 12.36 12.44 12.50 12.34 12.13 11.99 11.78 11.79 11.69 11.62 11.53 11.48 11.39 11.40 11.28 11.42 11.61 11.44 11.17 11.10 11.04 10.85 10.73 10.60 10.48 10.44 10.61 10.69 10.43 10.22 10.11 10.09 10.03 9.91 9.98 10.23 10.22 10.26 10.14 10.17 10.21 10.17 10.17 10.14 10.26 10.33 10.42 10.49 10.59 10.66 10.82 10.84 10.87 10.95 11.02 11.13 11.29 11.88 12.50 12.43 12.08 11.81 12.16 12.16 12.35 12.58 12.71 12.76 12.44 11.99 11.79 11.35 10.97 11.21
12.99 12.81 12.76 12.65 12.45 12.49 12.58 12.40 12.35 12.23 11.89 11.84 11.77 11.70 11.68 11.56 11.49 11.51 11.55 11.73 11.74 11.62 11.51 11.36 11.34 11.05 10.92 10.80 10.68 10.76 10.92 10.84 10.78 10.56 10.51 10.41 10.18 10.09 9.92 9.91 9.99 10.11 10.06 10.12 10.29 10.18 10.19 10.18 10.30 10.37 10.47 10.47 10.53 10.57 10.64 10.81 10.90 10.98 11.01 11.13 11.59 11.76 12.16 11.77 11.89 11.81 11.93 12.12 12.22 12.51 12.41 12.74 12.46 12.12 11.74 11.31 10.93 10.66
12.90 12.78 12.73 12.68 12.60 12.45 12.47 12.43 12.56 12.40 12.03 11.93 11.81 11.71 11.70 11.65 11.76 11.71 11.92 11.85 11.61 11.52 11.53 11.39 11.34 11.17 11.01 10.95 10.98 10.97 10.86 11.07 11.12 11.00 10.82 10.50 10.24 10.16 10.04 9.94 9.95 10.02 10.01 10.16 10.16 10.20 10.26 10.21 10.27 10.33 10.38 10.46 10.49 10.50 10.60 10.68 10.80 10.87 10.95 11.03 11.13 11.30 11.45 11.46 11.55 11.73 11.90 12.01 12.17 12.26 12.39 12.41 12.38 12.08 11.62 11.31 11.02 10.61
13.00 12.89 12.82 12.67 12.56 12.50 12.40 12.28 12.45 12.28 12.07 11.98 11.93 11.84 11.73 11.82 11.95 12.00 12.02 11.84 11.59 11.45 11.39 11.30 11.33 11.21 11.30 11.29 11.23 11.10 10.90 10.92 10.86 10.71 10.60 10.43 10.25 10.14 10.08 10.05 10.06 10.03 10.01 10.06 10.09 10.19 10.30 10.25 10.31 10.32 10.37 10.49 10.51 10.54 10.66 10.83 10.89 10.98 11.08 11.24 11.38 11.48 11.46 11.51 11.62 11.84 12.09 12.22 12.32 12.35 12.31 12.16 12.00 11.80 11.45 11.34 11.40 10.84
13.17 13.04 12.92 12.77 12.67 12.51 12.49 12.38 12.36 12.22 12.06 12.02 12.03 11.90 11.83 11.88 12.03 12.04 11.98 11.85 11.66 11.47 11.31 11.23 11.10 11.12 11.30 11.43 11.35 11.47 11.33 11.05 10.83 10.65 10.65 10.55 10.45 10.39 10.41 10.35 10.25 10.19 10.11 10.06 10.05 10.15 10.17 10.23 10.30 10.28 10.39 10.49 10.50 10.54 10.65 10.78 10.85 10.91 11.09 11.30 11.46 11.59 11.62 11.60 11.63 11.78 12.00 12.14 12.17 12.18 12.09 11.88 11.77 11.48 11.32 11.54 11.56 10.43
13.38 13.19 13.05 13.02 12.91 12.60 12.50 12.48 12.52 12.36 12.11 12.08 12.05 11.95 12.06 12.03 12.06 12.24 12.39 12.19 11.79 11.61 11.42 11.19 11.04 11.10 11.20 11.53 11.55 11.43 11.29 11.45 11.33 11.03 11.00 10.99 10.68 10.52 10.58 10.69 10.56 10.32 10.09 10.00 10.06 10.05 10.08 10.18 10.23 10.23 10.32 10.38 10.41 10.48 10.54 10.69 10.85 10.91 11.07 11.29 11.39 11.44 11.47 11.50 11.57 11.70 11.84 11.93 11.93 11.88 11.77 11.56 11.38 11.20 11.25 11.63 11.05 10.38
13.27 13.09 13.11 13.10 12.85 12.58 12.48 12.45 12.47 12.26 12.12 12.11 12.05 11.98 12.02 12.04 12.20 12.29 12.36 12.34 12.12 11.93 11.68 11.47 11.32 11.05 11.04 11.23 11.45 11.56 11.27 11.30 11.29 11.30 11.38 11.08 10.65 10.56 10.59 10.57 10.37 10.22 10.17 10.25 10.15 10.37 10.36 10.22 10.28 10.32 10.41 10.65 10.54 10.50 10.69 10.62 10.69 10.84 10.93 11.08 11.19 11.26 11.28 11.33 11.44 11.59 11.67 11.67 11.63 11.54 11.39 11.25 11.01 10.85 10.93 11.28 11.09 9.97
13.11 13.02 12.91 12.97 12.86 12.66 12.51 12.41 12.46 12.19 12.13 12.13 12.15 12.03 12.10 12.14 12.16 12.16 12.59 12.82 13.00 12.54 12.15 11.90 11.90 11.55 11.03 11.00 11.04 11.21 11.11 10.98 10.98 11.52 11.62 11.68 11.22 10.64 10.48 10.41 10.44 10.56 10.37 10.54 10.55 10.53 10.54 10.49 10.60 10.85 10.71 10.66 10.80 10.88 11.01 10.98 10.86 10.70 10.73 10.83 10.98 11.05 11.07 11.18 11.31 11.43 11.46 11.44 11.38 11.29 11.14 10.99 10.84 10.76 10.84 10.67 10.43 9.91
13.09 12.86 12.65 12.63 12.65 12.46 12.43 12.39 12.43 12.16 12.14 12.05 12.17 12.24 12.47 12.49 12.44 12.44 12.29 12.78 12.89 12.28 11.96 11.79 11.57 11.37 11.11 10.91 10.94 11.18 11.02 10.84 10.74 10.74 10.77 10.87 10.93 10.77 10.69 10.75 10.88 10.84 10.93 10.52 10.37 10.32 10.32 10.63 10.98 10.64 10.71 10.93 11.20 11.42 11.11 10.88 10.81 10.77 10.68 10.67 10.81 10.91 10.97 11.05 11.18 11.21 11.24 11.18 11.12 11.03 10.94 10.84 10.77 10.75 10.55 10.38 10.19 9.66
13.18 13.04 12.71 12.58 12.43 12.46 12.39 12.36 12.30 12.18 12.05 12.09 12.29 12.50 12.60 12.85 13.36 12.26 12.29 12.04 12.16 12.41 12.14 12.16 11.73 11.37 11.12 10.95 10.99 11.19 10.93 10.90 10.79 10.70 10.63 10.66 10.76 10.74 10.90 10.90 11.04 11.12 10.94 10.72 10.49 10.55 10.60 10.84 11.01 10.87 11.25 11.23 11.25 11.33 11.25 11.24 10.62 10.47 10.49 10.53 10.61 10.75 10.84 10.89 10.99 11.00 11.07 11.01 11.00 10.85 10.71 10.65 10.55 10.55 10.36 10.32 10.24 9.73
13.00 12.80 12.75 12.54 12.49 12.60 12.51 12.35 12.31 12.09 12.07 12.30 12.24 12.37 12.44 12.48 12.24 12.19 12.38 11.98 11.75 11.86 12.20 11.64 11.32 11.28 11.33 11.11 10.98 11.03 10.88 10.75 10.77 10.66 10.61 10.58 10.59 10.69 11.32 10.89 10.66 11.10 11.11 10.94 10.82 11.05 11.20 11.16 11.04 10.75 11.14 11.34 11.08 10.97 10.72 10.48 10.39 10.33 10.37 10.47 10.49 10.55 10.64 10.70 10.77 10.75 10.74 10.70 10.65 10.64 10.60 10.75 10.70 10.36 10.14 9.94 9.68 9.37
12.84 12.64 12.54 12.48 12.61 12.89 12.62 12.40 12.34 12.23 12.06 12.09 11.92 11.88 11.89 11.67 11.64 11.71 11.55 11.49 11.43 11.30 11.28 11.20 11.13 11.17 11.18 10.92 10.87 10.81 10.77 10.78 10.75 10.68 10.62 10.58 10.45 10.68 11.21 10.77 10.46 10.58 10.73 10.70 10.63 10.82 10.88 10.96 11.37 10.81 10.78 10.83 10.77 10.61 10.45 10.44 10.32 10.42 11.33 11.67 11.42 10.62 10.62 10.69 10.72 10.67 10.65 10.64 10.70 10.67 10.47 10.77 10.81 10.31 10.14 9.75 9.82 9.73
12.95 12.72 12.57 12.48 12.48 12.58 12.59 12.38 12.29 12.18 12.04 12.03 11.84 11.72 11.65 11.47 11.40 11.43 11.35 11.28 11.25 11.13 11.09 11.04 11.02 11.05 10.99 10.92 10.92 10.81 10.76 10.77 10.89 10.94 10.91 10.90 10.37 10.31 10.79 10.87 10.58 10.42 10.62 10.70 10.52 10.47 10.57 10.68 10.85 10.82 10.80 10.87 11.01 11.11 11.19 11.21 11.12 10.97 11.43 11.28 10.95 10.59 10.67 10.63 10.65 10.66 10.55 10.54 10.55 10.46 10.29 10.35 10.27 10.00 9.69 9.61 10.05 9.91
13.17 12.98 12.81 12.60 12.47 12.39 12.39 12.22 12.22 12.11 12.04 12.00 11.87 11.68 11.53 11.44 11.38 11.33 11.24 11.18 11.12 11.03 10.96 10.93 11.15 11.40 11.24 10.94 10.87 10.83 10.78 10.89 10.98 10.88 10.80 10.85 10.33 10.31 10.29 10.58 10.53 10.36 10.53 10.54 10.39 10.35 10.37 10.55 10.83 11.00 10.99 11.02 11.28 11.20 11.21 11.26 11.43 11.43 11.13 10.79 10.65 10.52 10.58 10.64 10.58 10.61 10.55 10.45 10.35 10.24 10.10 9.97 9.89 9.77 9.68 9.68 9.82 10.03
13.05 13.19 12.99 12.82 12.51 12.45 12.33 12.29 12.20 12.15 12.08 11.99 11.85 11.75 11.60 11.52 11.42 11.27 11.15 11.07 11.00 10.92 10.83 10.86 11.07 11.37 11.33 11.24 10.92 10.74 10.73 10.89 10.96 10.66 10.54 10.77 10.71 10.76 10.45 10.32 10.30 10.26 10.43 10.43 10.34 10.32 10.32 10.54 10.80 11.02 11.07 10.96 11.09 11.18 11.17 11.11 11.02 10.96 10.83 10.78 10.79 10.68 10.65 10.57 10.49 10.48 10.51 10.41 10.27 10.14 10.07 10.00 9.90 9.80 9.63 9.59 9.63 9.70
12.90 13.01 12.92 12.70 12.47 12.40 12.24 12.32 12.21 12.28 12.12 12.05 12.04 11.98 11.74 11.55 11.45 11.27 11.17 11.00 10.96 10.84 10.77 10.77 10.92 11.10 11.19 11.14 10.93 10.70 10.69 10.74 10.67 10.51 10.57 10.66 10.69 10.63 10.26 10.01 10.12 10.11 10.20 10.30 10.23 10.26 10.26 10.45 10.83 10.93 10.93 10.99 10.96 11.11 11.17 11.24 11.22 11.06 10.98 11.24 11.31 11.30 10.90 10.64 10.45 10.40 10.44 10.42 10.22 10.00 9.94 9.94 9.83 9.74 9.53 9.35 9.27 9.36
12.82 12.99 13.03 12.83 12.56 12.69 12.44 12.45 12.46 12.44 12.22 12.13 12.23 12.28 12.03 11.63 11.40 11.28 11.17 11.06 10.98 10.86 10.75 10.72 10.87 11.04 10.94 10.95 10.85 10.56 10.61 10.64 10.48 10.42 10.63 10.66 10.41 10.25 9.90 9.87 9.97 10.02 10.03 10.05 10.07 10.06 10.19 10.45 10.74 10.86 10.82 10.99 10.83 10.81 10.77 11.05 11.11 10.99 10.63 10.82 10.83 10.73 10.60 10.42 10.30 10.26 10.33 10.29 10.20 10.00 9.85 9.88 9.75 9.68 9.50 9.29 9.14 8.95
