project/src/data/BOM_climate/monthly_mean_rainfall/rainmar.txt
ncols 886
nrows 691
xllcenter 112.0000
yllcenter -44.5000
cellsize 0.0500
nodata_value 99999.90
[rows 340 to 373 of 691, columns 462 to 538 of 886]
18.29 18.10 18.05 17.74 17.38 16.72 15.87 15.52 15.20 14.89 15.10 15.06 14.29 14.01 13.49 12.96 12.73 12.55 12.35 12.21 12.10 11.93 11.88 11.77 11.76 11.64 11.50 11.37 11.36 11.30 11.33 11.20 11.25 11.24 11.17 11.17 11.19 11.35 11.08 11.00 11.11 11.05 11.26 11.25 11.18 11.18 11.30 11.41 11.39 11.66 11.62 11.68 11.84 11.86 12.05 12.11 12.33 12.40 12.55 12.76 12.97 13.09 13.35 13.54 13.67 13.78 13.93 14.04 14.27 14.46 14.68 14.88 15.15 15.41 15.64 15.92 16.19
18.02 17.90 17.60 17.32 17.00 16.37 15.70 15.31 14.88 14.68 14.85 15.28 14.26 13.68 13.10 12.88 12.66 12.58 12.49 12.42 12.26 12.11 12.03 11.85 11.71 11.62 11.60 11.41 11.35 11.27 11.34 11.25 11.17 11.14 11.09 11.16 11.09 11.37 11.21 11.03 11.10 11.17 11.00 11.29 11.15 11.15 11.33 11.46 11.64 11.55 11.40 11.45 11.63 11.89 12.01 12.03 12.09 12.22 12.38 12.53 12.77 13.02 13.14 13.30 13.30 13.64 13.84 14.01 14.17 14.31 14.51 14.69 14.93 15.22 15.44 15.90 16.15
17.64 17.54 17.28 17.13 16.94 16.34 15.55 15.21 14.70 14.59 14.80 15.34 14.47 13.36 13.02 12.79 12.69 12.61 12.61 12.49 12.34 12.21 12.06 11.89 11.76 11.68 11.64 11.43 11.31 11.28 11.29 11.15 11.19 11.03 10.95 10.98 10.99 11.01 11.11 11.00 10.95 11.05 10.92 11.16 11.17 11.10 11.22 11.33 11.52 11.52 11.21 11.52 11.63 11.56 11.65 12.02 11.99 12.18 12.21 12.47 12.52 12.68 12.82 13.11 13.08 13.34 13.54 13.80 13.84 14.03 14.27 14.40 14.69 14.88 15.23 15.77 15.98
17.66 17.26 16.96 16.68 16.32 15.91 15.45 15.06 14.57 14.12 14.15 14.02 13.55 13.16 13.33 12.99 12.71 12.61 12.51 12.39 12.25 12.13 12.01 11.88 11.74 11.63 11.57 11.42 11.38 11.30 11.34 11.15 11.14 11.06 11.01 10.98 10.97 10.90 10.84 10.96 11.01 11.00 10.99 10.98 11.08 11.12 11.08 11.03 11.20 11.33 11.19 11.58 11.73 11.82 11.77 11.64 11.98 12.19 12.27 12.44 12.49 12.56 12.73 12.84 12.98 13.20 13.40 13.52 13.61 13.79 13.96 14.13 14.39 14.59 15.03 15.57 15.97
17.69 17.14 16.90 16.42 16.39 16.19 15.52 14.92 14.46 13.97 13.80 13.42 13.19 13.01 13.05 13.04 12.96 12.92 12.72 12.61 12.43 12.32 12.23 12.09 11.94 11.64 11.48 11.50 11.40 11.28 11.29 11.11 11.14 11.11 11.07 11.01 10.89 10.86 10.92 10.95 10.91 11.08 11.09 10.95 11.00 11.09 10.95 11.05 11.24 11.29 11.05 11.52 11.74 11.82 11.75 11.58 11.50 11.63 11.82 12.09 12.29 12.44 12.60 12.68 12.69 13.07 13.16 13.27 13.36 13.47 13.59 13.79 14.01 14.21 14.71 15.21 15.59
17.13 16.80 16.41 16.24 16.56 16.32 15.77 14.85 14.28 14.12 14.35 13.52 13.76 13.52 13.69 13.50 13.94 13.69 13.22 13.04 12.77 12.76 12.64 12.47 12.09 11.74 11.57 11.33 11.29 11.20 11.18 11.06 11.05 11.08 11.02 10.97 10.82 10.83 10.82 10.92 11.02 11.03 10.99 10.99 10.85 10.89 10.95 11.07 10.98 11.06 10.90 10.99 11.03 11.21 11.70 11.61 11.43 11.56 11.90 11.92 12.14 12.29 12.29 12.41 12.61 12.65 12.85 13.01 13.04 13.10 13.22 13.47 13.70 14.01 14.62 14.93 15.10
16.76 16.56 16.38 16.27 16.31 16.43 15.93 15.06 14.51 14.19 14.06 13.52 13.82 14.34 14.27 13.92 13.79 14.40 13.90 13.57 13.40 13.24 13.09 12.69 12.06 11.99 11.83 11.55 11.25 11.14 11.15 11.13 11.10 11.01 10.94 11.03 10.89 10.79 10.79 10.91 10.88 10.81 10.95 10.97 10.92 10.87 11.00 11.02 11.08 10.85 10.93 11.18 11.12 11.01 11.45 11.57 11.64 11.60 11.65 12.00 11.94 12.13 12.16 12.38 12.49 12.49 12.53 12.66 12.63 12.80 13.07 13.25 13.56 13.77 14.09 14.37 14.53
16.79 16.61 16.33 16.19 16.13 16.10 15.84 15.38 15.12 14.61 14.32 13.91 14.01 14.66 14.66 13.93 14.00 14.90 14.59 14.18 13.95 13.59 13.39 12.76 12.35 12.42 11.97 11.66 11.45 11.12 11.08 11.04 10.99 10.88 10.82 10.87 10.74 10.79 10.82 10.81 11.02 10.88 10.78 10.82 10.79 10.90 10.95 10.95 10.95 10.66 10.96 11.24 11.35 11.41 11.28 11.30 11.65 11.74 11.69 11.77 11.58 11.93 12.01 12.27 12.21 12.30 12.21 12.28 12.37 12.52 12.85 13.02 13.50 13.51 13.69 13.93 14.32
16.75 16.56 16.25 15.98 15.79 15.77 15.65 15.63 15.61 15.20 15.17 14.60 14.34 14.46 15.22 14.65 14.26 14.11 14.02 14.41 14.23 13.63 13.55 12.75 12.62 12.31 12.02 11.78 11.42 11.04 10.96 10.99 10.86 10.80 10.78 10.72 10.75 10.69 10.72 10.74 10.76 10.72 10.67 10.68 10.81 10.63 10.60 10.63 10.83 10.55 10.64 10.86 10.91 11.18 11.20 11.06 11.20 11.51 11.51 11.72 11.47 11.73 11.88 11.73 11.90 11.86 11.91 11.98 12.06 12.31 12.76 13.13 13.20 13.31 13.36 13.43 13.65
16.72 16.54 16.27 15.96 15.71 15.42 15.34 15.40 15.63 15.78 15.48 15.42 14.91 15.26 15.06 14.69 13.80 13.46 13.16 13.68 14.23 13.07 13.17 13.14 12.09 11.88 12.16 11.73 11.26 10.98 10.89 10.85 10.78 10.76 10.75 10.68 10.81 10.69 10.77 10.71 10.71 10.71 10.51 10.62 10.60 10.68 10.82 10.71 10.62 10.36 10.68 10.95 10.79 10.84 10.95 11.12 11.02 11.06 11.13 11.39 11.45 11.38 11.60 11.63 11.50 11.63 11.69 11.78 11.82 12.13 12.55 12.80 12.85 12.93 12.91 12.93 13.04
16.52 16.52 16.39 16.00 15.77 15.37 15.08 15.37 15.25 15.34 15.81 15.90 15.86 16.05 15.63 15.20 13.49 13.22 13.37 12.96 13.52 13.24 12.45 12.49 12.12 11.91 11.72 11.57 11.27 11.15 10.86 10.74 10.71 10.71 10.66 10.71 10.73 10.64 10.61 10.58 10.60 10.45 10.58 10.65 10.65 10.66 10.53 10.39 10.27 10.25 10.75 10.95 10.94 10.88 10.71 10.91 10.87 11.04 10.95 11.32 11.35 11.34 11.13 11.39 11.32 11.51 11.50 11.54 11.42 11.71 12.09 12.16 12.29 12.51 12.58 12.63 12.69
16.57 16.67 16.67 16.57 16.31 15.59 15.10 14.90 14.90 15.04 15.27 15.53 15.74 15.73 15.96 15.63 14.16 13.10 12.93 12.69 12.85 12.86 12.56 12.19 11.76 11.76 11.50 11.32 11.42 11.74 11.09 10.72 10.63 10.64 10.58 10.63 10.61 10.62 10.48 10.44 10.48 10.51 10.47 10.30 10.26 10.11 10.16 10.27 10.33 10.20 10.41 10.41 10.55 10.70 10.74 10.82 10.95 11.01 10.85 10.97 11.08 11.26 11.18 11.19 11.34 11.26 11.18 11.20 11.29 11.52 11.93 12.00 12.10 12.38 12.76 12.62 12.55
16.72 16.96 16.78 16.44 16.36 15.92 15.35 14.79 14.84 14.94 15.22 15.46 16.04 16.12 15.43 14.87 13.95 13.33 13.01 12.53 12.35 12.46 12.15 11.95 11.66 11.40 11.23 11.11 11.11 11.23 11.14 10.80 10.66 10.53 10.48 10.46 10.55 10.63 10.51 10.50 10.50 10.32 10.45 10.21 10.23 10.39 10.07 9.97 10.05 10.10 10.19 10.14 10.31 10.69 10.80 10.74 10.80 10.79 10.86 10.89 10.89 10.85 10.87 11.01 10.85 10.79 10.89 11.04 11.38 11.26 11.42 11.19 11.31 11.73 12.31 12.34 12.42
16.24 16.53 16.22 15.66 15.59 15.51 15.06 15.26 15.24 15.22 15.25 15.18 15.12 14.93 14.42 13.82 13.50 13.38 12.98 12.63 12.41 12.15 11.88 11.73 11.60 11.46 11.40 11.40 11.15 10.96 10.97 10.73 10.59 10.48 10.45 10.43 10.35 10.15 10.41 10.62 10.53 10.71 10.09 10.04 10.25 10.47 10.46 10.24 10.06 10.30 10.49 10.45 10.51 10.53 10.63 10.58 10.58 10.63 10.69 10.78 10.62 10.66 10.67 10.56 10.66 10.69 10.72 10.74 10.93 11.03 11.07 10.85 10.85 11.03 11.37 11.71 11.71
15.78 15.56 15.39 15.19 14.99 14.84 14.86 15.16 15.22 15.26 14.87 14.85 15.03 14.24 13.70 13.50 13.00 13.04 13.01 12.96 12.70 12.45 12.31 12.09 11.88 11.86 11.73 11.66 11.56 11.43 11.34 10.89 10.62 10.51 10.48 10.34 10.28 10.35 10.49 10.17 10.22 10.27 9.97 9.92 10.03 10.16 10.18 10.27 10.14 10.02 10.05 10.10 10.03 10.21 10.41 10.50 10.48 10.52 10.46 10.55 10.51 10.37 10.46 10.32 10.56 10.67 10.68 10.66 10.70 11.01 11.12 10.69 10.60 10.61 10.76 10.89 10.97
15.72 15.52 15.23 14.92 14.78 14.56 14.60 14.47 14.35 14.21 14.09 14.11 13.88 13.49 13.32 13.32 12.92 12.63 12.85 13.12 12.99 12.63 12.94 13.12 12.66 12.17 12.19 12.16 12.04 11.77 11.43 10.94 10.62 10.61 10.34 10.43 10.25 10.33 10.08 10.01 10.00 9.95 9.89 9.94 10.02 9.97 10.07 10.10 9.88 10.03 9.83 9.79 9.90 9.99 10.00 10.32 10.33 10.32 10.54 10.37 10.18 10.15 10.13 10.37 10.45 10.65 10.66 10.71 10.48 10.52 10.65 10.26 10.26 10.30 10.33 10.57 10.53
15.73 15.47 15.22 14.91 14.73 14.50 14.30 14.18 14.00 13.94 13.66 14.06 13.87 13.24 13.27 12.94 12.85 12.74 12.53 12.63 12.53 12.37 12.73 12.80 12.69 12.78 13.33 13.02 12.17 11.65 11.36 10.65 10.51 10.50 10.38 10.30 10.28 10.18 10.13 10.11 10.00 9.98 9.96 9.83 10.01 10.00 10.00 9.77 9.75 9.75 9.75 9.87 9.98 10.03 9.88 9.86 10.13 10.18 10.20 10.12 10.06 10.08 9.88 10.01 10.32 10.32 10.42 10.47 10.43 10.39 10.27 9.98 10.07 10.14 10.26 10.44 10.50
15.75 15.56 15.37 15.03 14.80 14.71 14.34 14.04 13.80 13.61 13.44 13.79 13.28 13.08 13.19 12.61 12.37 12.27 12.34 12.23 12.04 12.05 12.08 11.91 12.18 12.30 12.41 12.24 12.09 12.17 11.09 10.49 10.28 10.19 10.20 10.27 10.32 10.19 9.95 9.84 10.04 9.93 9.80 9.70 9.69 9.65 9.68 9.77 10.02 9.88 9.72 9.75 9.68 9.88 9.87 9.85 9.64 9.97 9.95 9.82 9.72 9.64 9.78 9.89 9.90 10.15 10.09 10.08 10.25 10.34 10.20 9.85 9.82 9.85 10.08 10.37 10.33
15.84 15.48 15.29 15.20 15.00 14.62 14.33 14.11 13.79 13.64 13.35 13.16 13.06 12.94 12.82 12.60 12.48 12.16 12.03 12.10 11.91 11.73 11.76 11.70 11.76 11.91 11.88 11.55 11.37 11.29 10.76 10.58 10.34 10.16 10.04 10.01 9.76 9.63 9.60 9.56 9.53 9.63 9.83 9.87 9.71 9.73 9.66 9.72 9.85 9.93 10.04 9.87 9.81 9.57 9.66 9.77 9.59 9.43 9.45 9.58 9.56 9.60 9.78 9.86 9.80 9.86 9.94 9.79 10.06 10.30 10.21 10.06 9.88 9.68 10.00 10.46 10.50
15.57 15.41 15.10 14.98 14.80 14.50 14.21 14.01 13.87 13.73 13.38 13.22 13.04 12.82 13.04 13.02 12.59 12.20 12.06 11.78 11.82 11.71 11.56 11.56 11.49 11.50 11.58 11.35 11.33 11.17 10.99 10.70 10.48 10.17 9.91 9.72 9.63 9.59 9.56 9.52 9.49 9.46 9.46 9.72 9.82 9.86 9.62 9.63 9.59 9.61 9.86 9.91 9.94 9.69 9.56 9.52 9.79 9.75 9.55 9.81 9.52 9.56 9.59 9.67 9.67 9.64 9.57 9.57 9.67 9.93 10.25 10.25 10.33 10.15 10.44 10.94 10.78
15.19 15.19 14.82 14.68 14.58 14.45 14.05 13.86 13.89 13.53 13.24 13.07 12.75 12.52 12.66 13.04 12.53 11.96 11.93 11.80 11.58 11.65 11.50 11.53 11.46 11.29 11.20 11.24 11.44 11.33 11.16 10.97 10.57 10.08 9.90 9.75 9.59 9.55 9.52 9.48 9.45 9.42 9.38 9.33 9.30 9.31 9.52 9.52 9.43 9.47 9.55 9.58 9.71 9.69 9.74 9.34 9.25 9.48 9.52 9.42 9.44 9.45 9.47 9.26 9.39 9.25 9.27 9.39 9.28 9.43 9.58 9.71 9.79 9.92 10.28 10.75 10.35
15.12 14.93 14.85 14.60 14.40 14.16 13.96 13.81 13.73 13.25 12.90 12.74 12.63 12.59 12.47 12.28 12.25 11.95 11.87 11.71 11.62 11.48 11.30 11.43 11.55 11.40 11.26 11.16 11.20 11.48 11.39 11.02 10.61 10.20 9.97 9.97 9.70 9.52 9.49 9.44 9.41 9.37 9.34 9.29 9.24 9.20 9.27 9.47 9.34 9.31 9.47 9.74 9.76 9.62 9.88 9.66 9.31 9.04 9.32 9.36 9.37 9.18 9.21 9.04 8.97 8.95 9.00 9.17 9.08 9.12 9.21 9.33 9.47 9.90 10.42 10.47 10.08
14.92 14.75 14.65 14.46 14.37 14.00 13.67 13.42 13.23 13.07 12.90 12.82 12.71 12.78 12.75 12.86 13.18 12.62 12.07 11.93 11.76 11.53 11.49 11.21 11.40 11.48 11.26 11.20 10.95 10.95 11.13 10.95 10.51 10.15 10.00 9.92 9.76 9.54 9.45 9.41 9.37 9.33 9.29 9.24 9.20 9.15 9.12 9.12 9.18 9.17 9.24 9.28 9.37 9.16 9.30 9.54 9.45 9.16 9.04 8.90 9.11 8.98 8.94 8.81 8.75 8.70 8.84 8.91 8.89 9.04 9.01 9.18 9.49 10.04 10.20 9.75 9.64
14.95 14.71 14.43 14.23 14.05 13.86 13.57 13.42 13.29 13.18 13.01 12.81 12.84 12.92 12.89 13.52 14.21 13.72 12.29 12.10 11.85 11.50 11.42 11.30 11.03 11.14 11.28 11.10 10.94 10.80 10.68 10.69 10.42 10.08 9.98 9.94 9.81 9.50 9.41 9.37 9.33 9.29 9.25 9.20 9.16 9.11 9.07 9.02 9.03 9.08 9.01 8.89 8.87 8.80 8.87 9.13 9.25 9.19 9.16 9.07 9.00 8.87 8.88 8.74 8.60 8.56 8.55 8.64 8.63 8.67 8.85 9.00 9.38 9.51 9.48 9.28 9.30
15.03 14.79 14.46 14.17 14.00 13.96 13.63 13.42 13.28 13.16 12.98 12.82 12.94 13.05 13.09 13.14 13.28 12.70 12.41 12.29 11.89 11.58 11.32 11.27 11.05 10.87 10.93 11.06 10.83 10.71 10.53 10.34 10.16 10.14 10.04 9.93 9.71 9.47 9.40 9.35 9.31 9.27 9.23 9.18 9.14 9.09 9.05 8.99 8.94 8.96 8.89 9.11 9.04 9.06 9.32 9.35 9.29 9.25 9.05 8.99 8.87 8.82 8.71 8.64 8.51 8.45 8.52 8.62 8.36 8.43 8.66 8.90 8.96 9.05 9.19 8.95 8.89
15.13 14.79 14.54 14.28 14.28 14.08 13.77 13.60 13.40 13.14 12.95 13.08 13.20 13.16 13.22 13.31 13.08 12.89 12.52 12.19 11.87 11.69 11.51 11.27 11.17 11.13 10.96 10.76 10.68 10.66 10.73 10.50 10.32 10.08 10.04 9.88 9.65 9.49 9.40 9.37 9.33 9.29 9.25 9.21 9.16 9.11 9.06 9.01 8.95 8.90 8.90 9.03 9.34 9.56 9.62 9.27 9.22 9.10 9.05 9.02 8.90 8.71 8.61 8.46 8.41 8.38 8.32 8.38 8.22 8.25 8.31 8.58 8.69 8.63 8.68 8.61 8.57
14.94 14.76 14.46 14.35 14.30 14.13 13.91 13.71 13.37 13.07 12.97 13.02 13.11 13.26 13.32 13.38 13.41 13.78 13.19 12.61 12.25 11.91 11.69 11.39 11.32 11.04 11.03 10.86 10.71 10.60 10.53 10.42 10.22 10.05 10.05 9.87 9.65 9.44 9.41 9.35 9.31 9.27 9.23 9.18 9.14 9.09 9.03 8.98 8.92 8.85 8.85 8.80 8.86 8.95 9.19 9.08 8.85 8.62 8.56 8.75 8.53 8.72 8.67 8.41 8.28 8.36 8.21 8.22 8.12 8.10 8.00 8.29 8.72 8.43 8.34 8.24 8.32
14.79 14.58 14.54 14.63 14.36 14.38 14.03 13.67 13.54 13.31 13.04 13.12 13.17 13.27 13.44 13.47 13.72 14.55 14.11 13.04 12.54 12.12 11.70 11.51 11.42 11.21 11.22 11.00 10.79 10.64 10.54 10.33 10.19 10.05 10.04 9.85 9.64 9.45 9.40 9.34 9.29 9.25 9.20 9.17 9.12 9.07 9.01 8.95 8.89 8.83 8.92 8.72 8.79 8.69 8.73 8.75 8.66 8.77 8.65 8.44 8.26 8.50 8.60 8.25 8.14 8.12 8.07 8.05 8.06 7.82 7.95 8.22 8.41 8.05 7.94 7.93 8.01
14.98 14.74 14.82 14.65 14.39 14.37 14.07 13.75 13.59 13.41 12.99 13.03 13.24 13.33 13.66 13.76 13.81 14.35 14.97 14.05 12.87 12.23 11.71 11.64 11.50 11.47 11.19 10.99 10.85 11.05 10.93 10.51 10.16 9.99 9.92 9.80 9.61 9.43 9.38 9.32 9.28 9.24 9.19 9.16 9.10 9.05 8.99 8.93 8.87 8.79 8.77 9.07 8.93 8.98 8.59 8.97 8.75 8.73 8.73 8.55 8.36 8.43 8.10 8.05 8.04 7.93 7.84 7.73 7.74 7.77 7.82 8.01 8.04 7.71 7.65 7.70 7.70
15.20 14.82 14.93 14.57 14.42 14.22 13.87 13.74 13.52 13.27 12.96 13.11 13.28 13.44 13.76 13.90 13.93 14.56 16.54 16.39 13.59 12.46 12.07 11.86 11.67 11.45 11.21 11.04 11.08 11.24 10.87 10.54 10.24 10.00 9.95 9.83 9.58 9.41 9.37 9.32 9.28 9.23 9.18 9.14 9.10 9.04 8.98 8.92 8.85 8.79 8.71 8.91 9.09 8.86 8.90 8.81 8.82 8.75 8.57 8.55 8.36 8.34 8.00 7.97 8.03 7.92 7.82 7.66 7.49 7.68 7.61 7.64 7.74 7.43 7.47 7.44 7.41
15.34 15.10 14.85 14.58 14.37 14.15 13.74 13.65 13.34 13.28 13.05 13.02 13.27 13.49 13.75 13.98 14.15 14.69 16.64 17.28 14.32 12.78 12.28 11.87 11.65 11.50 11.41 11.25 11.53 11.37 11.12 10.82 10.40 10.24 10.08 9.82 9.53 9.41 9.36 9.32 9.27 9.23 9.18 9.14 9.09 9.04 8.98 8.91 8.84 8.78 8.72 8.68 8.74 9.11 8.89 8.72 8.65 8.48 8.43 8.43 8.29 8.22 8.17 8.11 8.12 7.89 7.72 7.63 7.53 7.54 7.41 7.37 7.41 7.30 7.38 7.18 7.53
15.76 15.83 15.22 14.89 14.62 14.20 13.87 13.82 13.68 13.51 13.10 13.02 13.25 13.35 13.61 14.01 14.32 14.62 15.37 15.23 14.11 12.75 12.28 12.06 11.78 11.55 11.58 11.36 11.56 11.37 11.10 10.89 10.55 10.38 10.12 9.82 9.56 9.41 9.37 9.32 9.28 9.23 9.18 9.14 9.10 9.04 8.98 8.91 8.84 8.85 8.81 8.85 8.78 8.89 9.00 8.91 8.83 8.55 8.21 8.16 8.05 7.87 7.86 7.86 8.21 7.88 7.71 7.75 7.53 7.54 7.33 7.25 7.27 7.29 7.38 7.29 7.61
15.41 15.24 15.11 14.69 14.35 14.11 13.86 13.71 13.52 13.34 13.15 12.95 13.13 13.33 13.63 14.04 14.36 14.51 14.92 14.69 13.85 12.88 12.49 12.25 12.18 11.97 11.85 11.71 11.59 11.46 11.23 10.91 10.49 10.27 10.03 9.80 9.52 9.42 9.37 9.32 9.28 9.23 9.19 9.15 9.11 9.06 8.99 8.94 8.86 8.79 8.82 8.92 8.83 8.89 8.81 8.66 8.67 8.52 8.25 8.23 8.12 7.98 7.81 7.85 8.04 8.01 7.92 7.75 7.51 7.31 7.20 7.13 7.09 7.17 7.24 7.44 7.58
14.76 14.70 14.60 14.39 14.49 14.09 13.66 13.44 13.44 13.42 13.24 12.98 13.13 13.46 13.64 13.83 13.99 14.20 14.46 14.49 13.90 13.45 12.85 12.84 12.60 12.33 12.15 11.93 11.77 11.58 11.16 10.82 10.51 10.45 10.17 9.83 9.51 9.42 9.38 9.34 9.29 9.25 9.20 9.17 9.13 9.08 9.02 9.08 8.88 8.80 8.79 8.91 8.92 8.63 8.72 9.09 8.93 8.72 8.39 8.30 8.27 8.07 7.90 7.72 7.56 7.56 7.43 7.31 7.30 7.24 7.16 7.17 7.31 7.24 7.51 7.58 7.63
