project/src/data/BOM_climate/monthly_mean_rainfall/rainaug.txt
ncols 886
nrows 691
xllcenter 112.0000
yllcenter -44.5000
cellsize 0.0500
nodata_value 99999.90
[rows 0 to 35 of 691, columns 324 to 404 of 886]
0.00 0.00 0.00 0.00 0.00 0.00 0.00 0.00 0.65 0.67 0.68 0.69 0.70 0.71 0.72 0.73 0.80 0.81 0.82 0.83 0.84 0.85 0.86 0.87 0.88 0.89 0.91 0.93 0.93 0.96 0.98 1.00 1.03 1.05 1.07 1.09 1.11 1.13 1.14 1.16 1.17 1.20 1.23 1.24 1.24 1.24 1.24 1.24 1.23 1.23 1.22 1.21 1.20 1.18 1.15 1.14 1.13 1.11 1.09 1.08 1.06 1.04 1.03 1.03 1.03 1.03 1.03 1.04 1.05 1.05 1.04 1.04 1.03 1.03 1.02 1.02 1.02 1.01 1.01 1.01 1.01
0.00 0.00 0.00 0.00 0.00 0.00 0.00 0.64 0.65 0.66 0.67 0.68 0.69 0.70 0.71 0.72 0.78 0.80 0.81 0.82 0.83 0.84 0.85 0.86 0.88 0.91 0.94 0.96 0.96 0.98 1.01 1.03 1.06 1.08 1.10 1.12 1.14 1.16 1.17 1.19 1.20 1.23 1.27 1.27 1.27 1.27 1.27 1.27 1.27 1.26 1.25 1.24 1.23 1.21 1.20 1.18 1.16 1.14 1.12 1.11 1.09 1.07 1.05 1.03 1.03 1.02 1.02 1.04 1.04 1.04 1.04 1.03 1.03 1.02 1.01 1.01 1.00 1.00 1.00 1.00 1.00
0.00 0.00 0.00 0.00 0.00 0.00 0.62 0.63 0.64 0.65 0.66 0.67 0.68 0.69 0.70 0.71 0.77 0.79 0.80 0.81 0.82 0.83 0.85 0.87 0.90 0.93 0.97 0.99 0.99 1.01 1.04 1.06 1.09 1.11 1.13 1.15 1.17 1.19 1.21 1.23 1.25 1.27 1.31 1.31 1.31 1.31 1.32 1.31 1.30 1.30 1.29 1.28 1.27 1.25 1.23 1.21 1.20 1.18 1.16 1.14 1.12 1.10 1.08 1.06 1.03 1.02 1.01 1.02 1.03 1.02 1.02 1.02 1.01 1.00 1.00 0.99 0.99 0.99 0.98 0.99 0.98
0.00 0.00 0.00 0.00 0.58 0.59 0.60 0.61 0.63 0.64 0.65 0.66 0.67 0.68 0.69 0.70 0.76 0.78 0.79 0.80 0.82 0.84 0.87 0.90 0.93 0.96 0.99 1.02 1.01 1.04 1.07 1.09 1.12 1.14 1.16 1.19 1.21 1.23 1.25 1.27 1.28 1.30 1.34 1.35 1.35 1.35 1.35 1.35 1.35 1.34 1.33 1.32 1.31 1.29 1.27 1.26 1.23 1.21 1.20 1.17 1.15 1.13 1.11 1.08 1.06 1.03 1.01 1.01 1.01 1.01 1.01 1.00 0.99 0.99 0.98 0.98 0.98 0.97 0.97 0.97 0.97
0.00 0.00 0.00 0.57 0.58 0.59 0.60 0.61 0.62 0.63 0.64 0.65 0.66 0.67 0.68 0.69 0.75 0.77 0.78 0.80 0.83 0.86 0.89 0.92 0.95 0.99 1.02 1.04 1.04 1.07 1.09 1.12 1.14 1.17 1.19 1.22 1.24 1.26 1.28 1.30 1.32 1.34 1.38 1.39 1.39 1.39 1.39 1.39 1.38 1.38 1.37 1.36 1.35 1.32 1.30 1.28 1.27 1.25 1.22 1.20 1.18 1.15 1.13 1.11 1.08 1.05 1.03 1.01 1.00 1.00 0.99 0.98 0.98 0.98 0.97 0.96 0.96 0.96 0.95 0.95 0.95
0.00 0.49 0.54 0.56 0.57 0.58 0.59 0.60 0.61 0.62 0.63 0.64 0.65 0.66 0.67 0.68 0.74 0.76 0.79 0.82 0.85 0.88 0.91 0.95 0.98 1.01 1.04 1.07 1.06 1.09 1.12 1.14 1.17 1.20 1.22 1.25 1.27 1.29 1.31 1.33 1.35 1.37 1.41 1.42 1.42 1.43 1.43 1.42 1.42 1.41 1.40 1.39 1.38 1.36 1.34 1.32 1.29 1.27 1.25 1.22 1.20 1.18 1.15 1.13 1.10 1.07 1.05 1.03 1.01 0.99 0.98 0.97 0.97 0.96 0.95 0.95 0.94 0.94 0.94 0.94 0.93
0.48 0.49 0.54 0.56 0.57 0.58 0.59 0.60 0.61 0.62 0.63 0.64 0.65 0.66 0.67 0.69 0.74 0.78 0.81 0.84 0.88 0.91 0.94 0.98 1.01 1.04 1.07 1.10 1.09 1.12 1.15 1.18 1.20 1.23 1.26 1.28 1.31 1.33 1.35 1.37 1.39 1.42 1.46 1.46 1.47 1.47 1.47 1.47 1.46 1.45 1.44 1.43 1.42 1.39 1.37 1.35 1.33 1.31 1.28 1.25 1.23 1.20 1.18 1.15 1.12 1.09 1.07 1.06 1.04 1.01 0.98 0.96 0.96 0.95 0.95 0.94 0.94 0.93 0.93 0.93 0.93
0.47 0.48 0.54 0.56 0.57 0.58 0.59 0.60 0.61 0.62 0.63 0.64 0.65 0.66 0.67 0.69 0.76 0.80 0.83 0.86 0.90 0.93 0.97 1.00 1.03 1.07 1.10 1.12 1.12 1.15 1.18 1.20 1.23 1.26 1.29 1.31 1.34 1.36 1.39 1.41 1.42 1.45 1.49 1.50 1.50 1.51 1.51 1.50 1.50 1.49 1.48 1.46 1.45 1.43 1.40 1.38 1.36 1.33 1.31 1.29 1.26 1.23 1.21 1.18 1.15 1.12 1.09 1.08 1.05 1.02 1.00 0.97 0.94 0.94 0.93 0.93 0.92 0.92 0.91 0.92 0.91
0.47 0.48 0.53 0.55 0.56 0.57 0.58 0.59 0.60 0.61 0.62 0.63 0.64 0.66 0.68 0.70 0.77 0.81 0.84 0.88 0.91 0.95 0.98 1.01 1.05 1.08 1.11 1.14 1.14 1.17 1.19 1.23 1.25 1.28 1.31 1.33 1.36 1.39 1.41 1.43 1.45 1.47 1.52 1.53 1.54 1.54 1.54 1.53 1.53 1.52 1.51 1.50 1.48 1.46 1.44 1.42 1.39 1.37 1.34 1.32 1.29 1.26 1.23 1.20 1.17 1.13 1.10 1.09 1.07 1.04 1.00 0.97 0.94 0.92 0.91 0.91 0.90 0.90 0.89 0.90 0.89
0.46 0.47 0.53 0.55 0.56 0.56 0.57 0.58 0.59 0.60 0.61 0.62 0.64 0.66 0.68 0.71 0.78 0.82 0.86 0.89 0.92 0.96 0.99 1.02 1.06 1.09 1.13 1.16 1.15 1.18 1.21 1.24 1.27 1.30 1.33 1.36 1.38 1.41 1.43 1.46 1.48 1.51 1.55 1.56 1.57 1.57 1.57 1.57 1.56 1.55 1.55 1.54 1.52 1.50 1.47 1.45 1.43 1.40 1.38 1.35 1.32 1.29 1.26 1.23 1.19 1.16 1.12 1.10 1.08 1.04 1.01 0.98 0.95 0.92 0.89 0.89 0.88 0.88 0.87 0.88 0.87
0.46 0.47 0.52 0.54 0.55 0.56 0.56 0.57 0.58 0.59 0.60 0.62 0.63 0.66 0.69 0.72 0.79 0.83 0.87 0.90 0.93 0.97 1.00 1.03 1.07 1.10 1.14 1.16 1.16 1.20 1.23 1.26 1.29 1.32 1.35 1.38 1.40 1.43 1.46 1.48 1.51 1.53 1.58 1.59 1.60 1.60 1.60 1.60 1.60 1.60 1.59 1.58 1.56 1.54 1.52 1.50 1.47 1.45 1.41 1.38 1.35 1.32 1.29 1.25 1.21 1.17 1.14 1.12 1.09 1.05 1.02 0.99 0.95 0.92 0.89 0.87 0.86 0.86 0.85 0.85 0.85
0.45 0.46 0.52 0.54 0.54 0.55 0.56 0.56 0.57 0.59 0.60 0.61 0.64 0.67 0.70 0.73 0.80 0.84 0.88 0.91 0.94 0.97 1.00 1.04 1.08 1.11 1.15 1.17 1.17 1.20 1.24 1.27 1.30 1.33 1.37 1.40 1.43 1.46 1.48 1.51 1.53 1.56 1.61 1.62 1.63 1.63 1.64 1.64 1.64 1.63 1.63 1.62 1.60 1.58 1.55 1.53 1.51 1.48 1.45 1.42 1.38 1.35 1.31 1.27 1.23 1.19 1.16 1.13 1.10 1.07 1.03 0.99 0.96 0.92 0.89 0.86 0.84 0.83 0.83 0.83 0.82
0.45 0.45 0.51 0.53 0.54 0.54 0.55 0.56 0.57 0.58 0.59 0.62 0.65 0.67 0.71 0.74 0.81 0.85 0.88 0.91 0.94 0.98 1.01 1.05 1.08 1.11 1.15 1.18 1.18 1.21 1.25 1.28 1.32 1.35 1.39 1.42 1.45 1.48 1.51 1.54 1.56 1.59 1.64 1.66 1.66 1.67 1.68 1.68 1.68 1.68 1.67 1.65 1.64 1.62 1.60 1.57 1.54 1.51 1.48 1.45 1.41 1.37 1.34 1.30 1.25 1.22 1.17 1.15 1.12 1.08 1.04 1.01 0.97 0.93 0.89 0.86 0.83 0.81 0.81 0.80 0.80
0.44 0.45 0.50 0.52 0.53 0.53 0.54 0.55 0.56 0.57 0.60 0.62 0.65 0.68 0.71 0.74 0.81 0.85 0.89 0.92 0.95 0.98 1.01 1.05 1.08 1.12 1.16 1.19 1.19 1.22 1.26 1.29 1.33 1.37 1.41 1.44 1.48 1.51 1.54 1.57 1.59 1.62 1.67 1.69 1.70 1.71 1.72 1.72 1.72 1.71 1.70 1.69 1.67 1.65 1.62 1.59 1.57 1.54 1.51 1.47 1.44 1.40 1.36 1.32 1.28 1.23 1.20 1.17 1.13 1.10 1.05 1.02 0.98 0.94 0.90 0.86 0.83 0.79 0.78 0.78 0.77
0.43 0.44 0.49 0.51 0.52 0.53 0.54 0.54 0.56 0.57 0.60 0.63 0.66 0.69 0.72 0.75 0.82 0.86 0.89 0.92 0.95 0.99 1.02 1.05 1.08 1.12 1.16 1.19 1.19 1.23 1.27 1.31 1.35 1.39 1.44 1.47 1.50 1.53 1.56 1.60 1.62 1.65 1.71 1.72 1.74 1.75 1.75 1.75 1.75 1.74 1.74 1.72 1.71 1.69 1.66 1.64 1.61 1.57 1.54 1.50 1.47 1.42 1.39 1.35 1.30 1.26 1.22 1.18 1.15 1.11 1.07 1.02 0.98 0.94 0.90 0.86 0.83 0.79 0.76 0.75 0.75
0.43 0.44 0.49 0.50 0.51 0.52 0.53 0.54 0.55 0.57 0.60 0.63 0.66 0.69 0.72 0.75 0.82 0.86 0.89 0.92 0.95 0.98 1.01 1.05 1.08 1.12 1.16 1.19 1.20 1.24 1.28 1.33 1.37 1.41 1.45 1.49 1.52 1.56 1.59 1.62 1.65 1.69 1.74 1.76 1.77 1.78 1.79 1.79 1.79 1.78 1.77 1.77 1.75 1.72 1.69 1.67 1.65 1.61 1.57 1.53 1.50 1.46 1.41 1.37 1.32 1.28 1.23 1.20 1.17 1.12 1.07 1.03 0.99 0.95 0.90 0.86 0.82 0.78 0.75 0.73 0.72
0.42 0.43 0.48 0.49 0.50 0.51 0.52 0.53 0.55 0.57 0.60 0.63 0.66 0.69 0.72 0.75 0.81 0.85 0.88 0.91 0.95 0.98 1.01 1.04 1.08 1.12 1.17 1.20 1.21 1.25 1.29 1.34 1.38 1.42 1.47 1.51 1.54 1.58 1.62 1.65 1.68 1.72 1.78 1.79 1.81 1.82 1.82 1.83 1.82 1.81 1.81 1.80 1.78 1.75 1.72 1.70 1.67 1.63 1.60 1.56 1.52 1.48 1.44 1.39 1.34 1.29 1.25 1.21 1.17 1.13 1.08 1.04 0.99 0.95 0.90 0.86 0.82 0.77 0.74 0.70 0.69
0.41 0.42 0.47 0.49 0.49 0.50 0.51 0.52 0.55 0.57 0.60 0.63 0.66 0.69 0.72 0.75 0.81 0.85 0.88 0.91 0.94 0.97 1.00 1.04 1.08 1.12 1.17 1.21 1.22 1.26 1.31 1.35 1.39 1.44 1.48 1.52 1.56 1.60 1.64 1.68 1.71 1.75 1.81 1.83 1.84 1.85 1.86 1.86 1.86 1.85 1.84 1.83 1.80 1.78 1.76 1.73 1.70 1.66 1.62 1.58 1.54 1.50 1.45 1.41 1.35 1.31 1.26 1.23 1.18 1.14 1.09 1.05 1.00 0.95 0.91 0.86 0.82 0.77 0.73 0.69 0.67
0.41 0.41 0.46 0.48 0.49 0.50 0.50 0.52 0.55 0.57 0.60 0.63 0.66 0.69 0.72 0.74 0.80 0.84 0.87 0.90 0.93 0.96 1.00 1.04 1.08 1.13 1.17 1.21 1.22 1.27 1.31 1.36 1.40 1.45 1.49 1.54 1.58 1.62 1.67 1.71 1.75 1.78 1.85 1.87 1.88 1.90 1.90 1.90 1.90 1.89 1.88 1.86 1.84 1.81 1.77 1.75 1.72 1.68 1.64 1.60 1.56 1.51 1.47 1.42 1.37 1.32 1.27 1.23 1.19 1.15 1.10 1.06 1.01 0.96 0.91 0.86 0.81 0.76 0.72 0.68 0.64
0.40 0.40 0.45 0.47 0.48 0.49 0.50 0.52 0.54 0.57 0.60 0.63 0.65 0.68 0.71 0.74 0.80 0.83 0.86 0.89 0.92 0.95 0.99 1.04 1.08 1.13 1.17 1.22 1.23 1.28 1.32 1.37 1.41 1.45 1.50 1.55 1.59 1.64 1.69 1.73 1.78 1.82 1.89 1.92 1.93 1.94 1.95 1.95 1.94 1.93 1.91 1.90 1.87 1.84 1.81 1.78 1.73 1.70 1.66 1.61 1.57 1.53 1.48 1.43 1.38 1.33 1.29 1.25 1.21 1.16 1.12 1.07 1.02 0.96 0.91 0.86 0.81 0.75 0.71 0.67 0.63
0.39 0.39 0.45 0.46 0.47 0.48 0.49 0.52 0.54 0.57 0.60 0.62 0.65 0.68 0.70 0.73 0.79 0.82 0.85 0.88 0.91 0.95 0.99 1.04 1.08 1.13 1.18 1.22 1.24 1.28 1.32 1.37 1.41 1.46 1.51 1.56 1.61 1.66 1.71 1.76 1.81 1.87 1.94 1.97 1.99 2.00 2.00 2.00 1.99 1.97 1.95 1.93 1.90 1.86 1.82 1.79 1.76 1.71 1.67 1.63 1.58 1.55 1.50 1.45 1.40 1.35 1.30 1.26 1.22 1.18 1.13 1.08 1.02 0.97 0.92 0.86 0.81 0.75 0.70 0.65 0.61
0.38 0.39 0.44 0.46 0.47 0.47 0.49 0.51 0.54 0.57 0.59 0.62 0.65 0.67 0.70 0.73 0.78 0.82 0.84 0.88 0.91 0.95 0.99 1.03 1.08 1.12 1.18 1.22 1.23 1.28 1.32 1.37 1.42 1.47 1.52 1.57 1.62 1.67 1.73 1.79 1.85 1.91 1.99 2.02 2.05 2.07 2.07 2.06 2.05 2.02 1.99 1.97 1.93 1.90 1.87 1.83 1.78 1.74 1.69 1.65 1.61 1.56 1.51 1.47 1.41 1.37 1.32 1.28 1.23 1.19 1.14 1.09 1.04 0.98 0.92 0.86 0.80 0.74 0.69 0.64 0.60
0.38 0.38 0.43 0.45 0.46 0.47 0.49 0.51 0.54 0.56 0.59 0.61 0.64 0.67 0.70 0.72 0.78 0.81 0.84 0.87 0.91 0.95 0.99 1.03 1.07 1.12 1.17 1.21 1.23 1.27 1.32 1.37 1.42 1.47 1.52 1.57 1.62 1.69 1.76 1.82 1.89 1.96 2.05 2.10 2.12 2.15 2.15 2.13 2.11 2.07 2.04 2.00 1.97 1.92 1.88 1.84 1.81 1.76 1.72 1.68 1.63 1.58 1.53 1.49 1.44 1.39 1.34 1.30 1.25 1.20 1.15 1.10 1.04 0.98 0.92 0.86 0.80 0.74 0.68 0.63 0.58
0.37 0.37 0.42 0.44 0.45 0.46 0.49 0.51 0.53 0.56 0.59 0.61 0.64 0.66 0.69 0.71 0.77 0.80 0.83 0.87 0.90 0.94 0.98 1.02 1.07 1.12 1.17 1.21 1.22 1.27 1.32 1.36 1.42 1.46 1.52 1.57 1.63 1.70 1.78 1.86 1.93 2.02 2.12 2.18 2.22 2.23 2.23 2.20 2.17 2.13 2.08 2.04 2.00 1.95 1.91 1.87 1.82 1.78 1.74 1.69 1.65 1.61 1.56 1.51 1.46 1.41 1.35 1.31 1.26 1.21 1.16 1.11 1.05 0.99 0.93 0.87 0.81 0.74 0.67 0.62 0.58
0.36 0.37 0.42 0.44 0.44 0.46 0.48 0.50 0.53 0.55 0.58 0.60 0.63 0.66 0.68 0.70 0.76 0.79 0.83 0.86 0.90 0.94 0.97 1.02 1.06 1.11 1.16 1.20 1.22 1.26 1.31 1.36 1.40 1.46 1.52 1.57 1.65 1.72 1.81 1.90 1.99 2.09 2.20 2.27 2.34 2.35 2.31 2.28 2.24 2.18 2.13 2.08 2.03 1.98 1.94 1.89 1.86 1.81 1.76 1.72 1.67 1.63 1.58 1.54 1.48 1.42 1.37 1.33 1.29 1.23 1.18 1.12 1.06 1.00 0.94 0.87 0.83 0.77 0.68 0.62 0.60
0.35 0.36 0.41 0.43 0.44 0.45 0.48 0.50 0.52 0.55 0.57 0.60 0.62 0.65 0.67 0.69 0.75 0.79 0.82 0.85 0.89 0.93 0.97 1.01 1.06 1.10 1.15 1.19 1.21 1.25 1.30 1.34 1.39 1.45 1.51 1.58 1.65 1.74 1.84 1.94 2.04 2.15 2.27 2.36 2.46 2.53 2.41 2.36 2.30 2.24 2.17 2.11 2.06 2.00 1.95 1.91 1.86 1.82 1.78 1.74 1.70 1.67 1.61 1.55 1.50 1.45 1.40 1.35 1.30 1.25 1.19 1.14 1.08 1.03 0.98 0.89 0.83 0.81 0.71 0.63 0.60
0.35 0.35 0.40 0.42 0.43 0.45 0.47 0.49 0.52 0.54 0.57 0.59 0.61 0.64 0.66 0.69 0.74 0.78 0.81 0.85 0.88 0.92 0.96 1.00 1.05 1.09 1.14 1.18 1.19 1.24 1.28 1.33 1.38 1.44 1.50 1.57 1.66 1.75 1.85 1.97 2.09 2.20 2.34 2.43 2.50 2.59 2.50 2.45 2.36 2.28 2.20 2.14 2.07 2.02 1.98 1.93 1.89 1.84 1.81 1.78 1.71 1.70 1.65 1.61 1.53 1.47 1.42 1.37 1.32 1.26 1.21 1.16 1.11 1.03 1.00 0.93 0.88 0.83 0.72 0.65 0.60
0.34 0.35 0.39 0.41 0.43 0.44 0.47 0.49 0.51 0.53 0.56 0.58 0.60 0.63 0.65 0.67 0.73 0.77 0.80 0.83 0.87 0.91 0.95 1.00 1.03 1.08 1.13 1.16 1.18 1.22 1.27 1.32 1.37 1.43 1.50 1.57 1.66 1.75 1.86 1.99 2.11 2.24 2.40 2.50 2.59 2.66 2.59 2.50 2.37 2.30 2.21 2.14 2.09 2.03 1.98 1.97 1.90 1.87 1.85 1.84 1.75 1.74 1.70 1.69 1.60 1.52 1.44 1.38 1.33 1.27 1.22 1.16 1.10 1.03 0.96 0.91 0.89 0.88 0.75 0.67 0.61
0.34 0.34 0.39 0.41 0.42 0.44 0.46 0.48 0.50 0.52 0.55 0.57 0.59 0.62 0.64 0.66 0.72 0.76 0.79 0.83 0.86 0.90 0.94 0.98 1.02 1.07 1.11 1.15 1.17 1.21 1.25 1.30 1.36 1.42 1.49 1.56 1.65 1.74 1.86 1.98 2.11 2.25 2.42 2.55 2.61 2.69 2.63 2.51 2.38 2.34 2.22 2.19 2.17 2.09 2.04 2.01 1.95 1.90 1.93 1.87 1.77 1.74 1.76 1.75 1.66 1.55 1.48 1.40 1.34 1.29 1.23 1.17 1.10 1.04 0.97 0.92 0.86 0.82 0.79 0.69 0.62
0.33 0.33 0.38 0.40 0.41 0.43 0.45 0.47 0.49 0.52 0.54 0.56 0.58 0.61 0.63 0.65 0.71 0.75 0.78 0.81 0.85 0.89 0.93 0.97 1.01 1.05 1.09 1.13 1.15 1.19 1.24 1.29 1.35 1.41 1.47 1.54 1.63 1.72 1.84 1.97 2.11 2.23 2.40 2.54 2.54 2.57 2.58 2.54 2.37 2.29 2.17 2.11 2.12 2.10 1.98 1.98 1.93 1.89 1.92 1.90 1.80 1.74 1.77 1.80 1.70 1.60 1.54 1.42 1.36 1.30 1.23 1.17 1.11 1.04 0.98 0.91 0.85 0.79 0.77 0.72 0.66
0.32 0.33 0.37 0.39 0.41 0.43 0.44 0.46 0.48 0.50 0.53 0.55 0.57 0.59 0.62 0.65 0.70 0.74 0.77 0.81 0.84 0.88 0.92 0.96 1.00 1.04 1.08 1.11 1.13 1.18 1.23 1.28 1.33 1.39 1.45 1.52 1.60 1.70 1.81 1.92 2.05 2.22 2.44 2.48 2.41 2.47 2.51 2.46 2.27 2.22 2.11 2.03 1.98 2.00 1.96 1.99 1.93 1.87 1.88 1.86 1.82 1.78 1.78 1.83 1.77 1.60 1.48 1.43 1.36 1.30 1.25 1.17 1.11 1.04 0.98 0.92 0.85 0.83 0.78 0.70 0.64
0.31 0.32 0.36 0.38 0.40 0.42 0.44 0.46 0.47 0.49 0.51 0.54 0.56 0.59 0.61 0.63 0.69 0.72 0.76 0.79 0.83 0.87 0.90 0.94 0.98 1.02 1.06 1.09 1.12 1.16 1.22 1.27 1.32 1.37 1.43 1.49 1.57 1.66 1.76 1.87 2.03 2.15 2.31 2.32 2.29 2.28 2.25 2.24 2.16 2.10 2.05 1.98 1.96 1.93 1.96 1.93 1.93 1.89 1.89 1.90 1.90 1.81 1.76 1.72 1.72 1.59 1.50 1.44 1.38 1.31 1.25 1.18 1.11 1.05 0.98 0.92 0.86 0.80 0.75 0.70 0.65
0.30 0.31 0.35 0.37 0.39 0.41 0.42 0.44 0.46 0.48 0.50 0.52 0.55 0.57 0.60 0.62 0.67 0.71 0.74 0.78 0.81 0.85 0.88 0.92 0.96 1.00 1.04 1.08 1.10 1.15 1.20 1.25 1.30 1.35 1.40 1.46 1.54 1.62 1.72 1.81 1.93 2.10 2.16 2.16 2.21 2.16 2.14 2.12 2.12 2.06 2.02 1.95 1.94 1.91 1.93 2.01 1.93 1.93 1.91 1.92 1.91 1.83 1.82 1.70 1.63 1.58 1.51 1.45 1.38 1.32 1.26 1.19 1.12 1.06 0.99 0.93 0.87 0.81 0.76 0.72 0.66
0.30 0.30 0.35 0.37 0.38 0.40 0.42 0.43 0.45 0.47 0.49 0.51 0.54 0.57 0.59 0.61 0.66 0.70 0.73 0.77 0.80 0.83 0.87 0.91 0.94 0.98 1.02 1.06 1.10 1.14 1.19 1.23 1.28 1.32 1.38 1.43 1.50 1.59 1.66 1.76 1.84 1.95 2.03 2.10 2.13 2.05 2.01 1.97 1.96 1.99 2.02 1.98 1.94 1.92 1.88 1.92 2.03 2.00 2.01 1.94 1.94 1.90 1.80 1.70 1.64 1.58 1.53 1.46 1.40 1.33 1.27 1.20 1.13 1.06 0.99 0.93 0.87 0.82 0.76 0.71 0.67
0.29 0.30 0.34 0.36 0.37 0.39 0.41 0.42 0.44 0.46 0.48 0.50 0.53 0.55 0.58 0.60 0.65 0.69 0.72 0.76 0.79 0.82 0.86 0.89 0.93 0.97 1.01 1.05 1.09 1.13 1.18 1.22 1.26 1.31 1.36 1.41 1.47 1.55 1.66 1.70 1.79 1.85 1.93 2.02 2.03 1.93 1.92 1.86 1.84 1.85 1.87 1.94 2.03 2.02 1.94 1.95 2.04 2.07 2.05 1.97 1.97 1.89 1.76 1.69 1.66 1.60 1.54 1.48 1.41 1.34 1.27 1.20 1.14 1.07 1.01 0.94 0.88 0.82 0.77 0.72 0.67
0.29 0.29 0.34 0.35 0.36 0.38 0.40 0.41 0.43 0.45 0.47 0.50 0.52 0.54 0.57 0.59 0.64 0.68 0.71 0.74 0.77 0.81 0.84 0.87 0.91 0.96 1.00 1.04 1.08 1.13 1.16 1.21 1.25 1.30 1.34 1.40 1.44 1.51 1.63 1.67 1.77 1.83 1.86 1.93 1.93 1.88 1.92 1.88 1.77 1.74 1.79 1.83 1.92 2.02 2.00 2.04 2.02 1.95 1.96 1.90 1.86 1.82 1.76 1.73 1.67 1.61 1.56 1.49 1.42 1.35 1.28 1.21 1.14 1.07 1.01 0.94 0.88 0.83 0.77 0.72 0.67
