project/src/data/BOM_climate/monthly_mean_rainfall/rainaug.txt
ncols 886
nrows 691
xllcenter 112.0000
yllcenter -44.5000
cellsize 0.0500
nodata_value 99999.90
[rows 288 to 323 of 691, columns 243 to 323 of 886]
7.12 7.11 7.07 7.05 6.98 6.94 6.90 6.86 6.83 6.76 6.69 6.69 6.69 6.66 6.66 6.64 6.61 6.55 6.51 6.52 6.46 6.44 6.44 6.45 6.46 6.45 6.57 6.56 6.46 6.37 6.24 6.20 6.06 6.17 6.15 6.13 6.05 6.27 6.14 5.92 5.75 5.58 5.52 5.57 5.66 5.73 5.87 5.91 5.80 5.88 5.97 6.05 6.06 5.98 5.84 5.80 5.64 5.50 5.45 5.56 5.68 5.61 5.75 5.89 6.00 5.90 5.75 5.81 5.83 5.64 5.44 5.38 5.42 5.55 5.64 5.57 5.42 5.34 5.29 5.31 5.32
7.29 7.31 7.26 7.16 7.05 7.00 6.97 6.91 6.88 6.82 6.77 6.75 6.77 6.82 6.75 6.71 6.66 6.58 6.53 6.54 6.52 6.54 6.54 6.51 6.53 6.58 6.73 6.62 6.42 6.31 6.45 6.31 6.16 6.10 6.22 6.19 6.18 6.15 6.13 5.91 5.75 5.68 5.72 5.72 5.84 5.79 5.91 6.01 5.99 5.97 5.97 6.09 6.16 6.11 6.00 5.80 5.69 5.52 5.48 5.50 5.53 5.56 5.67 5.83 5.94 5.77 5.78 5.88 5.65 5.54 5.47 5.56 5.66 5.66 5.55 5.44 5.39 5.33 5.31 5.31 5.30
7.34 7.45 7.54 7.40 7.15 7.08 7.05 7.04 7.05 7.02 6.89 6.84 6.82 6.81 6.76 6.71 6.70 6.61 6.57 6.61 6.59 6.61 6.62 6.63 6.64 6.71 6.70 6.56 6.41 6.33 6.48 6.39 6.31 6.22 6.21 6.20 6.21 6.11 6.06 5.89 5.83 5.81 5.82 5.88 6.05 6.01 5.92 5.99 6.08 6.11 6.09 6.17 6.23 6.18 6.10 5.97 5.83 5.71 5.64 5.53 5.50 5.53 5.57 5.75 5.77 5.75 5.88 5.82 5.57 5.52 5.65 5.70 5.80 5.83 5.58 5.43 5.41 5.42 5.40 5.38 5.34
7.47 7.57 7.72 7.56 7.43 7.29 7.18 7.11 7.14 7.25 7.12 6.97 6.88 6.84 6.80 6.76 6.78 6.70 6.66 6.71 6.69 6.69 6.76 6.83 6.86 6.81 6.71 6.61 6.48 6.33 6.38 6.45 6.35 6.42 6.43 6.43 6.33 6.20 6.10 5.98 5.99 5.99 6.01 6.10 6.22 6.19 6.04 5.99 6.14 6.16 6.10 6.15 6.26 6.24 6.12 5.97 5.92 6.01 5.88 5.74 5.65 5.53 5.52 5.64 5.68 5.86 5.87 5.69 5.52 5.64 5.66 5.63 5.80 5.79 5.58 5.44 5.54 5.76 5.57 5.47 5.48
7.70 7.77 7.73 7.61 7.43 7.26 7.18 7.18 7.20 7.29 7.15 7.11 6.98 6.90 6.84 6.81 6.81 6.73 6.73 6.76 6.77 6.79 6.89 6.94 6.86 6.74 6.63 6.56 6.50 6.41 6.37 6.52 6.55 6.50 6.44 6.42 6.42 6.41 6.28 6.12 6.18 6.32 6.23 6.27 6.29 6.27 6.12 6.01 6.16 6.13 6.20 6.18 6.23 6.33 6.22 6.16 6.15 6.09 5.91 5.71 5.63 5.53 5.52 5.55 5.74 5.89 5.79 5.61 5.55 5.61 5.52 5.56 5.68 5.59 5.51 5.48 5.54 5.68 5.86 5.73 5.63
7.77 7.70 7.56 7.46 7.32 7.29 7.26 7.19 7.21 7.15 7.12 7.10 7.04 6.95 6.87 6.86 6.87 6.84 6.84 6.83 6.81 6.82 6.89 6.98 6.87 6.71 6.59 6.50 6.41 6.39 6.45 6.56 6.58 6.56 6.56 6.44 6.34 6.43 6.46 6.18 6.12 6.18 6.13 6.14 6.27 6.32 6.20 6.05 6.08 6.08 6.12 6.16 6.25 6.35 6.36 6.30 6.28 6.22 6.05 5.80 5.66 5.58 5.55 5.60 5.75 5.86 5.73 5.56 5.52 5.52 5.58 5.60 5.56 5.52 5.51 5.60 5.72 5.82 5.96 5.82 5.78
7.64 7.56 7.45 7.41 7.30 7.31 7.22 7.18 7.16 7.14 7.17 7.15 7.09 6.97 6.94 6.95 6.90 6.86 6.87 6.87 6.84 6.83 6.90 7.00 6.96 6.80 6.75 6.59 6.43 6.36 6.45 6.47 6.47 6.58 6.63 6.51 6.45 6.41 6.32 6.15 6.03 6.03 6.04 6.08 6.21 6.36 6.31 6.25 6.24 6.14 6.23 6.25 6.26 6.39 6.35 6.34 6.15 6.12 6.17 5.96 5.79 5.69 5.66 5.62 5.75 5.85 5.70 5.57 5.54 5.55 5.56 5.61 5.56 5.55 5.60 5.82 5.96 6.16 6.09 5.79 5.73
7.56 7.55 7.47 7.43 7.34 7.30 7.22 7.16 7.15 7.18 7.13 7.13 7.06 7.01 7.02 7.01 6.97 6.92 6.89 6.89 6.89 6.87 6.92 6.94 7.00 6.88 6.70 6.55 6.44 6.39 6.37 6.41 6.46 6.57 6.77 6.62 6.47 6.48 6.42 6.21 6.06 6.05 6.10 6.20 6.33 6.41 6.36 6.37 6.37 6.32 6.27 6.34 6.39 6.46 6.37 6.31 6.22 6.08 6.03 6.04 5.99 5.90 5.70 5.65 5.83 5.89 5.69 5.61 5.62 5.86 5.97 5.88 5.85 5.68 5.68 5.78 5.89 6.01 5.90 5.81 5.83
7.63 7.57 7.47 7.45 7.44 7.40 7.33 7.23 7.18 7.18 7.17 7.17 7.13 7.11 7.08 7.07 7.04 7.00 6.99 6.96 6.94 7.00 6.92 6.85 6.92 6.93 6.86 6.71 6.62 6.48 6.39 6.38 6.43 6.54 6.67 6.78 6.53 6.48 6.39 6.26 6.10 6.11 6.22 6.39 6.49 6.45 6.45 6.47 6.49 6.40 6.34 6.40 6.43 6.51 6.40 6.24 6.29 6.19 5.95 5.99 6.08 5.82 5.67 5.70 5.91 5.89 5.75 5.68 5.69 5.71 5.76 6.00 6.32 6.11 6.09 6.11 6.10 6.10 6.00 5.93 6.20
7.61 7.55 7.52 7.52 7.49 7.45 7.44 7.33 7.25 7.26 7.25 7.26 7.20 7.15 7.15 7.13 7.11 7.09 7.07 7.04 7.07 7.10 6.97 6.84 6.86 6.98 6.98 6.80 6.65 6.63 6.57 6.51 6.45 6.56 6.70 6.81 6.57 6.46 6.39 6.31 6.19 6.11 6.27 6.52 6.69 6.62 6.50 6.50 6.52 6.52 6.44 6.48 6.53 6.55 6.45 6.24 6.28 6.36 6.12 5.95 6.08 5.90 5.73 5.82 5.97 5.80 5.74 5.72 5.72 5.75 5.77 5.80 5.90 6.07 6.27 6.59 6.66 6.64 6.43 6.16 6.06
7.69 7.66 7.59 7.56 7.54 7.54 7.49 7.40 7.34 7.30 7.32 7.34 7.30 7.24 7.21 7.19 7.18 7.14 7.13 7.22 7.31 7.20 7.09 6.93 6.87 6.97 7.06 6.87 6.78 6.81 6.67 6.56 6.49 6.55 6.67 6.70 6.55 6.46 6.42 6.27 6.16 6.17 6.31 6.53 6.70 6.78 6.65 6.53 6.59 6.59 6.58 6.55 6.57 6.50 6.42 6.32 6.23 6.31 6.12 5.92 5.91 5.85 5.79 5.86 5.99 5.88 5.80 5.79 5.78 5.83 5.91 5.87 5.88 5.94 6.03 6.15 6.23 6.32 6.44 6.40 6.09
7.76 7.74 7.67 7.62 7.62 7.63 7.59 7.50 7.43 7.42 7.41 7.41 7.40 7.36 7.33 7.28 7.29 7.29 7.34 7.48 7.35 7.20 7.08 7.00 6.90 7.02 7.15 7.10 7.05 6.98 6.83 6.78 6.64 6.59 6.67 6.81 6.70 6.54 6.45 6.40 6.22 6.24 6.33 6.53 6.70 6.75 6.75 6.68 6.69 6.63 6.61 6.65 6.53 6.40 6.32 6.23 6.14 6.20 6.02 5.92 5.90 5.88 5.90 5.91 5.93 5.93 5.93 5.92 5.90 6.03 6.01 5.96 5.96 6.00 6.04 6.09 6.15 6.22 6.36 6.85 6.36
7.85 7.81 7.77 7.71 7.67 7.64 7.62 7.57 7.52 7.51 7.49 7.46 7.48 7.50 7.37 7.38 7.42 7.50 7.59 7.62 7.43 7.22 7.12 6.99 6.92 7.00 7.16 7.12 7.21 7.14 7.00 6.86 6.67 6.68 6.74 6.83 6.68 6.65 6.62 6.45 6.32 6.34 6.43 6.59 6.74 6.71 6.87 6.91 6.70 6.50 6.64 6.73 6.60 6.48 6.30 6.16 6.06 6.05 5.99 5.98 5.98 6.01 6.03 6.05 6.04 6.03 6.06 6.06 6.07 6.20 6.14 6.08 6.05 6.08 6.12 6.15 6.19 6.27 6.35 6.52 6.77
7.91 7.90 7.84 7.78 7.74 7.71 7.66 7.65 7.62 7.60 7.54 7.52 7.42 7.42 7.35 7.43 7.58 7.68 7.75 7.63 7.40 7.25 7.14 7.13 7.02 6.94 7.02 7.12 7.23 7.12 7.04 6.90 6.70 6.73 6.77 6.75 6.67 6.59 6.65 6.57 6.43 6.39 6.48 6.64 6.77 6.72 6.85 6.90 6.64 6.64 6.79 6.79 6.68 6.52 6.31 6.17 6.11 6.08 6.09 6.11 6.11 6.12 6.16 6.20 6.20 6.18 6.18 6.22 6.31 6.36 6.25 6.21 6.17 6.19 6.27 6.29 6.33 6.35 6.39 6.47 6.55
8.00 7.98 7.92 7.86 7.82 7.81 7.78 7.73 7.70 7.57 7.48 7.47 7.37 7.34 7.41 7.48 7.51 7.52 7.57 7.57 7.44 7.28 7.13 7.12 7.07 6.94 6.96 7.01 7.15 7.07 6.90 6.84 6.68 6.77 6.84 6.75 6.64 6.60 6.59 6.51 6.44 6.43 6.52 6.71 6.83 6.71 6.80 6.76 6.75 6.83 6.92 6.75 6.61 6.48 6.44 6.27 6.18 6.17 6.21 6.25 6.28 6.29 6.33 6.31 6.36 6.35 6.34 6.37 6.49 6.55 6.44 6.36 6.30 6.28 6.35 6.43 6.53 6.52 6.50 6.57 6.54
8.11 8.02 7.96 7.90 7.89 7.88 7.86 7.77 7.67 7.66 7.52 7.45 7.39 7.42 7.46 7.44 7.42 7.45 7.59 7.68 7.42 7.29 7.16 7.09 7.18 7.01 6.91 6.93 6.97 7.02 6.84 6.77 6.68 6.79 6.78 6.70 6.63 6.58 6.62 6.53 6.47 6.52 6.69 6.73 6.81 6.70 6.73 6.83 6.96 7.01 6.99 6.84 6.76 6.75 6.57 6.32 6.26 6.27 6.31 6.41 6.46 6.54 6.54 6.49 6.50 6.51 6.52 6.53 6.53 6.55 6.55 6.51 6.43 6.41 6.44 6.54 6.69 6.76 6.71 6.67 6.57
8.31 8.21 8.08 7.98 7.98 7.94 7.83 7.70 7.61 7.61 7.56 7.46 7.46 7.46 7.40 7.37 7.46 7.58 7.66 7.50 7.38 7.26 7.18 7.10 7.21 7.08 6.92 6.92 6.88 6.98 6.92 6.76 6.69 6.80 6.79 6.73 6.68 6.61 6.55 6.52 6.53 6.62 6.74 6.81 6.91 6.79 6.91 6.97 7.00 7.06 7.04 6.96 6.81 6.67 6.56 6.39 6.38 6.40 6.47 6.51 6.60 6.62 6.64 6.68 6.72 6.67 6.70 6.73 6.71 6.75 6.72 6.66 6.60 6.53 6.51 6.57 6.66 6.74 6.73 6.68 6.61
8.34 8.41 8.26 8.11 8.15 8.12 8.04 7.80 7.67 7.60 7.59 7.49 7.48 7.43 7.46 7.51 7.53 7.66 7.72 7.48 7.32 7.25 7.13 7.08 7.21 7.10 6.93 6.88 6.84 6.91 7.00 6.84 6.73 6.79 6.88 6.88 6.74 6.64 6.58 6.63 6.74 6.81 6.85 6.87 6.89 6.82 6.89 6.96 7.00 7.06 7.01 6.91 6.72 6.58 6.48 6.46 6.50 6.50 6.54 6.60 6.69 6.73 6.79 6.88 6.94 6.84 6.88 6.97 6.92 6.91 6.88 6.83 6.73 6.69 6.64 6.65 6.67 6.71 6.68 6.69 6.69
8.40 8.39 8.25 8.13 8.10 8.08 8.08 7.86 7.76 7.71 7.62 7.59 7.59 7.56 7.57 7.67 7.72 7.71 7.76 7.64 7.47 7.39 7.25 7.12 7.18 7.19 7.05 6.93 6.87 6.89 6.97 6.83 6.76 6.74 6.80 6.84 6.76 6.65 6.68 6.77 6.93 6.92 6.90 6.88 6.89 6.85 6.98 6.96 7.00 7.11 7.12 6.97 6.75 6.61 6.55 6.57 6.62 6.64 6.62 6.68 6.77 6.85 6.93 7.04 7.12 7.05 7.02 7.11 7.15 7.09 7.04 6.97 6.90 6.87 6.79 6.89 6.89 6.79 6.73 6.75 6.76
8.44 8.31 8.20 8.16 8.14 8.15 8.07 7.87 7.79 7.75 7.66 7.67 7.71 7.67 7.71 7.71 7.71 7.58 7.62 7.74 7.57 7.44 7.29 7.20 7.14 7.15 7.16 7.14 6.97 6.88 6.94 6.98 6.88 6.77 6.73 6.74 6.71 6.69 6.78 6.87 6.96 6.96 6.93 6.90 6.91 6.86 6.90 6.96 7.00 7.10 7.16 7.02 6.83 6.72 6.65 6.71 6.82 6.76 6.74 6.83 6.87 6.91 6.99 7.09 7.27 7.16 7.18 7.25 7.29 7.25 7.27 7.16 7.05 6.92 6.89 6.99 6.95 6.87 6.81 6.83 6.86
8.32 8.28 8.22 8.22 8.28 8.40 8.19 7.95 7.84 7.78 7.69 7.67 7.71 7.72 7.69 7.70 7.58 7.54 7.61 7.74 7.62 7.48 7.41 7.28 7.19 7.15 7.08 7.14 7.05 6.94 6.93 7.02 6.97 6.88 6.78 6.74 6.77 6.83 6.87 6.95 7.03 7.10 7.07 7.03 6.99 6.94 6.87 7.03 7.06 7.08 7.17 7.13 6.99 6.83 6.75 6.80 6.85 6.87 6.91 7.00 7.09 7.11 7.14 7.29 7.38 7.23 7.21 7.30 7.41 7.36 7.33 7.25 7.11 6.98 6.93 6.96 6.98 6.98 6.90 6.90 6.94
8.30 8.24 8.27 8.31 8.36 8.50 8.25 8.00 7.94 7.88 7.80 7.68 7.70 7.70 7.73 7.66 7.58 7.66 7.72 7.84 7.79 7.58 7.41 7.35 7.40 7.26 7.09 7.17 7.04 6.98 6.92 6.96 6.92 6.84 6.81 6.82 6.87 6.98 6.95 7.04 7.18 7.17 7.09 7.08 7.06 7.01 6.95 6.96 7.03 7.08 7.14 7.23 7.15 6.99 6.88 6.85 6.89 6.97 7.02 7.13 7.25 7.33 7.28 7.39 7.42 7.32 7.24 7.35 7.37 7.33 7.26 7.20 7.12 7.02 6.97 7.00 7.01 7.00 6.98 6.99 7.00
8.31 8.26 8.32 8.40 8.49 8.50 8.23 8.05 7.98 7.94 7.85 7.75 7.81 7.77 7.83 7.72 7.72 7.67 7.74 7.85 7.81 7.63 7.54 7.56 7.45 7.29 7.16 7.11 7.11 7.09 7.04 6.93 6.90 6.90 6.92 6.97 6.99 7.00 7.05 7.17 7.26 7.19 7.08 7.06 7.01 7.01 6.99 7.00 7.07 7.09 7.19 7.28 7.30 7.18 7.00 6.91 6.94 7.05 7.19 7.21 7.31 7.40 7.31 7.34 7.33 7.29 7.23 7.30 7.39 7.36 7.25 7.19 7.11 7.08 7.05 7.09 7.12 7.11 7.10 7.11 7.11
8.35 8.29 8.33 8.43 8.45 8.43 8.27 8.08 8.03 7.97 7.88 7.77 7.78 7.82 7.84 7.77 7.66 7.71 7.79 7.78 7.76 7.70 7.80 7.71 7.54 7.45 7.33 7.23 7.28 7.25 7.16 7.04 6.95 6.98 7.04 7.10 7.14 7.14 7.15 7.23 7.22 7.18 7.14 7.10 7.07 7.04 7.06 7.08 7.06 7.14 7.20 7.28 7.38 7.31 7.13 7.01 7.02 7.11 7.27 7.37 7.51 7.47 7.36 7.26 7.27 7.26 7.23 7.29 7.36 7.41 7.35 7.23 7.15 7.13 7.18 7.26 7.26 7.32 7.30 7.29 7.28
8.43 8.39 8.42 8.49 8.42 8.31 8.25 8.17 8.08 8.04 7.95 7.89 7.76 7.77 7.87 7.80 7.68 7.74 7.71 7.80 7.74 7.70 7.84 7.68 7.70 7.61 7.51 7.40 7.37 7.34 7.27 7.05 6.99 7.05 7.18 7.17 7.28 7.28 7.26 7.36 7.34 7.31 7.24 7.21 7.14 7.15 7.12 7.09 7.06 7.14 7.26 7.34 7.39 7.43 7.23 7.09 7.11 7.19 7.28 7.37 7.54 7.65 7.49 7.29 7.24 7.24 7.23 7.29 7.36 7.40 7.41 7.30 7.21 7.24 7.36 7.43 7.45 7.43 7.51 7.49 7.52
8.58 8.56 8.53 8.50 8.40 8.27 8.27 8.23 8.14 8.11 8.08 7.99 7.85 7.75 7.83 7.82 7.69 7.78 7.73 7.75 7.70 7.76 7.79 7.67 7.69 7.61 7.59 7.55 7.46 7.35 7.35 7.11 7.07 7.14 7.26 7.34 7.41 7.44 7.46 7.49 7.49 7.40 7.39 7.32 7.23 7.20 7.13 7.10 7.10 7.20 7.33 7.45 7.49 7.40 7.21 7.15 7.16 7.22 7.30 7.41 7.53 7.57 7.45 7.32 7.24 7.25 7.31 7.31 7.33 7.38 7.42 7.36 7.29 7.32 7.42 7.54 7.61 7.63 7.69 7.68 7.69
8.85 8.78 8.57 8.42 8.34 8.27 8.29 8.36 8.34 8.19 8.13 8.09 7.94 7.82 7.78 7.89 7.73 7.79 7.72 7.75 7.84 7.94 7.87 7.75 7.68 7.62 7.62 7.49 7.40 7.34 7.30 7.14 7.12 7.19 7.31 7.39 7.56 7.42 7.37 7.39 7.50 7.54 7.56 7.40 7.30 7.25 7.20 7.20 7.21 7.30 7.39 7.52 7.50 7.34 7.24 7.21 7.21 7.29 7.36 7.48 7.61 7.59 7.43 7.32 7.28 7.32 7.31 7.31 7.38 7.37 7.38 7.37 7.36 7.40 7.48 7.56 7.63 7.70 7.72 7.71 7.67
8.71 8.68 8.50 8.39 8.33 8.26 8.28 8.35 8.36 8.25 8.18 8.09 8.01 7.91 7.80 7.86 7.77 7.76 7.87 7.90 7.94 7.99 7.84 7.70 7.68 7.70 7.59 7.53 7.42 7.31 7.23 7.20 7.22 7.24 7.37 7.49 7.57 7.53 7.45 7.34 7.37 7.51 7.57 7.50 7.44 7.37 7.30 7.28 7.34 7.42 7.54 7.68 7.56 7.41 7.31 7.28 7.29 7.40 7.53 7.64 7.64 7.61 7.48 7.39 7.32 7.34 7.42 7.37 7.39 7.43 7.48 7.46 7.47 7.51 7.54 7.60 7.68 7.71 7.72 7.75 7.73
8.77 8.76 8.52 8.45 8.42 8.27 8.26 8.30 8.37 8.30 8.24 8.17 8.09 7.99 7.86 7.93 7.79 7.81 7.98 8.04 8.03 7.89 7.85 7.77 7.65 7.73 7.69 7.52 7.39 7.30 7.30 7.33 7.40 7.36 7.41 7.54 7.71 7.70 7.54 7.41 7.34 7.38 7.53 7.47 7.41 7.35 7.38 7.35 7.43 7.54 7.63 7.76 7.68 7.53 7.39 7.32 7.34 7.43 7.53 7.62 7.58 7.54 7.48 7.43 7.39 7.52 7.53 7.51 7.51 7.56 7.72 7.68 7.59 7.64 7.62 7.69 7.70 7.71 7.74 7.71 7.67
8.94 8.82 8.58 8.50 8.44 8.31 8.24 8.34 8.35 8.32 8.24 8.17 8.10 8.01 7.93 7.97 7.81 7.82 7.96 7.99 8.00 7.86 7.86 7.81 7.67 7.64 7.64 7.52 7.40 7.38 7.46 7.51 7.49 7.58 7.57 7.63 7.75 7.72 7.64 7.58 7.47 7.34 7.49 7.59 7.56 7.46 7.45 7.41 7.45 7.55 7.68 7.77 7.73 7.60 7.48 7.40 7.40 7.50 7.61 7.71 7.67 7.53 7.45 7.44 7.48 7.71 7.74 7.76 7.72 7.63 7.72 7.78 7.65 7.70 7.67 7.74 7.74 7.74 7.77 7.72 7.67
8.89 8.69 8.60 8.50 8.42 8.32 8.27 8.37 8.34 8.31 8.30 8.23 8.16 8.02 7.93 7.88 7.81 7.80 7.89 7.94 8.02 7.88 7.84 7.80 7.77 7.69 7.57 7.50 7.47 7.54 7.62 7.69 7.63 7.72 7.81 7.85 7.77 7.63 7.70 7.65 7.50 7.40 7.39 7.48 7.53 7.45 7.38 7.42 7.54 7.61 7.73 7.77 7.76 7.68 7.60 7.50 7.47 7.53 7.63 7.72 7.63 7.51 7.50 7.60 7.72 7.81 7.92 7.89 7.80 7.69 7.69 7.69 7.67 7.65 7.65 7.69 7.72 7.74 7.74 7.72 7.71
8.78 8.57 8.52 8.49 8.41 8.33 8.24 8.32 8.38 8.35 8.35 8.35 8.27 8.16 8.12 8.09 8.09 7.84 7.82 7.89 8.00 7.88 7.83 7.73 7.67 7.63 7.63 7.62 7.64 7.75 7.80 7.84 7.88 7.93 7.86 7.85 7.76 7.66 7.65 7.65 7.68 7.55 7.45 7.41 7.37 7.38 7.43 7.41 7.56 7.58 7.66 7.77 7.86 7.80 7.69 7.53 7.53 7.61 7.68 7.77 7.69 7.56 7.54 7.70 7.76 7.81 7.95 7.98 7.80 7.72 7.69 7.70 7.72 7.67 7.67 7.70 7.78 7.73 7.79 7.73 7.75
8.68 8.53 8.49 8.52 8.52 8.48 8.31 8.23 8.40 8.41 8.40 8.44 8.36 8.32 8.30 8.19 8.17 8.06 7.92 7.83 7.87 7.80 7.75 7.71 7.73 7.75 7.78 7.79 7.87 7.88 8.03 7.98 8.02 7.98 7.86 7.83 7.75 7.72 7.65 7.61 7.61 7.63 7.51 7.45 7.46 7.45 7.42 7.42 7.49 7.57 7.64 7.73 7.76 7.72 7.64 7.58 7.66 7.81 7.89 7.89 7.72 7.64 7.57 7.71 7.85 7.92 8.00 7.92 7.82 7.76 7.74 7.73 7.71 7.68 7.69 7.73 7.74 7.76 7.79 7.95 7.98
8.64 8.56 8.51 8.59 8.56 8.48 8.30 8.21 8.37 8.47 8.38 8.48 8.44 8.28 8.30 8.13 8.04 7.93 7.89 7.87 7.87 7.85 7.80 7.84 7.92 7.95 8.04 8.02 8.04 8.06 8.06 8.01 8.11 8.10 8.03 8.04 7.89 7.88 7.75 7.60 7.55 7.58 7.57 7.58 7.58 7.56 7.45 7.44 7.51 7.52 7.60 7.62 7.69 7.73 7.65 7.63 7.73 7.86 7.94 7.93 7.81 7.69 7.60 7.70 7.74 7.88 8.09 7.98 7.83 7.79 7.84 7.73 7.68 7.71 7.74 7.78 7.81 7.83 7.85 7.88 7.93
8.62 8.60 8.50 8.55 8.58 8.48 8.29 8.20 8.36 8.43 8.29 8.43 8.38 8.25 8.15 8.07 8.03 8.03 8.00 8.03 8.02 8.05 8.01 8.00 8.07 8.12 8.19 8.18 8.28 8.27 8.13 8.05 8.12 8.27 8.20 8.13 8.06 7.96 7.80 7.76 7.63 7.60 7.54 7.50 7.47 7.42 7.41 7.41 7.44 7.46 7.76 7.72 7.74 7.71 7.67 7.69 7.77 7.82 7.85 7.92 7.81 7.78 7.63 7.69 7.89 7.95 8.13 8.00 7.83 7.81 7.78 7.71 7.69 7.73 7.79 7.87 7.91 7.90 7.91 7.95 7.99
8.60 8.59 8.51 8.55 8.62 8.54 8.39 8.23 8.27 8.34 8.27 8.26 8.24 8.29 8.13 8.16 8.18 8.19 8.24 8.26 8.29 8.28 8.19 8.17 8.20 8.25 8.16 8.21 8.38 8.28 8.17 8.10 8.13 8.28 8.15 8.06 8.05 8.06 8.01 7.92 7.80 7.66 7.58 7.59 7.56 7.61 7.50 7.38 7.42 7.47 7.68 7.92 7.89 7.76 7.71 7.78 7.88 7.90 7.88 7.97 7.81 7.66 7.66 7.75 8.02 8.12 8.22 8.07 7.88 7.80 7.78 7.74 7.72 7.78 7.83 8.00 8.23 8.15 8.08 8.10 8.13
