project/src/data/BOM_climate/monthly_mean_rainfall/rainaug.txt
ncols 886
nrows 691
xllcenter 112.0000
yllcenter -44.5000
cellsize 0.0500
nodata_value 99999.90
[rows 504 to 539 of 691, columns 162 to 242 of 886]
119.48 119.78 120.09 120.44 120.79 121.10 121.48 121.87 122.25 122.54 122.90 123.29 123.66 124.08 124.39 124.76 125.27 125.74 126.14 126.52 126.97 127.29 127.72 128.03 128.34 128.58 128.91 129.19 129.45 129.74 129.94 130.14 130.32 130.48 130.55 130.64 130.69 130.70 130.69 130.71 130.69 130.57 130.38 130.19 129.95 129.65 129.35 129.10 128.83 128.55 128.35 127.99 127.56 127.02 126.52 126.01 125.49 124.96 124.44 123.88 123.20 122.67 122.07 121.48 120.86 120.22 119.60 118.94 118.29 117.67 117.03 116.40 115.73 115.09 114.45 113.80 113.04 112.45 111.83 111.21 110.61
121.62 121.86 122.18 122.45 122.77 123.06 123.37 123.73 124.00 124.34 124.56 124.99 125.35 125.74 126.02 126.46 126.90 127.34 127.76 128.07 128.38 128.80 129.13 129.48 129.76 130.04 130.26 130.53 130.78 130.98 131.20 131.36 131.46 131.59 131.69 131.75 131.76 131.77 131.74 131.72 131.67 131.55 131.38 131.17 130.93 130.64 130.39 130.15 129.99 129.69 129.45 129.07 128.61 128.13 127.66 127.17 126.66 126.19 125.65 125.09 124.50 123.86 123.36 122.74 122.13 121.51 120.88 120.28 119.65 119.05 118.38 117.77 117.16 116.49 115.89 115.24 114.52 113.91 113.30 112.68 112.09
123.72 123.98 124.19 124.51 124.69 125.00 125.27 125.54 125.76 126.01 126.37 126.73 127.12 127.44 127.74 128.12 128.54 128.94 129.24 129.58 129.90 130.29 130.60 130.87 131.09 131.34 131.59 131.87 132.07 132.26 132.37 132.54 132.67 132.73 132.79 132.85 132.84 132.84 132.81 132.79 132.73 132.56 132.38 132.22 131.95 131.69 131.43 131.28 131.05 130.74 130.47 130.10 129.67 129.23 128.77 128.33 127.82 127.29 126.78 126.24 125.70 125.12 124.60 124.00 123.38 122.78 122.19 121.58 120.99 120.37 119.77 119.12 118.51 117.88 117.30 116.68 115.92 115.32 114.69 114.12 113.53
125.87 125.99 126.20 126.45 126.67 126.94 127.13 127.33 127.57 127.81 128.10 128.52 128.85 129.12 129.45 129.85 130.18 130.53 130.82 131.10 131.44 131.76 131.99 132.17 132.46 132.71 132.96 133.11 133.33 133.47 133.62 133.73 133.82 133.88 133.97 133.93 133.96 133.89 133.89 133.79 133.70 133.60 133.46 133.21 132.99 132.76 132.61 132.41 132.14 131.83 131.53 131.17 130.77 130.35 129.90 129.46 128.97 128.48 127.99 127.49 126.90 126.29 125.82 125.23 124.64 124.07 123.49 122.90 122.32 121.70 121.08 120.46 119.86 119.26 118.65 118.05 117.30 116.70 116.12 115.53 114.96
127.89 128.04 128.23 128.38 128.62 128.78 128.99 129.14 129.34 129.57 129.91 130.28 130.60 130.86 131.08 131.43 131.83 132.09 132.38 132.64 132.94 133.13 133.39 133.57 133.82 134.02 134.22 134.39 134.51 134.61 134.80 134.93 134.96 135.02 135.06 135.09 135.02 135.00 134.90 134.89 134.82 134.67 134.51 134.29 134.12 133.90 133.72 133.48 133.24 132.96 132.67 132.32 131.90 131.49 131.08 130.60 130.14 129.66 129.20 128.65 128.10 127.57 127.02 126.45 125.88 125.34 124.79 124.23 123.62 123.00 122.38 121.79 121.17 120.62 120.05 119.40 118.64 118.06 117.49 116.91 116.38
129.84 129.95 130.11 130.25 130.47 130.66 130.77 130.95 131.15 131.36 131.65 132.02 132.23 132.47 132.72 133.07 133.38 133.60 133.83 134.07 134.31 134.58 134.75 134.95 135.13 135.36 135.50 135.61 135.74 135.90 136.02 136.05 136.11 136.18 136.17 136.16 136.12 136.06 136.02 135.94 135.84 135.74 135.58 135.41 135.18 135.02 134.81 134.63 134.33 134.09 133.75 133.42 133.02 132.65 132.19 131.75 131.28 130.87 130.39 129.88 129.30 128.72 128.27 127.68 127.17 126.61 126.07 125.48 124.89 124.29 123.69 123.08 122.51 121.94 121.37 120.73 119.97 119.41 118.85 118.31 117.75
131.71 131.87 131.99 132.17 132.31 132.46 132.60 132.71 132.90 133.18 133.40 133.69 133.85 134.09 134.37 134.61 134.84 135.06 135.26 135.51 135.74 135.89 136.05 136.33 136.54 136.69 136.75 136.89 136.96 137.09 137.18 137.21 137.23 137.27 137.31 137.32 137.30 137.22 137.10 137.06 136.99 136.85 136.67 136.53 136.30 136.17 135.95 135.71 135.51 135.17 134.88 134.53 134.17 133.74 133.36 132.90 132.51 132.04 131.56 131.04 130.50 129.94 129.41 128.91 128.36 127.86 127.29 126.75 126.16 125.59 125.01 124.43 123.88 123.28 122.72 122.07 121.33 120.77 120.19 119.64 119.13
133.60 133.71 133.90 134.04 134.19 134.29 134.40 134.53 134.71 134.85 135.11 135.32 135.51 135.76 135.96 136.17 136.34 136.54 136.71 136.94 137.18 137.34 137.56 137.73 137.86 137.93 137.99 138.08 138.23 138.37 138.43 138.39 138.47 138.55 138.52 138.49 138.40 138.30 138.31 138.23 138.18 138.00 137.85 137.64 137.46 137.27 137.08 136.86 136.58 136.26 136.01 135.66 135.27 134.92 134.50 134.15 133.66 133.22 132.76 132.22 131.65 131.10 130.67 130.12 129.65 129.08 128.55 128.01 127.43 126.85 126.31 125.74 125.17 124.61 124.04 123.42 122.68 122.13 121.55 121.00 120.43
135.54 135.61 135.75 135.89 135.97 136.02 136.11 136.27 136.41 136.61 136.78 137.02 137.20 137.38 137.50 137.70 137.87 138.00 138.26 138.42 138.62 138.80 138.97 139.09 139.22 139.25 139.31 139.40 139.55 139.61 139.64 139.68 139.73 139.73 139.78 139.68 139.60 139.55 139.43 139.43 139.31 139.18 139.01 138.79 138.65 138.45 138.24 138.02 137.74 137.41 137.11 136.80 136.46 136.10 135.73 135.28 134.86 134.41 133.89 133.38 132.83 132.30 131.85 131.41 130.88 130.38 129.82 129.28 128.71 128.13 127.59 127.04 126.45 125.91 125.34 124.77 124.06 123.45 122.89 122.35 121.81
137.43 137.47 137.58 137.62 137.64 137.76 137.84 137.97 138.15 138.26 138.46 138.63 138.78 138.98 139.05 139.20 139.35 139.55 139.72 139.92 140.10 140.28 140.42 140.51 140.48 140.50 140.54 140.72 140.81 140.90 140.93 140.99 141.00 141.05 140.95 140.91 140.81 140.76 140.72 140.61 140.48 140.34 140.15 139.98 139.84 139.64 139.41 139.17 138.87 138.58 138.30 137.98 137.63 137.29 136.91 136.47 136.03 135.51 135.03 134.54 134.01 133.51 133.15 132.66 132.16 131.63 131.10 130.54 129.99 129.43 128.86 128.29 127.76 127.20 126.66 126.09 125.32 124.76 124.24 123.70 123.21
139.33 139.36 139.30 139.39 139.45 139.48 139.58 139.72 139.83 139.91 139.99 140.23 140.37 140.55 140.60 140.76 140.88 141.07 141.26 141.45 141.51 141.70 141.70 141.74 141.76 141.79 141.89 142.06 142.17 142.18 142.20 142.23 142.24 142.22 142.25 142.13 142.08 141.99 141.87 141.78 141.68 141.55 141.36 141.20 140.99 140.81 140.58 140.35 140.09 139.76 139.47 139.17 138.86 138.45 138.05 137.58 137.13 136.73 136.28 135.78 135.27 134.77 134.40 133.92 133.40 132.87 132.35 131.79 131.24 130.67 130.12 129.62 129.06 128.49 127.96 127.39 126.68 126.12 125.57 125.07 124.56
141.09 141.07 141.12 141.11 141.17 141.23 141.32 141.42 141.42 141.44 141.57 141.83 141.95 142.09 142.16 142.28 142.48 142.62 142.78 142.88 143.00 143.03 143.09 143.08 143.06 143.15 143.28 143.42 143.47 143.47 143.49 143.53 143.55 143.53 143.41 143.39 143.27 143.18 143.14 143.02 142.94 142.79 142.61 142.41 142.23 141.98 141.75 141.51 141.21 140.87 140.63 140.33 139.95 139.58 139.11 138.72 138.31 137.94 137.47 136.99 136.47 136.03 135.61 135.12 134.63 134.09 133.56 133.03 132.45 131.93 131.41 130.88 130.33 129.81 129.28 128.70 127.99 127.46 126.92 126.42 125.92
142.83 142.83 142.81 142.85 142.91 142.97 142.99 142.97 143.02 143.06 143.25 143.44 143.57 143.69 143.77 143.91 144.02 144.16 144.27 144.32 144.41 144.43 144.44 144.46 144.46 144.59 144.71 144.77 144.86 144.84 144.82 144.82 144.85 144.74 144.70 144.59 144.52 144.45 144.33 144.29 144.16 143.99 143.82 143.59 143.34 143.14 142.94 142.67 142.38 142.08 141.78 141.44 141.12 140.68 140.30 139.90 139.56 139.14 138.68 138.17 137.69 137.21 136.84 136.36 135.82 135.33 134.78 134.27 133.76 133.24 132.72 132.18 131.63 131.12 130.60 130.02 129.32 128.80 128.27 127.76 127.31
144.59 144.56 144.55 144.58 144.60 144.62 144.58 144.60 144.61 144.69 144.86 145.05 145.19 145.31 145.37 145.46 145.59 145.67 145.72 145.79 145.81 145.81 145.86 145.85 145.89 146.02 146.12 146.16 146.10 146.06 146.08 146.11 146.03 146.03 145.88 145.82 145.75 145.65 145.57 145.47 145.36 145.16 144.93 144.71 144.51 144.32 144.11 143.79 143.52 143.25 142.96 142.68 142.29 141.92 141.48 141.14 140.77 140.31 139.85 139.35 138.90 138.48 138.03 137.52 137.07 136.54 136.06 135.53 135.05 134.52 134.00 133.47 132.94 132.42 131.90 131.33 130.63 130.11 129.62 129.14 128.69
146.30 146.19 146.20 146.21 146.14 146.15 146.16 146.16 146.22 146.32 146.44 146.64 146.74 146.85 146.86 146.97 146.99 147.07 147.13 147.18 147.18 147.24 147.15 147.17 147.26 147.33 147.34 147.36 147.32 147.33 147.35 147.29 147.26 147.14 147.07 146.97 146.86 146.78 146.70 146.59 146.45 146.26 146.05 145.82 145.64 145.45 145.22 144.97 144.63 144.36 144.07 143.74 143.40 142.99 142.62 142.22 141.85 141.44 140.97 140.46 140.01 139.53 139.16 138.71 138.24 137.78 137.26 136.78 136.26 135.77 135.22 134.73 134.19 133.71 133.21 132.63 131.94 131.43 130.97 130.51 130.01
148.07 147.99 147.86 147.84 147.79 147.76 147.75 147.78 147.84 147.97 148.11 148.25 148.30 148.35 148.36 148.38 148.47 148.47 148.55 148.60 148.59 148.52 148.55 148.60 148.71 148.71 148.68 148.68 148.64 148.64 148.61 148.56 148.43 148.36 148.26 148.25 148.10 147.99 147.90 147.76 147.63 147.39 147.14 146.95 146.82 146.60 146.33 146.03 145.74 145.43 145.21 144.87 144.48 144.11 143.72 143.37 143.01 142.58 142.07 141.62 141.15 140.74 140.36 139.89 139.42 138.94 138.50 137.96 137.49 136.97 136.50 135.97 135.49 135.00 134.48 133.95 133.28 132.77 132.29 131.80 131.32
149.92 149.77 149.65 149.53 149.51 149.42 149.48 149.51 149.57 149.67 149.76 149.88 149.89 149.96 149.93 149.94 149.93 150.02 150.04 150.02 150.01 150.03 150.06 150.08 150.08 150.04 150.01 149.97 150.04 150.03 149.92 149.81 149.75 149.66 149.65 149.51 149.42 149.34 149.16 149.02 148.79 148.53 148.36 148.22 148.01 147.76 147.48 147.21 146.92 146.66 146.39 146.02 145.65 145.26 144.92 144.57 144.14 143.73 143.25 142.79 142.34 141.99 141.59 141.11 140.64 140.19 139.67 139.19 138.70 138.26 137.79 137.30 136.82 136.31 135.83 135.27 134.60 134.10 133.61 133.17 132.67
151.77 151.59 151.42 151.30 151.24 151.18 151.16 151.20 151.31 151.32 151.37 151.39 151.47 151.48 151.52 151.53 151.56 151.53 151.56 151.53 151.51 151.52 151.49 151.46 151.47 151.42 151.34 151.40 151.32 151.23 151.16 151.06 150.98 150.95 150.87 150.82 150.68 150.56 150.41 150.21 149.96 149.76 149.59 149.42 149.22 148.96 148.68 148.38 148.16 147.88 147.55 147.20 146.81 146.47 146.13 145.77 145.38 144.93 144.47 144.00 143.65 143.20 142.79 142.35 141.88 141.40 140.91 140.45 139.98 139.53 139.01 138.56 138.06 137.58 137.11 136.57 135.91 135.42 134.94 134.49 134.02
153.51 153.29 153.20 153.07 152.94 152.95 152.92 152.93 152.93 152.92 152.93 152.98 153.02 153.05 153.04 153.06 153.10 153.12 153.03 153.04 153.02 152.97 152.91 152.89 152.75 152.71 152.70 152.65 152.59 152.52 152.44 152.39 152.33 152.26 152.16 152.10 151.96 151.77 151.62 151.42 151.21 151.02 150.86 150.67 150.44 150.17 149.89 149.65 149.35 149.08 148.74 148.37 148.00 147.65 147.32 146.95 146.53 146.04 145.63 145.24 144.85 144.43 144.01 143.55 143.10 142.62 142.17 141.70 141.26 140.77 140.31 139.78 139.28 138.81 138.36 137.85 137.19 136.71 136.28 135.82 135.38
155.29 155.10 154.86 154.80 154.72 154.63 154.60 154.59 154.55 154.50 154.49 154.58 154.58 154.57 154.61 154.66 154.65 154.63 154.61 154.51 154.44 154.35 154.29 154.16 154.12 154.10 154.04 154.02 153.93 153.82 153.80 153.73 153.60 153.57 153.51 153.40 153.20 153.02 152.83 152.58 152.38 152.25 152.12 151.92 151.67 151.40 151.13 150.86 150.60 150.30 149.93 149.58 149.20 148.89 148.51 148.12 147.71 147.29 146.89 146.51 146.07 145.70 145.23 144.81 144.32 143.88 143.41 142.98 142.52 142.03 141.48 141.00 140.53 140.12 139.63 139.09 138.43 137.97 137.57 137.14 136.69
156.97 156.73 156.68 156.50 156.41 156.35 156.34 156.29 156.16 156.12 156.17 156.22 156.20 156.17 156.22 156.18 156.17 156.08 156.01 155.94 155.88 155.80 155.69 155.58 155.48 155.45 155.43 155.33 155.23 155.18 155.11 155.07 155.01 154.88 154.79 154.68 154.48 154.29 154.06 153.88 153.71 153.57 153.38 153.14 152.88 152.60 152.35 152.08 151.78 151.47 151.13 150.78 150.46 150.08 149.74 149.36 148.93 148.52 148.11 147.69 147.31 146.88 146.44 145.98 145.59 145.10 144.68 144.21 143.71 143.19 142.74 142.25 141.83 141.39 140.92 140.37 139.73 139.29 138.85 138.41 137.96
158.65 158.52 158.30 158.26 158.15 158.07 158.01 157.90 157.91 157.86 157.86 157.87 157.85 157.80 157.77 157.73 157.65 157.52 157.49 157.43 157.27 157.14 157.02 156.89 156.91 156.83 156.75 156.71 156.65 156.59 156.53 156.41 156.34 156.21 156.09 155.96 155.71 155.51 155.35 155.17 155.01 154.85 154.67 154.39 154.10 153.88 153.64 153.35 153.06 152.67 152.32 151.97 151.65 151.35 150.99 150.57 150.19 149.79 149.36 148.94 148.54 148.09 147.68 147.28 146.79 146.35 145.85 145.40 144.90 144.43 143.98 143.57 143.15 142.64 142.18 141.63 141.04 140.60 140.15 139.70 139.20
160.38 160.23 160.10 159.93 159.86 159.77 159.68 159.66 159.58 159.56 159.55 159.51 159.41 159.38 159.33 159.25 159.16 159.11 158.95 158.82 158.64 158.49 158.36 158.33 158.23 158.22 158.19 158.10 158.02 157.95 157.84 157.80 157.64 157.53 157.38 157.23 157.03 156.86 156.66 156.52 156.38 156.14 155.89 155.63 155.41 155.19 154.88 154.60 154.24 153.91 153.61 153.31 152.99 152.65 152.26 151.88 151.47 151.02 150.61 150.20 149.78 149.39 148.94 148.44 148.02 147.52 147.07 146.57 146.15 145.72 145.27 144.84 144.39 143.94 143.46 142.96 142.31 141.88 141.43 140.94 140.48
162.12 161.88 161.71 161.65 161.59 161.51 161.46 161.37 161.28 161.26 161.12 161.11 161.04 161.00 160.91 160.78 160.67 160.52 160.39 160.10 159.96 159.85 159.78 159.68 159.65 159.67 159.53 159.53 159.46 159.36 159.28 159.12 158.97 158.88 158.77 158.57 158.38 158.19 158.01 157.84 157.66 157.45 157.19 156.92 156.68 156.43 156.15 155.86 155.50 155.18 154.87 154.56 154.23 153.89 153.54 153.10 152.66 152.23 151.83 151.42 151.00 150.58 150.14 149.67 149.16 148.73 148.29 147.86 147.42 146.95 146.54 146.11 145.68 145.19 144.71 144.21 143.59 143.14 142.67 142.19 141.74
163.79 163.59 163.50 163.41 163.27 163.19 163.03 162.97 162.87 162.78 162.75 162.69 162.65 162.54 162.43 162.25 162.07 161.90 161.66 161.49 161.38 161.25 161.17 161.13 161.12 161.09 161.06 160.93 160.83 160.70 160.56 160.43 160.36 160.26 160.11 159.99 159.73 159.52 159.36 159.17 158.93 158.70 158.42 158.19 157.96 157.65 157.35 157.02 156.75 156.44 156.15 155.85 155.53 155.15 154.72 154.29 153.85 153.43 153.04 152.67 152.21 151.78 151.26 150.81 150.37 149.95 149.54 149.11 148.68 148.25 147.79 147.37 146.90 146.45 145.96 145.44 144.82 144.38 143.92 143.45 143.01
165.48 165.31 165.20 165.05 164.91 164.75 164.68 164.55 164.44 164.27 164.21 164.25 164.17 164.01 163.85 163.68 163.48 163.20 163.05 162.89 162.79 162.76 162.70 162.62 162.57 162.47 162.34 162.26 162.20 162.09 161.98 161.86 161.83 161.67 161.47 161.26 161.05 160.86 160.68 160.43 160.22 159.96 159.71 159.48 159.14 158.88 158.60 158.29 157.95 157.67 157.40 157.03 156.70 156.28 155.88 155.41 154.95 154.58 154.22 153.81 153.38 152.91 152.49 152.03 151.61 151.22 150.80 150.35 149.90 149.46 149.03 148.62 148.13 147.63 147.19 146.71 146.07 145.62 145.17 144.74 144.28
167.02 166.87 166.71 166.51 166.35 166.21 166.03 165.92 165.81 165.70 165.68 165.63 165.45 165.27 165.12 164.87 164.66 164.48 164.36 164.28 164.19 164.10 164.03 164.03 163.93 163.83 163.71 163.63 163.53 163.42 163.30 163.23 163.07 162.91 162.72 162.51 162.26 162.03 161.75 161.54 161.29 161.01 160.78 160.51 160.24 159.92 159.67 159.36 159.02 158.71 158.38 158.06 157.68 157.28 156.84 156.43 156.06 155.71 155.32 154.89 154.44 153.98 153.56 153.18 152.79 152.34 151.92 151.47 151.02 150.59 150.16 149.70 149.23 148.76 148.32 147.82 147.24 146.79 146.35 145.88 145.46
168.73 168.48 168.28 168.12 167.91 167.74 167.64 167.48 167.36 167.28 167.19 167.07 166.89 166.68 166.40 166.22 166.07 165.98 165.87 165.79 165.68 165.65 165.62 165.48 165.35 165.22 165.15 165.07 164.95 164.86 164.73 164.63 164.49 164.26 164.05 163.82 163.56 163.32 163.07 162.79 162.55 162.31 161.99 161.69 161.42 161.15 160.82 160.51 160.19 159.83 159.58 159.17 158.78 158.38 157.97 157.62 157.27 156.87 156.45 156.03 155.59 155.21 154.82 154.43 154.01 153.58 153.09 152.66 152.22 151.81 151.39 150.90 150.43 149.99 149.55 149.09 148.47 148.03 147.56 147.13 146.66
170.37 170.10 169.86 169.67 169.51 169.31 169.14 169.05 168.93 168.80 168.69 168.54 168.31 168.10 167.87 167.74 167.58 167.51 167.43 167.31 167.23 167.17 167.06 166.90 166.81 166.74 166.64 166.52 166.38 166.26 166.17 166.00 165.77 165.59 165.32 165.10 164.77 164.55 164.28 164.03 163.74 163.45 163.19 162.90 162.65 162.37 162.06 161.70 161.39 161.03 160.67 160.35 159.97 159.57 159.19 158.81 158.45 158.04 157.66 157.24 156.85 156.47 156.06 155.64 155.20 154.74 154.31 153.86 153.46 153.03 152.59 152.11 151.70 151.23 150.79 150.30 149.69 149.23 148.79 148.36 147.92
171.80 171.60 171.43 171.20 171.04 170.91 170.75 170.62 170.46 170.33 170.13 169.96 169.72 169.52 169.39 169.20 169.12 169.01 168.92 168.79 168.72 168.60 168.50 168.38 168.23 168.17 168.06 167.89 167.77 167.64 167.53 167.31 167.11 166.81 166.60 166.29 166.04 165.73 165.50 165.25 164.99 164.69 164.41 164.17 163.86 163.57 163.22 162.87 162.51 162.16 161.90 161.51 161.17 160.76 160.39 160.00 159.63 159.21 158.79 158.42 158.04 157.66 157.23 156.82 156.37 155.96 155.49 155.08 154.66 154.23 153.78 153.35 152.88 152.46 151.98 151.49 150.90 150.46 150.05 149.57 149.14
173.41 173.18 172.93 172.78 172.67 172.51 172.36 172.19 172.01 171.73 171.57 171.41 171.24 171.00 170.88 170.72 170.61 170.44 170.36 170.25 170.14 170.06 169.91 169.77 169.68 169.55 169.41 169.29 169.18 169.08 168.87 168.62 168.32 168.13 167.78 167.50 167.20 166.94 166.67 166.44 166.14 165.89 165.64 165.31 165.00 164.66 164.35 163.98 163.64 163.35 163.02 162.69 162.26 161.90 161.56 161.17 160.77 160.39 159.97 159.58 159.20 158.78 158.35 157.95 157.50 157.06 156.69 156.27 155.88 155.40 154.96 154.52 154.09 153.63 153.19 152.69 152.11 151.66 151.21 150.80 150.36
175.02 174.80 174.60 174.39 174.20 174.05 173.94 173.68 173.41 173.21 173.02 172.89 172.66 172.53 172.32 172.20 172.03 171.93 171.77 171.72 171.60 171.41 171.32 171.22 171.10 170.93 170.81 170.67 170.54 170.35 170.04 169.79 169.56 169.25 168.98 168.65 168.43 168.12 167.87 167.62 167.33 167.07 166.70 166.45 166.11 165.75 165.40 165.07 164.77 164.40 164.15 163.76 163.43 163.04 162.64 162.31 161.90 161.51 161.09 160.72 160.33 159.91 159.46 158.99 158.63 158.21 157.81 157.41 157.00 156.59 156.13 155.71 155.26 154.82 154.37 153.89 153.30 152.85 152.41 151.97 151.51
176.65 176.38 176.13 175.97 175.79 175.63 175.35 175.16 174.93 174.67 174.44 174.34 174.12 173.96 173.81 173.61 173.44 173.32 173.28 173.11 172.98 172.89 172.73 172.60 172.43 172.28 172.11 172.01 171.79 171.50 171.23 171.00 170.75 170.44 170.10 169.82 169.56 169.34 169.02 168.75 168.49 168.17 167.91 167.50 167.18 166.83 166.51 166.14 165.84 165.51 165.18 164.86 164.46 164.09 163.74 163.34 162.93 162.55 162.18 161.77 161.39 160.97 160.54 160.18 159.73 159.36 158.95 158.55 158.12 157.73 157.28 156.83 156.38 155.96 155.53 155.06 154.48 154.02 153.52 153.10 152.64
178.19 177.92 177.78 177.59 177.30 177.07 176.85 176.61 176.32 176.04 175.90 175.76 175.57 175.38 175.19 175.04 174.92 174.86 174.66 174.54 174.41 174.21 174.13 173.93 173.76 173.60 173.47 173.23 172.94 172.67 172.46 172.16 171.87 171.48 171.20 170.98 170.71 170.41 170.15 169.87 169.58 169.23 168.89 168.59 168.24 167.93 167.55 167.27 166.96 166.59 166.28 165.91 165.57 165.20 164.79 164.43 164.05 163.65 163.29 162.88 162.48 162.11 161.67 161.29 160.91 160.52 160.15 159.73 159.26 158.81 158.37 157.91 157.50 157.09 156.67 156.14 155.56 155.09 154.67 154.22 153.85
179.79 179.61 179.29 179.08 178.82 178.55 178.28 178.02 177.71 177.47 177.26 177.17 177.03 176.83 176.65 176.50 176.42 176.24 176.15 175.93 175.76 175.66 175.44 175.25 175.05 174.86 174.62 174.39 174.13 173.91 173.57 173.23 172.87 172.62 172.36 172.09 171.80 171.55 171.26 170.96 170.64 170.28 170.02 169.62 169.24 168.94 168.70 168.36 167.99 167.66 167.34 166.99 166.63 166.23 165.88 165.45 165.06 164.73 164.31 163.95 163.58 163.25 162.82 162.46 162.04 161.65 161.26 160.82 160.38 159.93 159.49 159.07 158.62 158.18 157.70 157.25 156.63 156.19 155.78 155.38 154.98
181.47 181.19 180.95 180.62 180.34 180.02 179.69 179.38 179.08 178.85 178.73 178.58 178.42 178.27 178.11 178.02 177.84 177.68 177.47 177.32 177.12 176.87 176.69 176.53 176.33 176.08 175.86 175.58 175.28 174.94 174.61 174.27 173.96 173.70 173.46 173.15 172.89 172.63 172.34 172.00 171.64 171.31 170.90 170.63 170.32 170.05 169.76 169.47 169.11 168.69 168.45 168.07 167.70 167.30 166.89 166.53 166.19 165.85 165.49 165.17 164.80 164.40 163.94 163.54 163.18 162.73 162.35 161.91 161.46 161.01 160.60 160.15 159.72 159.26 158.81 158.27 157.73 157.31 156.92 156.52 156.12
