project/src/data/BOM_climate/monthly_mean_rainfall/rainmay.txt
ncols 886
nrows 691
xllcenter 112.0000
yllcenter -44.5000
cellsize 0.0500
nodata_value 99999.90
[rows 442 to 475 of 691, columns 462 to 538 of 886]
22.61 22.46 19.97 19.01 17.32 15.09 14.33 14.05 13.88 13.97 14.88 17.03 17.88 17.70 16.70 15.17 13.01 12.95 13.01 13.19 13.26 13.36 13.45 13.56 14.32 14.87 14.91 14.80 13.95 13.19 12.60 12.79 12.24 12.16 12.86 13.55 14.15 15.07 16.78 16.73 16.97 15.57 15.15 15.65 15.92 16.41 15.97 15.57 15.91 17.35 19.13 18.03 18.28 16.40 16.55 16.98 18.84 27.78 38.04 28.10 23.46 21.02 21.18 21.82 22.30 22.92 23.25 23.34 23.05 23.16 22.99 24.79 29.64 29.43 23.62 19.81 18.66
19.58 21.96 20.62 20.15 18.82 17.72 16.23 15.14 15.51 15.76 16.82 18.08 16.72 15.63 15.23 13.98 13.38 13.42 13.58 14.35 14.01 13.86 13.91 14.01 14.91 15.59 15.75 15.57 14.61 13.60 12.95 13.36 12.40 12.56 13.07 13.90 14.79 15.69 17.22 19.15 19.32 17.98 16.03 16.96 17.16 16.80 16.22 15.74 15.79 16.11 16.45 16.85 17.76 16.36 16.71 17.39 19.51 34.38 37.56 29.03 24.73 21.29 21.32 21.13 21.97 22.88 23.43 23.80 24.22 23.77 24.00 24.14 27.68 26.79 22.88 21.06 19.10
18.94 21.86 22.98 21.58 20.37 19.36 19.19 18.96 17.65 17.66 17.37 16.83 16.91 16.48 15.84 14.49 14.83 14.23 14.52 16.57 15.28 14.44 14.43 14.50 15.05 16.02 16.55 15.83 15.17 14.31 13.56 13.40 13.36 13.32 13.24 14.09 15.58 16.90 17.89 20.18 22.05 20.23 18.16 16.92 16.58 16.25 16.11 16.08 16.00 16.20 16.64 16.99 16.94 16.89 17.37 18.46 20.42 35.48 36.08 31.68 24.30 21.92 21.48 21.22 21.89 23.57 23.69 25.44 23.94 24.61 24.87 25.31 24.55 23.08 22.24 23.45 22.61
17.80 19.99 22.84 21.11 23.16 21.84 20.82 20.94 20.07 19.80 17.33 17.25 17.64 17.75 16.43 15.78 14.66 15.36 17.17 17.73 15.65 15.22 15.21 15.10 15.43 15.88 16.13 16.59 16.07 15.29 14.14 14.21 13.96 13.74 13.80 14.33 15.06 16.70 17.78 19.13 21.97 20.40 20.29 17.23 15.86 16.00 15.86 16.32 16.61 16.77 17.10 17.31 17.27 17.78 18.26 19.21 21.94 33.95 35.70 32.17 25.13 22.15 21.54 21.62 21.94 21.55 22.03 21.97 22.36 25.14 26.61 22.92 21.75 21.85 24.17 27.43 23.29
17.27 17.85 21.38 21.63 21.12 21.62 22.26 21.76 21.14 20.29 19.09 19.91 18.86 16.20 15.36 15.35 15.90 17.48 18.02 17.65 16.83 17.93 17.21 16.56 16.93 17.47 16.87 16.99 16.67 15.38 15.33 14.96 15.47 14.53 14.11 14.43 15.16 15.89 17.11 19.68 20.69 22.52 22.02 19.83 17.05 16.11 16.43 17.12 17.13 17.53 17.59 18.61 18.73 18.04 18.43 19.42 24.07 40.32 35.30 30.42 25.12 22.71 21.93 22.16 22.94 23.05 22.74 22.35 22.35 24.32 23.97 21.75 22.30 23.01 27.16 25.89 20.90
17.72 19.25 20.81 21.12 21.77 22.31 23.73 22.25 22.89 22.28 20.48 18.41 18.10 17.88 18.78 17.76 16.16 15.93 17.45 18.99 19.48 19.71 19.95 19.29 18.64 18.31 17.59 17.33 18.12 16.59 16.43 15.92 15.35 14.69 14.45 14.48 15.05 15.61 16.80 18.95 19.82 22.22 20.09 21.33 18.60 16.51 17.18 20.70 17.90 17.88 17.83 18.80 19.54 18.94 18.90 19.48 28.57 45.05 34.79 29.74 26.38 23.09 22.15 22.40 23.17 26.19 30.04 24.94 22.11 22.66 22.38 25.11 24.26 22.92 24.02 22.09 18.72
18.04 18.74 21.38 21.87 21.84 21.32 21.53 21.61 20.56 21.61 19.73 21.60 23.38 22.14 20.33 19.66 18.42 17.45 17.85 20.20 21.45 21.30 22.97 22.17 20.83 19.30 19.55 19.88 19.70 18.16 17.30 18.43 16.73 15.48 15.53 15.32 15.51 15.36 16.18 18.11 19.67 20.88 19.70 18.35 17.45 17.40 18.47 21.10 20.05 19.82 18.12 18.80 19.64 19.51 19.59 19.89 31.60 37.49 37.39 33.88 28.07 23.73 22.30 22.55 23.20 27.79 32.63 27.45 23.73 24.22 26.63 28.73 22.72 21.75 24.74 23.78 18.15
18.94 19.48 20.47 24.31 23.77 25.01 23.98 22.52 22.95 20.47 22.29 25.21 25.12 23.82 22.12 19.68 19.47 18.35 18.51 20.30 20.71 22.43 23.32 23.09 22.26 21.70 21.43 21.13 19.44 18.40 18.94 18.73 17.85 16.31 17.15 17.18 15.90 16.21 16.39 16.91 17.99 19.36 17.48 17.47 17.42 17.18 17.94 18.71 18.46 19.38 19.14 18.78 19.21 19.87 20.56 21.70 25.76 32.90 37.88 39.03 29.85 24.68 22.45 23.04 24.31 26.73 27.85 27.73 26.92 25.23 27.91 25.38 21.46 21.67 23.39 20.08 18.92
19.75 19.77 22.61 24.87 26.64 24.35 26.45 26.42 24.57 24.25 25.52 27.51 26.88 25.05 24.03 20.73 21.14 19.74 18.47 18.40 19.73 22.26 21.84 21.89 22.63 22.51 21.63 21.03 20.31 21.99 22.45 20.61 19.17 17.50 18.01 17.98 17.30 16.93 16.99 17.26 18.67 18.87 18.49 18.45 17.15 17.14 17.29 18.20 20.36 26.39 22.88 20.14 20.21 20.41 20.97 22.45 24.42 28.91 45.35 43.15 31.90 25.74 23.27 23.12 23.63 25.01 26.24 29.88 28.41 26.82 28.59 23.95 21.07 20.71 21.02 20.02 18.77
20.59 19.85 20.75 23.31 24.19 24.33 26.16 27.20 24.40 25.75 25.62 26.95 26.59 26.19 23.00 22.52 21.57 21.48 19.20 19.99 19.22 20.50 20.98 22.60 24.37 23.83 23.06 22.22 22.43 23.23 21.63 20.04 19.19 19.10 19.25 19.39 19.09 18.29 17.99 19.42 18.52 19.59 18.00 17.35 17.33 17.25 17.26 18.03 20.01 27.82 26.64 21.53 23.65 21.37 21.03 21.94 23.36 26.45 40.78 44.79 32.84 26.65 24.20 23.42 23.04 23.55 26.41 29.29 30.19 29.31 30.13 23.85 20.49 20.12 20.02 18.96 18.77
21.67 20.80 20.20 20.20 20.90 22.29 23.63 25.41 24.81 26.55 26.01 25.09 25.33 23.15 21.22 21.14 20.79 19.84 20.00 20.91 19.97 20.18 21.21 22.43 23.66 25.16 24.96 23.64 22.61 21.98 21.19 21.91 20.90 19.53 20.94 21.28 20.22 20.13 19.98 19.67 19.96 19.95 17.34 17.02 16.94 17.05 17.43 17.91 19.24 24.41 24.54 25.16 29.69 24.43 21.38 21.78 23.30 25.94 34.63 43.46 32.66 27.86 25.25 24.04 23.73 23.77 25.19 28.73 29.70 28.74 26.74 21.64 20.63 21.37 21.25 19.99 20.05
23.08 22.36 21.49 21.50 21.08 21.27 21.49 22.42 23.48 23.67 24.48 23.73 22.73 21.70 21.81 21.33 20.32 20.22 21.33 22.48 21.89 20.42 21.06 21.93 23.27 24.73 25.32 24.46 23.21 22.73 21.94 20.82 21.66 20.53 19.97 20.00 18.95 19.28 19.25 18.99 22.28 20.04 17.48 16.94 17.10 18.03 18.00 18.13 19.19 22.13 27.27 29.36 32.26 24.06 22.04 22.33 23.35 25.53 35.10 44.88 35.16 29.46 26.82 25.52 25.16 24.86 26.34 29.43 28.96 28.98 24.34 22.04 21.71 24.13 22.08 20.82 20.06
23.67 23.68 23.11 21.99 21.48 21.43 23.77 23.63 23.11 24.11 24.56 24.00 23.38 21.90 22.05 22.47 21.16 21.48 22.38 23.35 24.40 21.53 21.17 21.69 22.73 23.72 24.45 24.91 24.27 22.55 22.52 21.82 20.90 22.57 19.58 18.80 18.68 19.53 18.39 18.17 18.40 17.84 17.10 17.27 17.83 19.16 19.40 19.50 19.47 23.88 29.70 32.94 30.76 22.82 22.82 23.19 24.07 26.78 37.57 50.17 44.57 34.07 29.48 27.45 26.33 25.81 26.91 28.48 28.63 31.28 25.76 23.17 22.95 24.11 23.27 22.13 21.23
24.66 24.85 24.60 23.34 22.42 21.90 23.57 22.80 22.23 23.38 25.58 25.95 25.71 23.77 22.38 22.19 22.06 23.44 23.37 23.95 23.76 22.97 21.59 21.98 22.86 23.80 24.91 25.37 23.46 22.34 21.31 21.11 19.77 19.63 19.39 18.97 19.27 20.12 18.72 17.19 17.36 17.78 16.58 16.72 17.49 19.28 21.35 21.83 20.44 20.91 24.90 32.41 30.63 24.09 24.08 24.13 24.38 26.53 38.12 49.60 50.49 42.18 32.53 30.15 28.73 28.40 28.23 29.62 31.83 34.05 28.49 24.75 23.88 25.07 30.14 25.80 24.19
26.18 26.55 26.21 24.92 23.97 22.98 22.57 22.01 22.02 22.75 24.62 25.15 24.46 23.83 23.58 23.31 22.98 24.35 25.73 26.98 25.28 23.19 22.46 22.37 23.41 25.11 26.97 26.37 24.30 23.64 22.54 21.32 20.32 19.65 19.43 19.41 19.93 20.79 19.93 18.32 17.21 17.11 16.61 16.90 18.07 19.61 22.52 23.45 22.23 21.02 22.27 29.09 33.09 26.26 25.82 25.18 25.69 27.19 33.03 42.65 53.57 54.67 39.01 33.37 32.12 30.45 30.49 33.15 34.86 33.77 33.12 27.93 25.01 27.17 31.53 28.56 26.29
27.32 27.88 27.86 25.86 24.83 24.19 23.72 23.49 22.92 22.95 24.31 26.17 25.75 25.52 25.59 24.70 24.02 24.71 26.32 26.57 25.12 24.33 23.67 23.80 23.31 24.38 27.14 28.10 25.62 23.88 22.81 21.50 20.15 19.98 19.85 20.41 20.60 20.15 19.14 19.63 19.47 18.88 17.56 17.16 18.91 19.47 21.44 22.10 22.97 21.59 22.22 24.12 29.97 28.45 27.56 26.26 26.72 28.03 30.79 40.29 55.22 54.29 43.27 37.15 34.55 33.10 32.23 32.25 36.59 35.18 36.02 31.53 25.82 25.92 29.28 30.37 25.81
27.37 27.19 27.06 26.75 25.61 24.83 24.36 24.69 24.69 24.42 25.12 26.54 25.62 25.42 26.40 25.61 25.69 26.96 27.56 27.70 27.43 26.20 24.94 25.10 24.70 25.11 27.80 28.26 26.87 23.81 22.49 21.58 20.39 20.39 21.59 22.23 20.37 20.94 19.91 19.52 20.24 19.95 18.16 17.76 19.10 19.49 21.09 21.80 22.13 22.54 22.87 24.17 28.81 27.02 27.04 27.30 27.88 28.72 30.43 35.73 46.96 50.42 45.80 40.73 37.69 35.21 35.85 34.85 37.91 37.59 38.11 31.42 26.61 26.86 28.19 29.80 27.59
27.19 26.54 25.94 25.64 25.88 26.68 26.58 26.52 26.83 25.49 23.92 24.05 24.52 25.12 26.07 26.33 26.16 26.76 27.31 27.94 27.86 27.50 26.02 26.13 26.65 25.39 26.56 25.71 26.19 23.57 22.36 21.36 20.81 21.34 23.37 22.61 20.90 21.43 20.90 19.84 20.37 21.20 19.23 18.89 18.95 19.25 20.61 22.58 23.46 24.14 23.59 24.37 27.38 28.71 27.40 28.23 28.98 29.71 31.22 33.87 45.67 47.33 47.52 43.90 42.32 36.67 35.37 36.60 37.37 39.75 40.44 30.56 28.74 28.44 28.25 28.37 28.23
27.91 27.36 26.41 25.87 26.14 27.05 27.98 27.80 27.38 26.67 24.19 24.92 25.45 25.62 25.79 27.00 26.17 26.48 27.63 27.71 27.14 27.15 27.95 27.13 26.82 25.37 25.04 24.24 23.83 22.96 22.07 21.69 21.63 22.62 23.95 22.80 21.22 21.33 22.65 21.19 20.81 24.04 21.78 20.95 20.94 20.31 20.62 22.24 23.44 25.40 24.18 25.05 26.14 27.67 28.19 29.12 29.93 30.54 31.28 33.49 43.59 51.16 49.32 45.82 42.87 37.96 36.01 35.67 36.43 41.60 38.48 31.61 29.85 28.68 28.03 29.15 29.87
28.91 28.51 27.92 27.23 26.86 27.06 26.85 26.18 26.02 25.31 24.80 25.29 25.13 25.20 25.75 26.48 26.63 26.23 27.23 28.25 27.50 28.21 27.88 27.25 28.19 26.88 26.19 24.84 24.01 23.88 23.41 22.80 22.95 23.52 23.12 22.29 22.00 21.01 21.89 20.85 21.36 27.54 24.04 23.26 22.44 21.89 21.56 21.60 22.94 24.17 24.77 25.67 26.76 27.78 28.83 29.84 30.62 31.22 31.55 32.45 37.44 55.36 51.24 45.57 43.21 38.82 37.08 36.78 38.29 42.49 39.08 34.69 32.39 29.80 30.34 31.70 29.17
29.92 29.50 29.16 28.66 28.32 27.73 26.61 26.06 25.70 25.94 25.75 25.96 25.62 25.77 26.29 27.75 27.58 26.49 26.66 27.51 28.22 28.12 28.12 28.17 28.80 28.91 28.58 26.66 26.36 25.91 25.40 23.84 23.29 23.21 23.03 22.18 22.14 21.50 21.29 21.22 23.29 25.47 22.53 23.92 24.01 23.04 21.69 21.45 22.87 23.89 25.11 26.19 27.28 28.37 29.39 30.32 31.17 31.68 31.91 32.21 35.55 53.30 53.67 47.98 43.30 40.11 38.93 39.45 38.34 40.71 41.00 39.01 37.10 32.39 32.35 32.76 28.91
31.52 30.61 30.15 29.38 28.70 28.45 27.76 27.10 26.69 26.65 27.23 26.78 26.31 26.73 27.25 28.73 29.43 28.48 27.54 27.58 29.04 29.81 29.45 29.42 30.41 31.51 30.17 29.01 29.91 29.25 26.04 24.98 24.52 23.83 23.75 23.57 22.55 22.31 23.05 22.34 23.71 26.20 23.10 22.38 23.25 22.99 21.45 21.42 22.78 24.20 25.45 26.59 27.71 28.75 29.78 30.67 31.41 31.94 32.23 32.25 35.04 50.40 54.71 49.34 43.67 42.06 40.39 40.52 38.74 39.20 39.04 39.81 40.84 35.61 33.68 31.76 28.47
31.29 32.09 32.08 31.25 29.53 29.03 28.60 28.13 27.73 27.35 27.28 27.06 26.89 27.54 28.22 29.56 29.57 29.35 27.93 28.20 30.12 31.47 30.18 30.05 31.44 31.37 31.44 31.71 32.35 30.95 27.88 26.43 25.87 26.10 25.99 25.37 24.53 25.06 23.97 23.23 27.32 27.25 24.63 22.79 22.44 22.16 21.19 21.75 23.12 24.46 25.73 26.94 27.97 29.03 29.99 30.79 31.66 32.18 32.62 32.77 34.25 44.36 52.43 48.72 43.89 42.16 40.72 40.55 39.82 39.56 38.00 39.24 39.52 37.75 36.02 32.50 29.06
31.87 32.41 32.38 31.43 30.55 29.97 29.56 29.07 28.90 28.83 29.12 28.52 27.76 28.04 28.73 29.88 29.13 28.87 28.59 28.46 29.89 32.85 33.72 30.73 31.31 31.81 31.72 31.86 33.06 32.39 29.34 28.41 28.08 28.18 26.39 26.07 26.59 26.97 26.03 24.10 26.87 25.31 26.41 24.29 23.35 21.26 21.30 22.27 23.58 24.87 26.09 27.18 28.29 29.19 30.16 30.96 31.86 32.70 33.19 33.54 34.55 38.67 47.11 46.54 42.41 39.56 40.26 41.26 41.73 43.02 38.95 40.11 40.18 41.29 35.71 32.81 32.66
32.46 32.69 32.29 31.79 31.38 30.91 30.43 30.01 29.74 29.72 29.35 29.19 28.73 28.04 27.77 28.80 29.05 28.04 27.94 29.01 30.46 32.29 32.54 31.54 32.50 32.02 31.52 32.37 32.20 34.76 31.55 31.62 31.75 30.01 26.94 25.57 25.55 27.61 26.54 24.15 24.50 24.74 26.17 24.90 23.68 21.23 21.77 22.90 24.13 25.29 26.46 27.52 28.50 29.42 30.23 31.00 31.96 32.80 33.34 33.95 34.88 37.19 40.90 43.41 40.99 40.32 41.73 41.05 46.56 46.74 40.01 40.87 42.45 42.54 36.46 33.75 33.78
33.54 34.40 33.08 32.56 32.08 31.69 31.25 30.82 30.40 29.94 29.61 29.34 28.99 28.48 28.09 28.33 28.16 28.12 28.50 29.77 30.98 32.15 31.51 31.78 32.65 32.23 34.22 35.18 33.21 35.23 34.16 34.00 31.06 29.25 28.34 26.68 25.20 26.02 27.36 26.63 26.85 28.37 26.91 24.01 22.59 22.07 22.55 23.59 24.68 25.78 26.81 27.78 28.74 29.57 30.23 30.89 31.65 32.52 33.30 33.90 34.51 36.03 36.84 39.14 38.92 41.58 41.96 42.31 47.21 46.34 40.46 40.86 44.23 43.31 38.53 35.21 35.41
34.27 35.42 34.27 33.44 32.23 31.96 31.80 31.54 31.02 30.45 30.08 29.90 29.40 28.87 28.44 28.08 28.07 28.60 29.63 29.78 30.59 32.15 31.40 34.42 33.03 32.50 34.56 35.62 34.43 35.39 34.52 32.75 31.15 29.64 30.00 26.88 25.33 25.23 25.32 26.52 29.02 29.20 26.89 23.17 22.58 22.75 23.32 24.31 25.26 26.25 27.20 28.11 28.95 29.67 30.29 30.78 31.44 32.17 32.79 33.60 35.33 34.86 35.42 35.48 37.77 41.26 41.48 44.67 44.60 41.12 40.72 40.44 43.24 41.86 37.51 38.50 38.09
36.88 36.49 35.09 33.92 32.99 32.49 32.26 32.22 31.67 31.19 30.86 30.50 29.86 29.41 29.11 28.89 29.23 29.86 29.86 28.99 30.33 32.74 32.14 32.72 32.39 34.82 35.65 37.08 35.25 34.13 33.75 32.28 29.51 30.10 28.47 27.38 29.15 28.98 25.85 24.59 25.96 26.62 24.02 22.73 22.84 23.31 24.10 25.00 25.87 26.76 27.63 28.38 29.14 29.80 30.28 30.70 31.05 31.73 32.25 32.94 36.89 34.45 37.67 35.14 37.88 39.72 40.49 41.98 41.18 38.50 38.96 38.96 42.34 40.40 38.60 39.30 39.55
36.01 36.15 34.79 34.29 33.91 33.47 33.26 33.05 32.61 31.93 31.49 30.89 30.36 30.00 29.58 28.96 28.61 28.77 29.08 29.52 30.31 32.42 32.53 31.38 33.05 34.97 36.87 36.75 35.21 33.78 33.34 31.98 31.45 30.25 29.73 29.92 32.67 27.51 23.65 23.46 23.99 24.10 23.29 23.41 23.44 24.08 24.88 25.69 26.52 27.27 28.08 28.73 29.36 29.92 30.28 30.61 30.74 30.88 31.36 32.01 35.95 35.88 34.98 34.60 37.78 39.22 41.12 40.60 40.77 36.46 36.91 38.17 42.98 39.21 39.51 40.63 37.82
37.16 36.96 36.09 35.77 35.60 35.24 34.64 34.19 33.57 33.08 33.10 33.00 32.85 32.02 31.24 30.79 29.36 29.00 29.08 29.44 30.02 31.05 31.15 31.98 33.20 34.93 36.63 38.27 37.53 36.25 34.38 34.78 35.63 34.35 34.38 32.41 30.29 23.65 23.11 23.69 24.09 24.06 24.01 24.04 24.21 24.93 25.66 26.42 27.12 27.88 28.49 29.10 29.62 29.97 30.28 30.40 30.47 30.43 30.63 31.16 34.85 42.23 37.17 34.03 35.45 37.15 39.05 36.33 37.11 41.09 38.02 37.73 41.10 38.34 39.71 42.43 37.36
38.39 38.09 37.92 37.42 37.10 36.47 35.86 34.90 34.27 33.45 32.98 32.91 33.16 32.25 31.44 30.44 29.51 29.39 29.25 29.58 29.84 30.18 30.59 31.59 34.29 35.38 36.16 37.93 38.71 38.03 38.17 38.43 40.37 37.54 36.99 31.17 24.87 22.91 23.36 24.00 24.27 24.36 24.54 24.58 25.09 25.79 26.44 27.14 27.80 28.40 29.00 29.46 29.83 30.09 30.21 30.28 30.35 31.00 31.84 31.79 33.93 41.29 39.17 33.53 33.05 33.62 34.98 36.40 40.57 45.37 39.81 39.10 39.13 37.44 39.41 40.35 38.08
38.56 38.12 37.95 37.53 37.36 36.75 35.87 34.81 34.10 33.32 33.13 32.49 31.78 31.26 30.70 30.04 29.49 29.62 29.45 29.49 29.76 30.11 30.11 30.40 32.27 34.05 34.95 36.92 39.54 39.38 40.99 38.31 35.74 34.24 34.72 28.42 24.27 23.43 24.14 24.53 24.81 24.94 25.01 25.40 26.00 26.59 27.21 27.84 28.43 28.96 29.49 29.85 30.12 30.27 30.21 30.69 31.58 32.75 33.05 32.08 33.74 38.53 40.57 32.92 32.32 33.01 35.37 40.00 43.25 47.06 41.48 40.77 43.04 38.14 39.45 39.68 36.81
38.72 38.19 38.10 38.11 37.96 37.04 35.44 34.59 34.02 33.68 33.43 32.58 31.88 30.96 31.01 30.60 30.26 30.08 29.77 29.56 29.50 29.75 29.84 29.75 30.09 31.81 34.03 35.29 35.76 34.82 34.65 34.48 32.70 31.28 31.06 26.27 24.45 23.86 24.33 24.72 25.05 25.37 25.77 26.28 26.84 27.41 28.00 28.55 29.09 29.54 29.96 30.28 30.42 30.44 31.08 32.04 33.31 33.79 34.00 33.05 35.32 42.24 38.76 32.39 31.91 33.31 35.51 39.00 41.44 45.64 42.88 42.46 45.16 39.29 38.77 38.16 36.90
39.62 38.95 38.75 38.72 37.68 36.19 35.56 35.32 35.03 34.26 33.77 33.19 32.06 31.39 31.81 32.21 31.07 30.73 30.30 30.01 29.95 30.01 30.09 30.00 29.60 31.03 31.29 32.72 33.36 32.08 30.93 31.84 32.74 31.46 27.53 25.41 24.67 24.95 25.17 25.49 25.91 26.26 26.72 27.20 27.69 28.28 28.75 29.29 29.74 30.12 30.48 30.73 30.83 31.71 33.22 33.24 33.45 33.82 34.32 34.25 37.91 45.69 36.31 32.15 31.55 32.23 34.63 36.74 41.62 48.22 46.25 45.56 44.48 42.00 39.74 38.89 40.31
