project/src/data/BOM_climate/monthly_mean_rainfall/rainmay.txt
ncols 886
nrows 691
xllcenter 112.0000
yllcenter -44.5000
cellsize 0.0500
nodata_value 99999.90
[rows 68 to 101 of 691, columns 385 to 461 of 886]
9.53 9.31 9.12 8.94 8.86 8.77 8.53 8.51 8.40 8.24 8.11 8.27 8.25 7.80 7.59 7.47 7.46 7.44 7.26 7.08 6.86 6.96 6.79 7.13 7.19 7.33 7.61 7.48 7.45 7.57 7.42 7.37 7.73 7.88 8.18 8.46 8.77 8.76 8.84 8.89 9.12 9.29 9.60 9.73 9.71 9.75 9.80 9.90 10.09 10.31 10.54 10.63 10.63 10.76 10.76 10.91 11.23 11.59 11.63 11.99 12.22 12.54 13.19 13.59 13.91 14.44 14.95 15.49 16.01 16.64 17.25 17.95 18.61 19.29 19.99 20.52 21.31
9.70 9.32 9.11 8.96 8.86 8.69 8.58 8.58 8.50 8.32 8.13 8.32 8.06 7.79 7.70 7.39 7.29 7.28 7.20 7.05 6.78 6.92 6.89 6.55 6.94 7.33 7.48 6.99 7.11 7.28 7.25 7.23 7.38 7.62 8.01 8.45 8.60 8.67 8.56 8.55 8.69 9.06 9.32 9.44 9.45 9.45 9.53 9.73 9.83 9.89 10.01 10.12 10.22 10.39 10.74 10.87 10.97 10.97 11.21 11.62 11.90 12.15 12.67 13.14 13.62 14.13 14.68 15.11 15.63 16.39 17.00 17.66 18.27 18.91 19.57 20.15 20.96
9.91 9.38 9.15 8.98 8.84 8.78 8.70 8.69 8.61 8.45 8.19 8.25 8.17 7.89 7.68 7.29 7.15 7.06 6.99 6.94 6.94 6.91 6.85 6.58 6.44 6.50 6.58 6.51 6.74 7.12 7.09 7.02 7.29 7.64 7.91 8.09 8.11 8.33 8.21 8.25 8.43 8.76 8.91 8.98 9.12 9.40 9.46 9.49 9.46 9.51 9.59 9.74 9.77 10.03 10.19 10.36 10.55 10.61 10.84 11.18 11.65 11.82 12.24 12.80 13.36 13.89 14.37 14.83 15.33 16.11 16.80 17.37 17.99 18.72 19.24 19.79 20.69
9.88 9.58 9.30 9.11 9.19 9.01 8.96 9.00 8.92 8.62 8.45 8.30 8.28 8.00 7.67 7.37 6.99 6.80 6.69 6.70 6.95 6.97 6.66 6.54 6.98 6.62 6.41 5.92 6.03 6.42 6.71 6.70 6.79 6.88 7.25 7.61 7.60 7.95 8.06 8.00 8.08 8.44 8.55 8.59 8.82 9.14 9.28 9.16 9.30 9.40 9.44 9.45 9.50 9.67 9.93 10.18 10.32 10.41 10.56 10.84 11.12 11.46 11.92 12.34 12.90 13.46 13.95 14.53 15.12 15.84 16.38 16.94 17.58 18.28 18.80 19.54 20.38
9.87 9.56 9.36 9.16 9.09 9.45 9.40 9.44 9.36 8.95 8.71 8.46 8.43 8.12 7.76 7.20 6.88 6.70 6.44 6.35 6.48 6.76 6.85 6.76 6.75 6.90 6.63 6.21 5.95 6.20 6.24 6.34 6.59 6.67 6.71 7.06 7.38 7.73 7.87 7.73 7.82 8.02 8.13 8.24 8.59 8.71 8.92 8.89 8.96 9.10 9.17 9.20 9.31 9.52 9.70 9.79 9.95 10.16 10.37 10.67 10.92 11.19 11.51 12.03 12.62 13.11 13.57 14.21 14.91 15.51 16.02 16.66 17.20 17.82 18.50 19.19 20.06
9.73 9.61 9.48 9.35 9.36 9.48 9.68 9.76 9.58 9.23 8.79 8.63 8.29 7.81 7.43 7.07 6.91 6.61 6.30 6.16 6.08 6.02 6.21 6.54 6.65 6.91 6.74 6.32 6.03 6.31 6.22 6.21 6.34 6.37 6.39 6.84 7.40 7.47 7.47 7.42 7.57 7.62 7.83 8.06 8.43 8.34 8.50 8.62 8.69 8.75 8.85 8.94 9.15 9.30 9.52 9.64 9.81 10.04 10.29 10.57 10.82 11.02 11.25 11.71 12.32 12.66 13.17 13.84 14.48 15.07 15.71 16.24 16.86 17.51 18.25 18.89 19.65
9.83 9.64 9.52 9.49 9.54 9.55 9.70 9.73 9.56 9.31 8.94 8.69 8.24 7.83 7.38 7.08 6.95 6.47 6.13 6.01 5.86 5.87 5.79 5.96 6.26 6.55 6.62 6.51 6.04 5.89 6.08 6.05 6.05 6.07 6.15 6.35 6.87 7.31 7.22 7.11 7.42 7.64 7.86 7.96 8.21 8.23 8.22 8.29 8.40 8.45 8.58 8.82 9.00 9.25 9.37 9.50 9.71 9.82 10.01 10.31 10.63 10.92 11.06 11.37 11.87 12.36 12.84 13.50 14.08 14.74 15.46 16.02 16.59 17.34 18.00 18.56 19.23
9.77 9.68 9.58 9.53 9.51 9.50 9.65 9.78 9.51 9.29 9.00 8.64 8.25 7.74 7.30 7.02 6.82 6.47 6.09 5.96 5.89 5.95 5.67 5.70 6.00 6.22 6.32 6.29 5.95 5.87 5.92 5.80 5.81 5.93 6.21 6.31 6.35 6.77 6.89 7.08 7.43 7.73 7.79 7.79 7.90 8.00 8.13 8.11 8.17 8.20 8.36 8.60 8.77 8.94 9.17 9.31 9.48 9.69 9.81 9.95 10.29 10.54 10.81 11.22 11.57 12.00 12.57 13.16 13.74 14.47 15.20 15.83 16.40 17.14 17.78 18.29 18.84
9.79 9.69 9.59 9.54 9.49 9.43 9.45 9.54 9.45 9.15 8.95 8.65 8.16 7.64 7.15 6.84 6.51 6.16 5.85 5.61 5.53 5.53 5.54 5.78 5.90 6.01 6.03 6.15 6.02 5.66 5.76 5.83 5.69 6.05 6.56 6.60 6.62 6.70 6.84 7.09 7.34 7.47 7.55 7.60 7.56 7.75 7.79 7.83 8.02 7.97 8.17 8.32 8.47 8.65 8.90 9.04 9.25 9.33 9.51 9.62 9.82 10.12 10.45 10.89 11.25 11.71 12.30 12.84 13.50 14.24 14.99 15.63 16.23 16.89 17.36 18.05 18.51
9.90 9.76 9.59 9.47 9.38 9.28 9.16 9.04 9.11 8.79 8.71 8.21 7.82 7.33 6.85 6.48 6.17 5.81 5.54 5.41 5.32 5.28 5.54 5.75 5.78 5.81 5.82 5.81 5.75 5.62 5.47 5.46 5.79 6.19 6.25 6.58 6.63 6.84 7.00 7.20 7.22 7.16 7.23 7.27 7.33 7.58 7.49 7.54 7.68 7.86 7.92 8.05 8.26 8.42 8.66 8.80 8.87 8.95 9.07 9.30 9.52 9.84 10.18 10.55 10.98 11.47 12.02 12.66 13.27 14.02 14.78 15.32 16.03 16.71 17.14 17.65 18.32
9.93 9.71 9.55 9.36 9.15 8.94 8.82 8.57 8.52 8.38 8.14 7.71 7.29 6.95 6.48 6.17 5.84 5.59 5.44 5.24 5.04 5.14 5.46 5.60 5.67 5.63 5.56 5.45 5.44 5.37 5.35 5.41 5.81 5.83 6.03 6.33 6.39 6.92 7.10 7.07 7.01 7.00 7.06 7.07 7.09 7.24 7.26 7.41 7.35 7.69 7.92 8.05 8.07 8.14 8.44 8.48 8.47 8.63 8.84 9.13 9.36 9.68 9.98 10.35 10.72 11.29 11.83 12.54 13.27 14.00 14.54 14.95 15.74 16.43 16.91 17.43 17.89
9.83 9.52 9.38 9.20 8.93 8.64 8.34 8.05 7.93 8.03 7.75 7.35 6.88 6.51 6.11 5.83 5.54 5.38 5.09 4.91 4.95 5.17 5.34 5.51 5.59 5.59 5.46 5.32 5.10 5.13 5.12 5.15 5.44 5.66 6.09 6.18 6.38 6.66 6.90 6.99 6.86 6.77 6.84 7.05 6.99 6.91 6.91 7.02 7.11 7.44 7.74 7.82 7.93 7.95 8.05 8.09 8.29 8.46 8.66 8.86 9.17 9.46 9.75 10.10 10.52 11.07 11.64 12.30 13.02 13.87 14.32 14.76 15.24 16.02 16.54 17.12 17.60
9.46 9.28 9.10 8.93 8.50 8.16 7.85 7.49 7.27 7.38 7.29 6.82 6.44 6.07 5.75 5.51 5.22 4.99 4.86 4.76 4.74 4.97 5.38 5.47 5.44 5.47 5.54 5.46 5.07 4.94 4.89 5.05 5.24 5.51 5.77 5.93 6.25 6.50 6.57 6.91 6.67 6.61 6.75 6.87 7.04 6.90 6.90 6.79 6.91 7.24 7.56 7.65 7.83 7.92 7.80 7.96 8.06 8.22 8.37 8.57 8.88 9.21 9.57 9.88 10.33 10.80 11.48 12.28 12.92 13.72 14.12 14.53 15.05 15.63 16.06 16.68 17.24
9.21 9.08 8.87 8.56 8.20 7.81 7.50 7.19 6.97 6.87 6.85 6.43 6.07 5.80 5.45 5.17 4.97 4.83 4.65 4.67 5.02 5.01 5.31 5.30 5.44 5.52 5.47 5.33 4.90 4.77 4.74 4.88 5.11 5.30 5.46 5.76 6.03 6.42 6.62 6.78 6.55 6.47 6.60 6.67 6.79 6.65 6.78 6.81 6.71 6.92 7.22 7.33 7.57 7.65 7.69 7.88 7.93 7.99 8.19 8.50 8.76 9.09 9.53 9.84 10.21 10.76 11.39 12.04 12.65 13.41 13.94 14.51 15.19 15.56 16.03 16.35 16.85
8.94 8.72 8.59 8.30 7.90 7.70 7.49 7.20 6.95 6.65 6.50 6.03 5.73 5.51 5.19 5.02 4.87 4.68 4.45 4.59 4.96 4.97 5.07 5.08 5.27 5.34 5.33 5.24 4.81 4.57 4.64 4.71 4.84 5.01 5.26 5.55 5.83 6.38 6.47 6.46 6.63 6.60 6.38 6.53 6.71 6.76 6.47 6.68 6.74 6.72 6.94 6.97 7.29 7.42 7.55 7.69 7.84 8.03 8.19 8.71 8.91 9.18 9.44 9.88 10.13 10.50 11.12 11.87 12.42 13.16 13.97 14.49 15.07 15.30 15.65 16.03 16.43
8.78 8.52 8.29 8.06 7.81 7.64 7.40 7.18 6.96 6.56 6.28 5.81 5.46 5.11 4.90 4.68 4.50 4.37 4.20 4.43 4.69 4.78 4.67 4.84 4.99 5.15 5.28 5.07 4.66 4.39 4.42 4.52 4.70 4.85 5.13 5.54 5.84 6.27 6.25 6.22 6.51 6.68 6.36 6.37 6.58 6.52 6.36 6.46 6.55 6.58 6.69 6.82 7.12 7.40 7.62 7.79 7.78 7.97 8.46 8.94 9.16 9.30 9.58 9.85 10.07 10.61 11.22 11.72 12.27 12.96 13.74 14.33 15.00 15.27 15.49 15.83 16.22
8.65 8.43 8.20 7.85 7.69 7.51 7.32 7.00 6.76 6.43 6.07 5.72 5.29 4.92 4.68 4.44 4.28 4.18 4.06 4.25 4.47 4.73 4.75 4.33 4.91 5.10 5.10 4.76 4.30 4.18 4.26 4.42 4.57 4.83 5.10 5.61 5.81 6.04 6.06 6.11 6.44 6.57 6.35 6.26 6.44 6.28 6.20 6.19 6.41 6.47 6.56 6.73 7.12 7.41 7.71 7.86 7.96 7.94 8.59 9.04 9.30 9.58 9.60 9.82 10.09 10.48 10.98 11.62 12.19 12.90 13.77 14.30 14.74 14.96 15.09 15.50 15.86
8.57 8.44 8.16 7.84 7.54 7.39 7.20 6.96 6.58 6.29 6.00 5.58 5.18 4.77 4.53 4.35 4.19 4.09 3.95 4.19 4.28 4.41 4.40 4.14 4.51 4.78 4.75 4.38 4.12 4.24 4.26 4.30 4.55 4.85 5.24 5.49 5.47 5.72 5.85 5.97 6.24 6.27 6.35 6.23 6.24 6.12 6.04 6.04 6.15 6.31 6.48 6.65 7.04 7.28 7.64 7.77 7.77 7.92 8.42 8.97 9.22 9.66 9.88 9.98 10.16 10.50 11.00 11.75 12.15 12.80 13.74 14.33 14.31 14.43 14.77 15.07 15.42
8.55 8.37 8.18 7.82 7.51 7.26 7.11 6.90 6.56 6.19 5.85 5.42 5.02 4.73 4.44 4.21 4.05 3.98 3.80 3.93 4.00 3.94 3.99 3.92 4.08 4.09 4.15 4.34 4.47 4.48 4.40 4.39 4.54 4.66 4.96 5.16 5.37 5.43 5.71 5.94 5.99 6.07 6.02 6.09 5.98 5.97 6.02 5.96 6.12 6.27 6.49 6.62 6.95 7.22 7.73 7.97 8.11 8.26 8.25 8.83 9.23 9.71 9.78 10.12 10.28 10.54 10.96 11.63 11.92 12.84 13.54 13.88 14.19 14.36 14.47 14.74 15.05
8.67 8.39 8.05 7.77 7.58 7.22 6.96 6.77 6.46 6.06 5.70 5.35 5.07 4.82 4.45 4.19 3.99 3.70 3.42 3.50 3.61 3.60 3.64 3.68 3.86 3.99 4.23 4.38 4.30 4.27 4.22 4.38 4.36 4.56 4.63 4.95 5.33 5.28 5.60 5.75 5.79 5.86 6.03 5.93 5.73 5.88 5.97 5.99 6.08 6.25 6.46 6.60 6.99 7.36 7.52 7.58 7.78 8.04 8.36 8.92 9.14 9.69 9.92 10.06 10.32 10.60 10.91 11.40 12.20 12.79 13.40 13.76 14.22 14.02 14.17 14.48 14.74
8.64 8.33 8.02 7.81 7.52 7.28 6.94 6.62 6.33 6.01 5.71 5.36 5.05 4.82 4.50 4.14 3.79 3.54 3.33 3.33 3.44 3.42 3.36 3.39 3.50 3.68 3.94 4.14 4.09 3.95 4.15 4.28 4.23 4.37 4.57 4.68 4.86 5.17 5.40 5.52 5.74 6.00 6.06 5.98 5.76 5.68 5.80 5.96 6.16 6.24 6.43 6.65 6.92 7.26 7.39 7.73 7.87 7.92 8.34 8.83 9.05 9.76 10.04 10.33 10.67 10.75 10.99 11.53 12.34 12.84 13.35 13.66 13.89 13.91 14.02 14.19 14.46
8.38 8.16 7.92 7.60 7.36 7.25 7.05 6.67 6.32 5.96 5.62 5.29 4.96 4.68 4.47 4.05 3.63 3.45 3.28 3.30 3.33 3.32 3.25 3.29 3.25 3.34 3.54 3.83 3.82 3.86 3.97 4.03 4.12 4.22 4.43 4.53 4.67 5.01 5.21 5.58 5.73 5.80 5.92 5.89 5.71 5.72 5.77 5.87 6.10 6.29 6.50 6.74 6.88 7.16 7.34 7.69 7.91 8.06 8.30 8.65 9.11 9.56 9.84 10.16 10.76 11.11 11.17 11.57 12.26 12.68 13.09 13.39 13.77 14.07 14.18 14.28 14.32
8.20 7.95 7.71 7.60 7.41 7.20 7.00 6.59 6.20 5.83 5.58 5.17 4.86 4.55 4.23 3.94 3.55 3.31 3.13 3.08 3.08 3.10 2.96 2.99 3.24 3.25 3.38 3.58 3.67 3.74 3.74 3.76 3.87 4.14 4.29 4.34 4.50 4.77 5.12 5.41 5.44 5.61 5.79 5.75 5.62 5.74 5.88 6.02 6.09 6.28 6.59 6.86 6.97 7.09 7.31 7.59 8.01 8.34 8.39 8.55 8.87 9.23 9.67 10.07 10.53 11.30 11.36 11.75 12.34 12.66 12.89 13.21 13.67 13.89 14.07 14.00 14.07
7.95 7.74 7.61 7.47 7.38 7.18 6.83 6.41 6.03 5.57 5.30 4.97 4.68 4.39 4.00 3.70 3.40 3.14 3.04 3.00 3.02 2.91 2.83 2.81 3.10 3.24 3.32 3.37 3.51 3.57 3.52 3.56 3.69 3.86 4.15 4.31 4.45 4.61 4.95 5.17 5.29 5.53 5.73 5.80 5.71 5.71 5.85 5.98 6.07 6.22 6.55 6.90 7.06 7.22 7.36 7.65 7.92 8.23 8.50 8.64 8.88 9.13 9.49 10.12 10.48 11.12 11.20 11.52 12.05 12.48 12.82 13.04 13.28 13.51 13.61 13.59 13.77
7.86 7.61 7.58 7.52 7.22 7.03 6.56 6.24 5.82 5.37 5.15 4.82 4.55 4.18 3.91 3.57 3.25 3.17 3.01 3.01 3.05 2.93 2.83 2.86 2.98 3.14 3.26 3.21 3.35 3.42 3.44 3.48 3.64 3.72 3.98 4.18 4.34 4.53 4.80 4.95 5.20 5.48 5.72 5.81 5.77 5.80 5.91 6.04 6.15 6.36 6.42 6.71 7.01 7.23 7.42 7.65 7.91 8.08 8.39 8.58 8.85 9.13 9.49 10.10 10.75 10.92 11.15 11.54 12.04 12.47 12.72 12.97 13.09 13.15 13.22 13.31 13.46
7.59 7.58 7.47 7.18 7.14 6.87 6.36 5.91 5.52 5.10 4.82 4.55 4.25 3.96 3.65 3.37 3.21 3.16 3.09 3.01 3.08 3.08 3.01 2.93 3.02 3.12 3.19 3.10 3.21 3.25 3.31 3.38 3.53 3.67 3.89 4.08 4.27 4.46 4.77 4.98 4.99 5.26 5.44 5.55 5.72 5.75 5.96 6.14 6.30 6.31 6.50 6.62 6.85 7.15 7.39 7.59 7.88 8.05 8.26 8.52 8.99 9.30 9.45 9.92 10.45 10.88 11.16 11.56 12.21 12.55 12.61 12.84 13.21 13.07 13.11 13.19 13.35
7.39 7.36 7.13 6.92 6.58 6.58 6.06 5.60 5.21 4.96 4.59 4.23 3.97 3.69 3.43 3.24 3.10 2.93 2.91 2.89 2.90 2.90 2.90 3.06 2.98 2.88 2.93 3.02 3.24 3.26 3.24 3.29 3.41 3.61 3.78 3.97 4.23 4.43 4.75 4.97 4.99 5.14 5.31 5.47 5.62 5.68 5.86 5.95 6.15 6.37 6.59 6.80 6.96 7.16 7.34 7.57 7.83 8.03 8.24 8.51 8.92 9.23 9.51 9.75 10.21 10.63 11.04 11.52 11.85 12.13 12.32 12.40 12.65 12.90 12.92 12.88 12.88
7.11 6.91 6.74 6.49 6.16 5.96 5.64 5.27 5.06 4.85 4.59 4.17 3.82 3.64 3.41 3.27 3.08 2.87 2.71 2.67 2.69 2.67 2.83 3.01 2.91 2.78 2.83 3.06 3.27 3.29 3.29 3.35 3.37 3.57 3.77 3.98 4.28 4.45 4.79 4.98 5.11 5.18 5.26 5.40 5.62 5.64 5.75 5.87 6.05 6.35 6.52 6.95 7.22 7.32 7.57 7.64 7.82 8.06 8.31 8.58 8.94 9.44 9.49 9.74 10.27 10.61 10.86 11.29 11.50 11.87 12.08 12.21 12.29 12.47 12.36 12.77 12.43
7.09 6.76 6.40 6.12 5.85 5.58 5.32 5.15 4.97 4.67 4.45 4.00 3.70 3.50 3.36 3.32 3.11 2.90 2.70 2.53 2.51 2.58 2.68 2.74 2.74 2.66 2.88 3.00 3.13 3.25 3.30 3.45 3.45 3.62 3.73 4.04 4.31 4.47 4.80 4.92 5.06 5.21 5.29 5.33 5.44 5.53 5.69 5.78 5.91 6.20 6.34 6.63 6.87 7.15 7.50 7.66 7.85 8.12 8.41 8.70 9.06 9.33 9.44 9.71 10.15 10.25 10.72 10.92 11.22 11.72 11.78 11.86 11.85 11.86 11.89 11.93 12.03
7.00 6.59 6.23 6.02 5.74 5.38 5.17 5.06 4.91 4.63 4.20 3.86 3.61 3.44 3.25 3.17 3.14 2.95 2.73 2.55 2.39 2.36 2.36 2.47 2.54 2.60 2.77 2.87 2.96 3.17 3.28 3.40 3.59 3.77 3.82 3.99 4.30 4.48 4.80 4.99 5.07 5.16 5.22 5.28 5.32 5.43 5.56 5.66 5.90 5.98 6.14 6.39 6.61 6.94 7.23 7.46 7.73 8.07 8.29 8.48 8.91 8.92 9.21 9.53 9.61 9.97 10.20 10.53 11.00 11.32 11.31 11.56 11.53 11.55 11.46 11.52 11.75
6.77 6.33 6.11 5.93 5.66 5.20 4.93 4.81 4.76 4.52 4.12 3.83 3.50 3.34 3.18 3.07 3.08 3.04 2.77 2.46 2.36 2.34 2.29 2.28 2.34 2.40 2.49 2.62 2.78 3.00 3.19 3.33 3.58 3.79 3.92 4.12 4.29 4.48 4.72 4.95 5.04 5.17 5.22 5.23 5.31 5.44 5.52 5.66 5.82 5.95 6.05 6.29 6.61 6.91 7.03 7.39 7.61 7.82 8.05 8.25 8.37 8.71 8.79 8.98 9.16 9.56 9.79 10.03 10.69 10.77 10.90 11.18 11.15 11.01 11.09 11.20 11.34
6.46 6.17 5.90 5.92 5.51 5.08 4.80 4.54 4.38 4.22 4.12 3.88 3.50 3.21 3.12 3.03 2.95 2.98 2.62 2.51 2.37 2.38 2.32 2.24 2.31 2.47 2.50 2.55 2.65 2.82 3.05 3.23 3.53 3.80 4.00 4.20 4.38 4.50 4.62 4.79 4.90 5.02 5.07 5.17 5.28 5.40 5.43 5.52 5.60 5.82 5.87 6.19 6.55 6.71 6.99 7.34 7.44 7.51 7.73 7.84 7.90 8.10 8.39 8.64 8.80 9.18 9.58 9.74 9.92 10.22 10.34 10.63 10.80 10.59 10.62 10.83 10.85
6.46 6.10 5.83 5.64 5.58 5.09 4.69 4.39 4.21 4.01 4.02 3.81 3.45 3.17 3.08 3.14 2.99 2.90 2.62 2.62 2.45 2.47 2.35 2.21 2.19 2.35 2.47 2.59 2.67 2.81 2.98 3.16 3.41 3.70 3.88 4.12 4.33 4.47 4.60 4.72 4.82 4.98 5.00 5.15 5.20 5.20 5.28 5.27 5.36 5.61 5.80 6.05 6.35 6.60 6.81 7.08 7.16 7.36 7.50 7.55 7.64 7.92 8.22 8.37 8.42 8.71 9.13 9.32 9.50 9.71 9.92 10.11 10.21 10.17 10.28 10.36 10.39
6.40 5.97 5.78 5.42 5.18 4.91 4.53 4.27 4.16 3.91 3.72 3.65 3.48 3.17 3.07 3.09 2.95 2.78 2.64 2.60 2.53 2.40 2.24 2.13 2.12 2.27 2.38 2.48 2.54 2.66 2.87 3.07 3.29 3.54 3.76 3.99 4.19 4.33 4.47 4.58 4.67 4.86 4.90 5.02 5.04 5.03 5.05 5.19 5.28 5.49 5.76 6.00 6.22 6.52 6.73 6.85 7.01 7.15 7.11 7.22 7.37 7.67 7.82 7.91 8.07 8.43 8.84 8.88 9.11 9.25 9.50 9.68 9.74 9.70 9.80 9.85 9.89
