project/src/data/BOM_climate/monthly_mean_rainfall/rainjun.txt
ncols 886
nrows 691
xllcenter 112.0000
yllcenter -44.5000
cellsize 0.0500
nodata_value 99999.90
[rows 245 to 279 of 691, columns 770 to 846 of 886]
68.80 71.31 73.99 76.72 79.30 81.74 84.14 86.35 88.46 90.39 92.30 94.16 95.88 97.59 99.20 100.83 102.39 103.81 105.32 106.75 108.20 109.68 111.03 112.27 113.60 114.85 116.16 117.37 118.40 119.45 120.53 121.58 122.52 123.45 124.40 125.38 126.31 127.14 127.98 128.78 129.63 130.52 131.36 132.19 132.84 133.57 134.56 135.24 135.93 0.00 0.00 0.00 0.00 0.00 0.00 0.00 0.00 0.00 0.00 0.00 0.00 0.00 0.00 0.00 0.00 0.00 0.00 0.00 0.00 0.00 0.00 0.00 0.00 0.00 0.00 0.00 0.00
68.35 71.09 73.70 76.52 79.17 81.66 84.07 86.28 88.35 90.32 92.26 94.00 95.68 97.31 98.96 100.65 102.18 103.60 105.02 106.48 107.90 109.26 110.69 112.02 113.29 114.60 115.88 117.03 118.13 119.25 120.38 121.42 122.37 123.26 124.17 125.12 126.08 126.97 127.87 128.74 129.58 130.40 131.22 132.01 132.69 133.38 134.38 135.08 135.80 136.42 0.00 0.00 0.00 0.00 0.00 0.00 0.00 0.00 0.00 0.00 0.00 0.00 0.00 0.00 0.00 0.00 0.00 0.00 0.00 0.00 0.00 0.00 0.00 0.00 0.00 0.00 0.00
66.92 71.37 78.27 76.99 79.09 81.71 84.10 86.26 88.23 90.19 92.01 93.73 95.41 97.03 98.65 100.24 101.74 103.09 104.53 106.04 107.47 108.85 110.28 111.59 112.93 114.17 115.42 116.57 117.78 118.90 120.00 121.14 122.09 122.97 123.85 124.86 125.88 126.82 127.75 128.64 129.44 130.27 131.03 131.84 132.60 133.31 134.27 134.93 135.54 136.20 136.85 0.00 0.00 0.00 0.00 0.00 0.00 0.00 0.00 0.00 0.00 0.00 0.00 0.00 0.00 0.00 0.00 0.00 0.00 0.00 0.00 0.00 0.00 0.00 0.00 0.00 0.00
65.96 72.26 78.72 78.25 79.42 81.68 84.03 86.08 88.03 89.96 91.70 93.31 94.91 96.39 97.97 99.51 101.01 102.34 103.80 105.30 106.72 108.20 109.68 111.03 112.32 113.68 114.87 116.07 117.17 118.39 119.54 120.66 121.64 122.56 123.48 124.38 125.42 126.46 127.38 128.33 129.30 130.11 130.89 131.67 132.42 133.19 134.16 134.88 135.55 136.18 136.81 0.00 0.00 0.00 0.00 0.00 0.00 0.00 0.00 0.00 0.00 0.00 0.00 0.00 0.00 0.00 0.00 0.00 0.00 0.00 0.00 0.00 0.00 0.00 0.00 0.00 0.00
65.43 69.38 76.11 78.52 82.30 83.02 84.05 86.09 87.93 89.73 91.42 92.81 94.29 95.68 97.16 98.62 100.12 101.60 103.11 104.58 106.01 107.44 108.98 110.50 111.92 113.18 114.42 115.60 116.79 117.88 119.07 120.18 121.22 122.19 123.10 124.05 125.01 125.95 127.01 127.98 128.91 129.78 130.63 131.36 132.21 133.03 134.06 134.77 135.39 136.09 136.78 137.47 0.00 0.00 0.00 0.00 0.00 0.00 0.00 0.00 0.00 0.00 0.00 0.00 0.00 0.00 0.00 0.00 0.00 0.00 0.00 0.00 0.00 0.00 0.00 0.00 0.00
65.05 69.20 73.89 78.56 80.23 82.21 84.38 86.35 87.93 89.52 91.05 92.41 93.78 95.16 96.53 97.98 99.42 100.76 102.31 103.88 105.39 106.86 108.48 109.98 111.34 112.71 114.04 115.27 116.39 117.60 118.78 119.88 120.85 121.77 122.82 123.75 124.75 125.74 126.73 127.62 128.57 129.38 130.26 131.09 131.94 132.82 133.84 134.54 135.15 135.82 136.51 137.24 137.98 0.00 0.00 0.00 0.00 0.00 0.00 0.00 0.00 0.00 0.00 0.00 0.00 0.00 0.00 0.00 0.00 0.00 0.00 0.00 0.00 0.00 0.00 0.00 0.00
64.90 69.38 73.72 77.97 80.48 83.16 85.19 86.49 87.87 89.16 90.58 91.82 93.12 94.41 95.84 97.21 98.68 100.05 101.61 103.17 104.73 106.16 107.73 109.29 110.72 112.07 113.45 114.84 116.13 117.32 118.44 119.49 120.45 121.47 122.42 123.50 124.45 125.42 126.37 127.29 128.14 129.01 129.96 130.77 131.67 132.53 133.64 134.28 134.91 135.56 136.25 136.90 137.72 138.34 0.00 0.00 0.00 0.00 0.00 0.00 0.00 0.00 0.00 0.00 0.00 0.00 0.00 0.00 0.00 0.00 0.00 0.00 0.00 0.00 0.00 0.00 0.00
65.27 69.90 74.59 79.20 81.89 83.71 85.20 86.68 87.73 88.91 89.98 91.12 92.27 93.60 95.01 96.43 97.85 99.21 100.72 102.30 103.82 105.32 107.02 108.69 110.10 111.55 112.97 114.33 115.55 116.87 118.06 119.03 120.13 121.06 122.15 123.08 124.18 125.10 125.98 126.95 127.89 128.70 129.64 130.49 131.33 132.19 133.29 134.07 134.65 135.34 135.99 136.68 137.40 138.07 138.68 0.00 0.00 0.00 0.00 0.00 0.00 0.00 0.00 0.00 0.00 0.00 0.00 0.00 0.00 0.00 0.00 0.00 0.00 0.00 0.00 0.00 0.00
66.96 72.48 75.88 80.38 84.43 86.04 86.81 86.76 87.64 88.42 89.30 90.32 91.42 92.70 93.98 95.35 96.81 98.25 99.78 101.40 102.97 104.58 106.38 108.02 109.61 111.04 112.49 113.86 115.29 116.64 117.76 118.78 119.72 120.76 121.73 122.75 123.79 124.73 125.66 126.61 127.45 128.26 129.20 130.02 130.93 131.80 133.01 133.79 134.46 135.02 135.71 136.39 137.11 137.73 138.35 0.00 0.00 0.00 0.00 0.00 0.00 0.00 0.00 0.00 0.00 0.00 0.00 0.00 0.00 0.00 0.00 0.00 0.00 0.00 0.00 0.00 0.00
66.83 73.63 78.10 81.81 85.00 88.03 89.33 86.65 87.23 87.74 88.40 89.27 90.29 91.54 92.85 94.23 95.79 97.09 98.70 100.34 101.95 103.71 105.63 107.50 109.14 110.62 112.02 113.41 114.73 116.13 117.42 118.52 119.58 120.50 121.53 122.43 123.40 124.33 125.14 126.11 127.10 127.91 128.74 129.57 130.42 131.29 132.42 133.30 134.01 134.67 135.31 136.03 136.80 137.45 138.03 138.73 0.00 0.00 0.00 0.00 0.00 0.00 0.00 0.00 0.00 0.00 0.00 0.00 0.00 0.00 0.00 0.00 0.00 0.00 0.00 0.00 0.00
68.80 74.64 79.81 82.69 85.65 89.26 88.01 85.99 86.36 86.76 87.28 87.95 88.98 90.16 91.44 92.99 94.58 96.05 97.70 99.27 100.98 102.68 104.67 106.61 108.42 110.09 111.63 113.02 114.43 115.79 117.12 118.20 119.22 120.28 121.29 122.23 123.11 123.96 124.81 125.74 126.68 127.52 128.36 129.08 129.89 130.76 131.86 132.77 133.61 134.29 134.92 135.63 136.37 137.00 137.69 138.34 139.08 0.00 0.00 0.00 0.00 0.00 0.00 0.00 0.00 0.00 0.00 0.00 0.00 0.00 0.00 0.00 0.00 0.00 0.00 0.00 0.00
67.71 72.98 80.56 83.30 85.75 87.79 86.51 84.72 84.87 85.26 85.75 86.60 87.51 88.68 90.08 91.53 93.18 94.75 96.42 98.12 99.93 101.74 103.85 105.81 107.73 109.48 111.04 112.49 113.99 115.28 116.69 117.90 119.06 119.99 121.07 121.93 122.85 123.64 124.58 125.42 126.27 127.13 127.92 128.68 129.47 130.30 131.39 132.20 132.98 133.80 134.49 135.17 135.91 136.59 137.28 138.02 138.76 0.00 0.00 0.00 0.00 0.00 0.00 0.00 0.00 0.00 0.00 0.00 0.00 0.00 0.00 0.00 0.00 0.00 0.00 0.00 0.00
64.64 73.54 80.59 82.35 82.67 85.23 83.06 82.70 83.07 83.52 84.10 84.74 85.74 86.98 88.37 89.95 91.71 93.37 95.16 96.90 98.77 100.77 102.85 104.82 106.83 108.74 110.56 112.23 113.57 115.00 116.34 117.63 118.69 119.87 120.84 121.72 122.57 123.40 124.20 124.97 125.79 126.67 127.56 128.31 129.10 129.89 130.92 131.78 132.61 133.37 134.06 134.75 135.49 136.16 136.89 137.61 138.37 139.21 0.00 0.00 0.00 0.00 0.00 0.00 0.00 0.00 0.00 0.00 0.00 0.00 0.00 0.00 0.00 0.00 0.00 0.00 0.00
61.26 68.35 75.21 77.98 79.44 79.97 79.45 79.92 80.41 81.11 81.85 82.81 83.92 85.26 86.75 88.30 90.08 91.70 93.53 95.51 97.52 99.73 101.89 103.98 106.09 108.16 109.93 111.64 113.28 114.67 116.05 117.32 118.61 119.55 120.60 121.31 122.12 123.00 123.85 124.55 125.32 126.11 126.87 127.67 128.51 129.34 130.43 131.25 132.14 132.96 133.67 134.34 135.01 135.69 136.45 137.19 138.06 138.95 139.70 0.00 0.00 0.00 0.00 0.00 0.00 0.00 0.00 0.00 0.00 0.00 0.00 0.00 0.00 0.00 0.00 0.00 0.00
57.46 62.60 68.47 72.59 74.42 73.97 75.37 76.32 77.28 78.34 79.42 80.52 81.81 83.17 84.67 86.42 88.21 89.87 91.88 94.00 96.28 98.54 100.84 103.01 105.15 107.26 109.24 111.13 112.85 114.42 115.91 117.10 118.27 119.34 120.19 120.94 121.82 122.66 123.48 124.16 124.94 125.59 126.34 127.12 127.98 128.72 129.78 130.76 131.69 132.51 133.24 133.91 134.58 135.32 136.11 136.88 137.72 138.61 139.49 140.29 0.00 0.00 0.00 0.00 0.00 0.00 0.00 0.00 0.00 0.00 0.00 0.00 0.00 0.00 0.00 0.00 0.00
54.33 58.22 62.62 66.83 68.67 69.15 70.87 72.51 73.95 75.37 76.69 77.95 79.41 80.93 82.70 84.42 86.26 88.02 90.16 92.52 94.85 97.19 99.54 101.95 104.18 106.42 108.59 110.52 112.45 114.02 115.51 116.75 118.01 119.04 119.97 120.69 121.38 122.09 122.92 123.59 124.25 124.95 125.68 126.53 127.32 128.11 129.15 130.04 130.91 131.80 132.66 133.38 134.09 134.84 135.59 136.43 137.22 138.13 139.00 139.94 140.77 0.00 0.00 0.00 0.00 0.00 0.00 0.00 0.00 0.00 0.00 0.00 0.00 0.00 0.00 0.00 0.00
50.95 55.12 58.05 62.27 64.69 64.41 66.43 68.57 70.58 72.24 73.88 75.27 76.82 78.49 80.22 82.13 84.13 86.09 88.37 90.72 93.21 95.74 98.18 100.65 103.06 105.46 107.85 110.07 111.88 113.64 115.15 116.40 117.56 118.63 119.51 120.25 120.96 121.61 122.35 122.98 123.62 124.20 125.00 125.72 126.61 127.31 128.32 129.28 130.21 131.13 131.98 132.75 133.52 134.28 135.10 135.91 136.78 137.58 138.49 139.51 140.46 0.00 0.00 0.00 0.00 0.00 0.00 0.00 0.00 0.00 0.00 0.00 0.00 0.00 0.00 0.00 0.00
47.86 51.42 54.30 57.06 60.73 60.81 62.36 64.67 67.03 69.07 70.98 72.58 74.21 75.92 77.78 79.64 81.68 83.82 86.17 88.71 91.36 94.06 96.74 99.38 101.96 104.66 107.15 109.42 111.57 113.25 114.79 115.95 117.18 118.16 119.10 119.79 120.43 121.02 121.63 122.26 122.81 123.51 124.19 124.96 125.73 126.66 127.66 128.57 129.49 130.37 131.26 132.11 132.86 133.67 134.57 135.44 136.39 137.31 138.16 139.12 140.13 141.04 0.00 0.00 0.00 0.00 0.00 0.00 0.00 0.00 0.00 0.00 0.00 0.00 0.00 0.00 0.00
47.00 48.51 52.35 54.51 55.94 57.36 59.03 61.39 63.76 66.20 67.99 69.67 71.47 73.02 74.89 76.91 79.07 81.43 83.94 86.58 89.41 92.28 95.15 97.96 100.86 103.65 106.39 108.98 111.17 113.12 114.60 115.75 116.84 117.72 118.54 119.14 119.83 120.41 121.00 121.57 122.10 122.68 123.38 124.08 124.93 125.70 126.74 127.73 128.68 129.57 130.44 131.34 132.15 132.98 133.91 134.86 135.88 136.94 137.86 138.85 139.82 140.80 141.73 0.00 0.00 0.00 0.00 0.00 0.00 0.00 0.00 0.00 0.00 0.00 0.00 0.00 0.00
46.84 46.99 49.38 51.98 54.06 55.83 56.34 58.42 60.62 62.95 64.89 66.58 68.33 70.12 72.04 74.14 76.42 78.87 81.48 84.20 87.28 90.39 93.52 96.72 99.84 102.96 105.97 108.55 110.98 112.88 114.50 115.57 116.58 117.34 118.04 118.62 119.20 119.69 120.19 120.79 121.25 121.95 122.64 123.38 124.09 124.92 125.93 126.81 127.87 128.76 129.73 130.57 131.50 132.39 133.32 134.27 135.34 136.50 137.41 138.47 139.46 140.44 141.46 142.41 0.00 0.00 0.00 0.00 0.00 0.00 0.00 0.00 0.00 0.00 0.00 0.00 0.00
44.04 47.33 48.47 50.24 52.67 52.96 54.75 55.73 57.67 59.71 61.59 63.45 65.17 67.06 69.05 71.19 73.62 76.15 78.98 81.90 85.01 88.40 91.79 95.23 98.72 102.01 105.26 108.21 110.62 112.75 114.39 115.30 116.13 116.72 117.44 117.94 118.46 118.84 119.30 119.93 120.50 121.07 121.78 122.47 123.34 124.12 124.99 125.90 126.83 127.84 128.83 129.81 130.76 131.66 132.70 133.68 134.79 135.97 136.99 138.05 139.08 140.16 141.21 142.17 0.00 0.00 0.00 0.00 0.00 0.00 0.00 0.00 0.00 0.00 0.00 0.00 0.00
42.65 47.80 52.26 49.83 50.44 50.50 52.15 53.15 54.90 56.63 58.43 60.17 61.96 63.85 65.84 68.14 70.64 73.30 76.15 79.19 82.51 86.00 89.64 93.33 97.07 100.85 104.47 107.62 110.45 112.52 113.87 114.72 115.38 115.91 116.46 116.91 117.37 117.89 118.42 118.94 119.48 120.07 120.70 121.46 122.30 123.12 124.01 124.85 125.82 126.74 127.77 128.79 129.82 130.82 131.83 132.92 134.10 135.36 136.41 137.50 138.55 139.63 140.75 141.80 142.76 0.00 0.00 0.00 0.00 0.00 0.00 0.00 0.00 0.00 0.00 0.00 0.00
41.68 46.21 51.39 49.10 49.03 49.23 49.44 50.75 52.16 53.64 55.32 56.92 58.72 60.60 62.70 64.93 67.46 70.21 73.09 76.32 79.81 83.54 87.32 91.30 95.34 99.35 103.31 107.17 110.20 112.28 113.30 113.84 114.42 114.82 115.36 115.70 116.25 116.65 117.22 117.75 118.30 118.83 119.50 120.27 121.17 122.04 123.01 123.83 124.74 125.74 126.76 127.80 128.82 129.84 130.94 132.02 133.29 134.64 135.72 136.89 138.02 139.17 140.26 141.36 142.38 143.45 0.00 0.00 0.00 0.00 0.00 0.00 0.00 0.00 0.00 0.00 0.00
40.66 42.29 45.39 46.67 48.60 47.59 47.42 48.33 49.57 50.89 52.43 53.97 55.64 57.47 59.41 61.67 64.11 66.84 69.94 73.30 76.99 80.89 84.85 88.93 93.15 97.49 102.03 106.32 110.13 111.82 112.42 112.84 113.09 113.40 113.77 114.15 114.68 115.28 115.72 116.34 116.98 117.60 118.32 119.09 120.01 120.88 121.85 122.72 123.56 124.54 125.64 126.68 127.80 128.88 130.01 131.15 132.53 133.84 134.96 136.18 137.34 138.55 139.77 140.89 141.99 143.06 0.00 0.00 0.00 0.00 0.00 0.00 0.00 0.00 0.00 0.00 0.00
38.81 40.01 41.59 42.81 43.72 46.58 45.32 45.92 47.00 48.23 49.58 51.22 52.61 54.34 56.15 58.21 60.74 63.58 66.72 70.21 73.97 77.93 82.07 86.36 90.78 95.30 99.81 104.54 108.75 110.25 110.66 110.91 111.33 111.54 111.99 112.44 113.01 113.45 114.20 114.85 115.51 116.16 116.93 117.73 118.58 119.59 120.60 121.54 122.50 123.53 124.56 125.66 126.67 127.76 128.98 130.21 131.57 133.03 134.24 135.49 136.71 137.98 139.21 140.44 141.56 142.66 143.73 0.00 0.00 0.00 0.00 0.00 0.00 0.00 0.00 0.00 0.00
36.22 37.36 38.72 39.93 40.98 42.43 43.28 43.49 44.50 45.60 47.12 48.85 50.07 51.26 52.96 55.07 57.44 60.19 63.40 67.00 70.84 74.90 79.16 83.42 87.80 92.34 96.83 101.05 104.52 106.59 107.61 108.37 108.92 109.31 109.80 110.40 111.04 111.79 112.37 113.08 113.83 114.58 115.40 116.24 117.14 118.08 119.23 120.21 121.30 122.28 123.31 124.45 125.60 126.74 127.91 129.24 130.64 132.13 133.46 134.81 135.99 137.30 138.63 139.90 141.14 142.31 143.47 144.52 0.00 0.00 0.00 0.00 0.00 0.00 0.00 0.00 0.00
35.26 35.06 36.14 37.40 38.48 39.38 40.22 41.17 42.16 43.24 44.34 46.26 48.28 49.01 50.40 51.89 54.17 56.85 60.09 63.64 67.60 71.76 75.96 80.30 84.70 89.06 93.31 97.23 100.40 102.80 104.36 105.35 106.35 106.93 107.54 108.21 108.99 109.76 110.56 111.37 112.15 113.06 113.93 114.80 115.75 116.76 117.84 118.94 120.05 121.06 122.17 123.27 124.50 125.67 126.90 128.23 129.77 131.33 132.64 133.95 135.24 136.60 137.92 139.34 140.64 141.88 143.11 144.28 145.55 0.00 0.00 0.00 0.00 0.00 0.00 0.00 0.00
41.00 34.34 34.34 35.27 36.39 37.34 38.21 39.10 40.03 41.07 42.16 43.33 45.24 46.52 47.58 48.88 50.90 53.60 56.93 60.52 64.44 68.57 72.81 77.05 81.34 85.66 89.57 93.33 96.43 98.96 100.87 102.44 103.41 104.33 105.11 105.94 106.88 107.79 108.70 109.55 110.39 111.28 112.23 113.17 114.24 115.20 116.49 117.64 118.80 119.95 121.05 122.27 123.51 124.73 125.96 127.34 128.89 130.48 131.86 133.28 134.59 135.96 137.33 138.73 140.17 141.54 142.76 144.01 145.38 146.63 0.00 0.00 0.00 0.00 0.00 0.00 0.00
36.01 33.08 32.78 33.62 35.15 35.68 36.62 37.55 38.42 39.05 41.05 40.98 42.13 43.95 45.08 46.00 47.53 50.21 53.48 57.14 61.16 65.32 69.53 73.78 78.00 82.15 86.03 89.60 92.60 95.17 97.35 98.95 100.36 101.35 102.41 103.40 104.51 105.53 106.50 107.52 108.36 109.42 110.50 111.61 112.59 113.68 114.96 116.21 117.48 118.62 119.78 121.04 122.33 123.61 124.93 126.32 127.95 129.58 131.03 132.47 133.87 135.31 136.71 138.12 139.55 140.94 142.30 143.58 145.03 146.40 0.00 0.00 0.00 0.00 0.00 0.00 0.00
44.14 33.78 31.77 32.39 34.02 34.73 35.67 36.62 37.33 37.88 39.87 40.88 40.24 41.40 43.07 42.86 44.19 46.79 50.35 54.22 58.32 62.43 66.67 70.77 74.88 78.77 82.38 85.77 88.80 91.42 93.69 95.62 97.11 98.34 99.55 100.67 101.84 102.89 103.97 105.06 106.03 106.99 108.21 109.37 110.57 111.73 113.18 114.44 115.71 116.92 118.26 119.48 120.93 122.30 123.75 125.24 126.96 128.76 130.34 131.87 133.36 134.89 136.41 137.86 139.33 140.74 142.14 143.53 145.03 146.48 147.83 0.00 0.00 0.00 0.00 0.00 0.00
43.38 40.99 31.98 31.66 34.31 35.84 35.95 35.74 36.11 38.20 39.46 41.01 39.23 38.75 40.33 40.34 40.94 43.73 47.51 51.44 55.52 59.63 63.60 67.63 71.54 75.38 78.99 82.29 85.32 87.93 90.31 92.29 94.05 95.37 96.70 97.92 99.17 100.37 101.47 102.74 103.76 105.03 106.28 107.60 108.76 110.09 111.54 112.86 114.30 115.57 116.89 118.33 119.83 121.22 122.70 124.26 125.98 127.85 129.48 131.11 132.71 134.23 135.85 137.32 138.87 140.34 141.73 143.11 144.62 146.10 147.54 148.99 0.00 0.00 0.00 0.00 0.00
42.78 44.86 39.31 33.08 34.55 34.53 35.85 35.28 36.30 36.78 39.22 39.89 43.57 38.07 37.64 38.13 39.38 41.78 45.31 49.03 52.84 56.78 60.68 64.54 68.32 72.09 75.64 79.01 82.01 84.80 87.10 89.22 90.92 92.44 93.81 95.12 96.43 97.66 98.94 100.23 101.50 102.72 104.15 105.46 106.88 108.28 109.88 111.33 112.76 114.20 115.66 117.12 118.66 120.10 121.64 123.33 125.12 126.99 128.71 130.39 132.05 133.67 135.31 136.85 138.38 139.89 141.39 142.76 144.27 145.73 147.13 148.63 0.00 0.00 0.00 0.00 0.00
42.26 41.20 38.58 32.39 32.21 33.04 34.28 36.94 36.81 36.80 37.48 37.56 39.64 38.01 36.58 37.69 38.67 40.96 43.93 47.20 50.75 54.42 58.03 61.81 65.50 69.26 72.76 76.05 79.02 81.75 84.14 86.14 88.01 89.53 91.02 92.42 93.84 95.20 96.42 97.79 99.11 100.48 101.94 103.43 104.83 106.36 108.04 109.56 111.33 112.80 114.34 115.96 117.65 119.14 120.71 122.44 124.30 126.18 127.86 129.62 131.38 133.11 134.79 136.36 137.99 139.52 141.12 142.60 144.10 145.53 146.94 148.42 149.85 0.00 0.00 0.00 0.00
35.33 36.16 38.69 35.63 33.71 35.17 37.32 36.75 36.67 36.11 35.68 37.35 36.48 36.40 36.40 37.53 38.16 40.04 42.69 45.67 48.84 52.21 55.65 59.20 62.82 66.43 69.94 73.31 76.24 78.96 81.19 83.34 85.14 86.74 88.19 89.58 91.04 92.35 93.88 95.31 96.74 98.16 99.78 101.33 102.89 104.56 106.34 108.02 109.66 111.39 113.01 114.70 116.36 117.95 119.68 121.48 123.50 125.55 127.30 129.04 130.81 132.54 134.30 135.95 137.47 139.14 140.75 142.35 143.93 145.42 146.83 148.30 149.73 151.06 0.00 0.00 0.00
32.80 37.19 39.18 45.33 42.62 39.76 42.88 38.17 36.45 35.55 34.33 34.27 34.37 34.31 36.26 38.69 38.12 39.53 41.58 44.15 47.00 50.11 53.30 56.73 60.30 63.88 67.39 70.61 73.57 76.20 78.52 80.43 82.33 83.85 85.43 86.77 88.26 89.85 91.31 92.91 94.25 95.82 97.49 99.22 100.90 102.63 104.44 106.23 108.11 109.84 111.72 113.49 115.28 116.99 118.71 120.61 122.69 124.77 126.58 128.41 130.30 132.10 133.87 135.58 137.17 138.78 140.50 142.11 143.78 145.29 146.75 148.22 149.70 151.03 152.32 0.00 0.00
