project/src/data/BOM_climate/monthly_mean_rainfall/rainapr.txt
ncols 886
nrows 691
xllcenter 112.0000
yllcenter -44.5000
cellsize 0.0500
nodata_value 99999.90
[rows 420 to 454 of 691, columns 780 to 857 of 886]
39.66 39.33 39.78 40.19 39.42 39.91 42.82 44.30 42.85 43.06 42.47 42.14 42.36 43.52 45.86 48.27 53.84 61.68 63.03 69.79 77.36 81.08 85.06 84.06 93.77 99.92 106.35 114.15 117.09 116.08 114.24 117.83 113.25 112.99 117.27 122.67 126.49 132.76 140.44 148.61 157.43 165.70 173.86 181.34 187.75 193.88 199.51 204.58 209.31 213.94 218.40 222.88 227.08 230.95 234.40 237.96 241.13 244.36 247.56 250.74 253.36 255.86 258.48 261.10 263.78 266.61 269.37 271.55 273.85 0.00 0.00 0.00 0.00 0.00 0.00 0.00 0.00 0.00
39.49 37.40 37.23 37.51 37.84 39.28 41.88 42.89 42.96 42.72 42.85 42.63 42.51 43.16 45.23 51.87 57.40 60.29 63.02 68.20 74.89 83.64 86.02 88.17 93.41 101.29 107.02 112.80 116.00 112.21 119.13 121.94 122.35 118.11 115.84 120.88 126.05 132.89 141.25 149.71 158.90 167.22 174.38 182.11 188.81 194.70 200.04 205.11 209.94 214.38 218.70 223.09 227.37 231.07 234.59 238.07 241.43 244.43 247.46 250.56 253.62 256.10 258.66 261.05 263.96 266.70 269.10 271.60 273.80 0.00 0.00 0.00 0.00 0.00 0.00 0.00 0.00 0.00
38.18 38.63 40.78 38.57 41.13 40.40 40.48 43.03 44.84 44.03 44.23 44.36 44.31 45.53 47.32 50.95 57.28 61.64 69.27 74.21 80.91 83.18 78.70 88.02 91.17 99.73 107.96 113.95 113.22 117.07 120.04 118.22 115.70 115.29 117.84 121.02 127.19 134.65 143.00 151.35 160.04 167.67 175.52 182.92 189.68 195.40 200.71 205.74 210.25 214.56 218.98 223.49 227.45 231.23 234.96 238.27 241.44 244.27 247.51 250.64 253.65 256.24 258.89 261.33 263.82 266.41 269.12 271.70 274.01 0.00 0.00 0.00 0.00 0.00 0.00 0.00 0.00 0.00
37.50 37.88 40.86 40.97 40.96 42.50 41.57 44.30 46.75 45.99 46.28 46.52 47.50 50.22 53.31 54.55 57.73 62.67 67.67 71.72 78.09 84.79 77.76 80.31 87.71 97.23 107.15 116.91 123.39 130.58 128.15 123.50 122.02 119.00 123.45 125.35 131.21 136.80 145.09 155.87 161.63 169.26 177.02 184.23 190.48 196.31 201.37 205.90 210.27 214.83 219.42 223.33 227.15 231.36 234.81 238.08 241.13 244.19 247.46 250.36 253.32 256.22 258.93 261.25 263.72 266.44 269.25 271.53 273.79 0.00 0.00 0.00 0.00 0.00 0.00 0.00 0.00 0.00
38.48 38.40 39.42 41.11 41.95 42.90 43.07 45.85 48.95 48.38 49.22 49.85 51.02 54.87 59.03 59.08 61.77 65.41 67.99 72.84 79.28 83.13 80.95 83.86 93.52 104.15 113.49 119.59 126.42 126.83 132.93 120.72 118.41 118.61 124.98 127.36 131.30 138.53 147.24 156.91 163.26 170.98 178.57 185.09 191.25 196.95 201.68 205.94 210.60 215.05 219.28 223.21 227.28 231.05 234.62 237.72 240.89 244.23 247.02 250.34 252.95 256.18 258.86 261.49 263.64 266.43 269.33 271.70 273.69 0.00 0.00 0.00 0.00 0.00 0.00 0.00 0.00 0.00
40.50 39.72 40.21 40.04 41.11 44.76 45.62 47.35 49.68 51.01 52.78 54.10 56.21 61.90 63.59 62.73 66.23 73.21 72.12 75.35 78.24 82.18 85.53 91.17 106.81 114.95 120.33 124.22 127.00 126.06 124.68 121.85 115.26 115.86 124.22 128.58 136.14 140.03 148.81 157.06 164.99 172.76 180.14 186.39 192.17 197.54 202.13 206.20 210.74 215.15 219.44 223.26 227.08 230.74 234.22 237.27 240.68 244.34 246.97 249.85 252.93 256.37 258.91 261.13 263.60 266.76 269.01 271.31 273.70 0.00 0.00 0.00 0.00 0.00 0.00 0.00 0.00 0.00
41.22 41.52 42.21 40.05 43.05 43.25 47.76 51.50 54.75 55.99 57.01 59.40 63.42 68.64 69.83 68.75 72.01 75.27 77.58 81.54 84.55 88.72 100.77 109.99 123.27 121.64 124.56 123.39 128.70 122.89 129.39 131.62 117.92 119.96 122.75 130.28 136.88 141.87 151.50 159.93 167.28 174.62 181.74 187.79 193.35 198.02 202.54 206.71 211.27 215.32 219.42 223.50 226.89 230.62 234.19 237.88 241.02 244.07 247.23 250.52 253.24 256.10 259.20 261.89 264.05 266.51 269.43 271.61 273.33 0.00 0.00 0.00 0.00 0.00 0.00 0.00 0.00 0.00
40.83 42.90 41.27 41.41 43.75 45.33 46.21 51.10 57.75 63.42 63.89 67.18 71.12 69.98 71.56 74.68 76.89 80.33 82.94 89.44 90.95 93.61 102.80 114.60 124.21 130.40 132.57 124.08 133.37 123.46 122.07 122.63 120.72 127.12 130.74 129.67 135.30 143.71 153.43 161.51 169.40 176.60 183.44 189.21 194.13 198.58 203.23 207.34 211.12 215.65 220.07 223.59 227.06 230.94 234.60 237.94 241.05 244.49 247.57 250.54 253.60 256.77 259.56 262.27 264.50 267.06 269.39 271.56 273.33 0.00 0.00 0.00 0.00 0.00 0.00 0.00 0.00 0.00
41.37 44.39 41.12 43.57 44.70 53.99 52.41 50.54 60.48 69.02 68.83 69.35 69.85 71.71 75.02 78.60 81.66 85.24 88.94 95.69 99.89 101.90 108.92 118.21 131.50 145.15 137.45 126.13 125.29 121.14 126.68 122.81 123.45 124.97 128.35 132.77 139.60 147.81 156.73 164.28 171.59 178.86 185.12 190.04 195.06 199.65 203.66 207.50 211.70 216.05 220.00 223.85 227.39 231.24 234.85 238.26 241.17 244.62 247.78 250.97 253.74 257.37 260.25 262.63 264.70 267.33 269.75 271.68 273.34 0.00 0.00 0.00 0.00 0.00 0.00 0.00 0.00 0.00
42.81 44.46 43.48 44.81 57.40 64.26 59.50 58.54 67.46 70.17 68.09 69.78 73.05 76.17 79.96 82.38 84.48 88.66 92.73 98.05 104.57 107.59 112.83 115.49 125.49 135.26 139.80 134.47 128.71 124.11 123.93 123.19 125.59 127.70 131.41 136.46 144.39 152.05 160.62 166.99 173.88 179.85 185.80 191.14 195.47 199.44 204.01 207.94 211.79 215.56 220.11 223.70 227.21 231.02 234.93 237.68 240.91 244.24 247.77 250.63 253.88 257.44 260.00 262.32 264.53 267.44 269.35 271.40 273.14 0.00 0.00 0.00 0.00 0.00 0.00 0.00 0.00 0.00
46.49 46.77 44.19 46.96 66.29 64.53 54.76 62.74 62.37 69.49 69.51 70.30 74.78 79.07 83.90 87.01 86.02 89.55 93.35 98.37 104.05 109.26 114.69 118.30 125.63 133.14 136.72 136.69 131.10 132.20 135.20 130.41 130.77 136.53 141.33 142.79 149.56 155.59 162.58 169.02 175.30 181.40 186.69 191.13 195.92 199.99 203.94 207.64 211.89 215.69 219.44 223.38 227.48 230.77 234.03 237.81 240.84 243.82 247.24 251.08 254.28 256.84 259.95 262.59 264.54 266.86 269.56 271.64 273.01 0.00 0.00 0.00 0.00 0.00 0.00 0.00 0.00 0.00
55.05 48.82 47.01 55.03 61.20 54.56 50.32 53.47 53.67 61.89 68.97 72.88 74.27 78.42 84.90 89.77 90.52 88.52 93.26 96.44 102.54 106.76 113.45 119.82 125.64 131.31 135.71 133.55 136.62 145.03 140.56 138.38 143.44 144.80 143.45 147.51 154.72 158.94 164.73 171.34 177.31 182.55 187.28 191.70 196.30 199.90 203.84 208.04 211.79 215.10 219.32 223.43 226.70 230.36 234.04 237.16 240.25 243.86 247.59 250.67 254.03 257.34 259.73 261.95 264.38 267.08 268.89 270.92 272.96 0.00 0.00 0.00 0.00 0.00 0.00 0.00 0.00 0.00
60.61 53.57 55.76 58.63 67.72 55.90 51.29 57.03 56.58 58.67 65.08 68.28 71.46 71.02 74.91 86.58 91.63 92.05 87.52 92.51 104.49 101.56 111.92 120.22 125.69 131.14 134.41 135.64 148.04 158.99 157.52 150.32 147.01 147.03 148.62 151.74 158.77 162.14 167.81 173.42 178.75 183.72 188.18 192.04 196.40 200.07 204.09 207.73 211.72 215.43 219.29 223.01 226.72 230.46 233.60 237.25 240.86 244.10 247.50 251.25 254.36 257.02 259.62 262.38 264.38 266.59 269.16 271.08 272.29 0.00 0.00 0.00 0.00 0.00 0.00 0.00 0.00 0.00
54.64 45.43 46.61 61.69 59.28 60.26 55.91 51.52 53.33 56.61 60.48 66.55 70.35 72.95 74.50 74.60 89.47 92.40 90.28 89.96 94.31 96.23 107.70 121.78 125.01 126.66 125.43 132.57 149.94 152.20 151.62 142.82 144.60 147.64 152.62 156.76 162.91 164.88 170.20 175.26 180.15 184.91 188.91 192.63 196.40 200.45 204.22 208.12 212.07 215.65 219.45 223.07 226.95 230.33 233.87 237.22 240.85 244.29 247.91 251.34 254.35 257.08 259.63 262.34 264.47 267.12 268.90 270.58 272.01 0.00 0.00 0.00 0.00 0.00 0.00 0.00 0.00 0.00
53.56 44.08 41.91 47.37 51.47 61.69 61.01 57.65 56.93 59.12 63.81 70.27 77.60 77.84 77.95 78.25 74.84 90.11 94.04 91.87 86.31 89.62 102.78 118.16 113.97 112.37 114.88 123.06 129.35 128.41 139.28 141.26 143.57 151.17 156.15 156.31 161.16 166.02 171.37 176.27 180.86 184.99 188.88 192.74 196.39 200.32 204.46 208.15 212.14 215.94 219.80 223.13 226.84 230.63 233.87 237.22 241.07 244.67 248.11 250.95 254.48 257.10 259.49 262.03 264.66 266.75 268.29 270.07 271.65 0.00 0.00 0.00 0.00 0.00 0.00 0.00 0.00 0.00
46.69 42.30 40.49 48.54 54.11 48.80 50.55 54.47 61.65 68.87 71.44 72.34 75.10 77.11 83.09 87.01 87.22 76.82 87.43 93.46 89.48 89.53 99.45 109.41 104.19 105.67 107.69 114.05 117.13 121.51 128.59 139.35 144.32 148.06 151.89 156.79 161.67 166.55 171.77 176.67 180.92 185.02 189.03 192.79 196.41 200.41 204.82 208.53 212.24 216.19 219.88 223.42 227.01 230.47 234.12 237.44 241.24 244.69 248.04 251.01 253.98 257.00 259.25 261.87 264.30 266.53 267.92 269.38 271.18 0.00 0.00 0.00 0.00 0.00 0.00 0.00 0.00 0.00
46.80 40.02 40.89 53.55 55.03 52.76 48.37 54.41 62.25 74.55 77.19 77.16 80.06 82.00 86.83 85.85 85.19 88.42 81.10 83.56 84.61 88.04 94.95 102.99 100.58 99.33 103.57 108.01 112.29 118.27 123.95 129.72 137.72 143.46 149.64 154.96 160.72 166.07 171.42 176.25 180.65 184.85 188.63 192.44 196.63 200.69 204.75 208.68 212.61 216.19 219.92 223.68 227.15 230.71 234.19 237.75 241.17 244.74 247.88 250.94 253.91 256.51 259.11 261.73 264.17 265.93 267.47 269.24 270.52 0.00 0.00 0.00 0.00 0.00 0.00 0.00 0.00 0.00
47.05 40.82 40.71 49.38 45.83 51.08 49.66 59.45 72.36 79.65 83.11 85.43 86.91 87.77 90.28 92.89 92.56 83.69 86.96 95.48 90.98 85.70 87.95 92.92 99.33 98.33 99.93 104.77 110.34 115.53 121.43 127.26 133.68 140.13 146.81 153.06 159.29 165.27 170.94 175.86 180.28 184.36 188.50 192.37 196.68 200.87 204.93 209.04 212.71 216.30 220.17 223.95 227.45 231.07 234.37 237.86 241.32 244.57 247.67 250.73 253.68 256.25 258.84 261.60 263.60 265.40 267.19 268.75 270.25 0.00 0.00 0.00 0.00 0.00 0.00 0.00 0.00 0.00
43.99 40.35 40.99 42.39 42.22 46.64 55.46 66.48 78.38 88.58 88.84 88.99 88.46 90.14 92.20 95.76 94.53 88.47 86.30 90.84 89.81 86.91 87.89 93.38 93.18 95.44 98.62 103.22 108.58 113.80 119.29 125.42 132.09 138.12 144.55 151.47 158.06 164.12 169.67 174.73 179.41 183.54 187.79 191.94 196.27 200.66 204.76 208.79 212.35 216.08 219.86 223.65 227.07 230.56 234.09 237.34 240.56 243.84 246.97 249.77 252.66 255.38 258.29 260.51 262.91 264.79 266.27 268.14 269.98 0.00 0.00 0.00 0.00 0.00 0.00 0.00 0.00 0.00
44.04 40.84 45.46 41.84 45.37 53.34 59.37 71.26 87.63 96.09 88.41 88.37 91.79 94.22 90.85 92.87 96.45 90.16 83.99 85.13 85.28 90.92 91.12 93.90 103.59 96.98 99.09 104.56 109.04 114.02 119.50 124.87 130.92 137.40 143.92 150.55 156.93 163.17 169.04 174.06 178.93 183.12 187.41 191.82 196.36 200.56 204.91 208.87 212.52 216.19 220.10 223.70 227.20 230.69 234.01 237.04 240.51 243.67 246.72 249.47 252.24 255.30 257.99 260.33 262.61 264.28 266.09 267.89 269.72 0.00 0.00 0.00 0.00 0.00 0.00 0.00 0.00 0.00
38.79 41.90 43.75 45.04 48.73 56.25 64.55 71.25 82.97 101.35 99.86 93.28 97.70 99.92 96.85 96.98 98.22 95.45 88.30 87.68 89.14 93.40 94.51 94.88 100.09 100.94 109.31 108.40 112.00 116.83 120.07 125.44 131.19 137.63 143.84 150.49 157.01 163.07 168.72 173.85 178.65 183.21 187.55 192.08 196.75 201.11 205.17 209.33 213.20 216.70 220.45 224.21 227.66 230.75 234.14 237.29 240.36 243.57 246.63 249.14 251.99 254.92 257.81 259.99 262.14 264.18 265.68 267.76 269.69 0.00 0.00 0.00 0.00 0.00 0.00 0.00 0.00 0.00
41.18 43.30 48.81 52.30 64.65 71.40 72.84 74.71 87.08 98.88 102.28 102.26 103.45 105.15 105.76 103.30 97.98 91.45 91.87 88.95 93.57 96.23 98.58 99.43 96.95 99.57 104.17 111.19 114.95 116.37 121.94 126.62 132.19 138.48 145.07 151.07 157.21 163.29 169.01 174.18 179.09 183.57 187.92 192.61 197.34 201.60 205.55 209.94 213.64 217.16 220.81 224.34 227.56 230.76 233.94 237.30 240.40 243.66 246.11 248.98 251.44 254.51 257.52 259.82 261.69 263.68 265.45 267.18 269.28 0.00 0.00 0.00 0.00 0.00 0.00 0.00 0.00 0.00
43.38 49.37 49.96 54.52 58.68 65.98 76.00 79.90 86.45 92.39 98.68 104.48 107.56 108.58 110.72 111.70 105.69 102.11 95.46 91.25 94.71 97.33 98.05 97.01 98.90 101.28 104.86 109.16 113.59 118.30 123.14 128.67 134.51 140.15 146.42 152.43 158.38 164.11 169.79 174.78 179.50 184.18 188.77 193.13 197.58 202.00 205.96 210.17 214.04 217.41 220.99 224.69 227.74 230.68 234.10 237.29 240.39 243.31 245.94 248.35 251.05 254.11 256.92 259.24 261.25 263.15 264.89 266.82 269.04 0.00 0.00 0.00 0.00 0.00 0.00 0.00 0.00 0.00
44.92 48.84 52.76 57.92 64.88 72.84 81.88 83.58 90.76 98.88 109.46 112.45 109.59 112.84 113.52 110.89 113.19 106.02 96.40 93.61 99.85 104.67 102.01 100.58 101.09 104.55 107.96 112.53 117.13 121.14 126.01 131.37 136.81 142.61 148.43 154.36 159.59 165.30 170.67 175.79 180.51 185.10 189.63 193.76 198.17 202.43 206.52 210.29 214.19 217.75 221.23 224.68 227.91 230.84 233.94 237.41 240.38 242.97 245.53 248.06 250.80 253.52 256.48 258.82 260.53 262.62 264.57 266.47 268.68 0.00 0.00 0.00 0.00 0.00 0.00 0.00 0.00 0.00
47.77 53.10 57.43 62.74 67.92 74.17 80.88 86.57 93.08 100.67 103.92 110.03 108.62 108.09 114.61 112.20 105.80 102.68 100.28 94.59 102.87 103.53 106.11 104.37 106.36 109.88 113.86 116.50 120.57 125.14 129.33 134.91 140.18 145.37 150.67 156.34 161.66 166.85 172.22 177.03 181.48 185.90 190.44 194.34 198.47 202.62 206.69 210.47 214.34 217.82 221.45 224.66 227.95 231.03 234.10 237.12 239.87 242.60 244.94 247.72 250.39 253.05 255.96 258.13 260.02 262.16 264.20 266.25 268.29 0.00 0.00 0.00 0.00 0.00 0.00 0.00 0.00 0.00
51.10 57.40 60.41 63.90 70.50 75.44 81.08 87.01 89.89 94.74 93.66 104.36 97.42 101.31 99.73 110.39 107.94 99.07 97.55 96.69 103.04 104.22 116.54 110.69 112.30 116.16 118.90 121.76 125.58 129.90 134.45 139.26 143.82 148.80 154.12 159.11 164.12 168.97 173.90 178.19 182.85 186.99 190.90 195.18 199.41 203.11 207.03 211.06 214.49 217.86 221.77 225.08 228.10 231.30 234.31 236.83 239.50 242.37 244.79 247.47 250.23 253.07 255.37 257.74 259.94 261.90 264.06 266.47 268.29 0.00 0.00 0.00 0.00 0.00 0.00 0.00 0.00 0.00
51.64 56.04 57.87 63.78 66.65 72.82 76.76 86.44 84.20 86.52 86.71 96.98 99.81 92.42 90.39 97.21 102.61 98.02 97.77 99.23 106.57 112.27 116.03 116.40 115.76 121.07 122.41 127.44 130.56 136.00 139.31 143.33 147.93 152.76 157.31 162.10 166.51 171.32 175.77 180.03 184.07 187.98 191.92 195.97 199.94 203.94 207.74 211.44 214.91 218.34 221.84 225.36 228.54 231.43 234.17 236.92 239.40 241.91 244.76 247.51 250.11 252.90 255.31 257.44 259.81 262.02 264.23 266.40 268.59 0.00 0.00 0.00 0.00 0.00 0.00 0.00 0.00 0.00
49.86 51.92 58.17 62.18 65.15 71.17 75.20 80.23 83.16 82.45 83.13 84.87 92.00 97.29 93.09 89.90 93.60 99.81 97.29 100.74 107.04 115.18 117.96 119.57 117.95 124.39 128.94 132.15 135.69 141.11 145.18 149.17 152.71 156.73 160.96 165.24 169.48 173.37 177.60 181.70 185.30 189.38 193.20 196.78 200.99 204.74 208.31 212.12 215.58 218.65 222.12 225.81 228.72 231.51 234.53 236.92 239.42 242.20 244.90 247.48 250.30 252.80 254.94 257.24 259.71 261.84 264.23 266.43 268.36 0.00 0.00 0.00 0.00 0.00 0.00 0.00 0.00 0.00
48.92 50.87 54.32 58.78 61.10 71.63 74.90 73.19 80.52 84.14 78.45 81.74 85.65 95.18 90.28 88.21 95.03 100.97 101.92 101.37 107.98 116.91 117.69 120.79 122.87 128.18 133.49 136.49 141.05 145.98 150.41 153.65 157.26 160.63 164.36 168.18 171.86 175.67 179.87 183.53 187.12 190.85 194.39 198.09 201.77 205.41 209.16 212.72 216.20 219.52 222.70 226.05 229.12 232.06 234.68 237.24 239.67 242.37 245.03 247.60 250.11 252.60 254.97 257.21 259.52 262.02 264.12 266.37 268.23 0.00 0.00 0.00 0.00 0.00 0.00 0.00 0.00 0.00
49.34 50.56 52.92 55.55 60.60 64.18 66.42 70.71 75.78 80.34 78.02 79.88 83.19 95.96 93.22 89.17 95.65 98.97 105.89 105.70 109.87 118.92 121.33 123.90 127.66 133.64 137.09 141.20 145.75 149.98 154.23 157.91 160.87 164.27 167.49 170.75 174.42 177.90 181.44 185.08 188.75 192.12 195.73 199.26 202.48 206.30 210.01 213.50 217.08 220.36 223.37 226.42 229.68 232.40 235.00 237.45 240.09 242.56 245.17 247.62 249.85 252.39 254.92 256.98 259.31 261.68 263.90 265.74 267.77 0.00 0.00 0.00 0.00 0.00 0.00 0.00 0.00 0.00
49.30 50.79 53.50 56.24 58.92 60.61 63.19 66.79 71.22 80.54 81.18 80.43 84.42 89.28 90.44 91.74 95.52 101.80 106.98 108.46 114.52 118.43 123.44 130.30 133.08 136.75 141.29 145.62 149.36 153.46 157.21 160.78 164.13 167.03 170.30 173.64 176.55 179.91 183.29 186.62 190.10 193.50 196.72 200.19 203.79 206.98 210.68 214.67 217.79 220.97 224.14 227.07 229.71 232.62 235.09 237.67 240.23 242.69 244.96 247.26 249.66 252.03 254.58 256.86 259.06 261.31 263.43 265.27 267.54 0.00 0.00 0.00 0.00 0.00 0.00 0.00 0.00 0.00
50.77 51.45 53.15 55.07 57.14 59.56 62.24 68.09 75.92 78.64 85.97 83.05 84.60 92.80 95.34 95.63 98.57 105.88 110.23 111.43 116.34 122.26 128.51 133.34 137.67 141.86 145.38 149.25 152.89 156.53 160.18 163.39 166.56 169.74 172.61 175.85 178.91 181.63 185.07 188.24 191.32 194.74 198.31 201.33 204.66 208.17 211.75 215.25 218.69 221.66 224.50 227.63 230.21 232.67 235.17 237.84 240.00 242.48 244.81 246.97 249.41 252.04 254.35 256.63 259.19 261.05 263.01 265.32 267.37 0.00 0.00 0.00 0.00 0.00 0.00 0.00 0.00 0.00
51.42 53.13 53.44 54.95 57.04 59.02 61.96 65.46 69.19 74.39 81.39 84.52 87.01 96.21 95.06 97.17 102.65 108.04 110.02 115.12 121.27 127.49 132.34 137.21 141.58 145.61 149.71 152.91 156.50 159.99 162.92 166.02 169.30 172.08 174.90 178.21 180.95 183.69 186.97 189.85 192.96 196.13 199.33 202.68 206.21 209.39 212.72 216.08 219.45 222.11 225.17 228.01 230.46 232.73 235.65 237.79 240.08 242.46 244.66 246.91 249.41 251.77 254.33 256.71 258.89 261.02 263.01 265.15 267.40 0.00 0.00 0.00 0.00 0.00 0.00 0.00 0.00 0.00
55.42 54.58 55.30 56.58 57.79 60.01 62.19 65.26 69.30 73.37 79.07 84.31 86.35 91.61 96.16 99.42 105.35 109.90 113.47 118.75 125.22 130.50 136.89 142.15 146.25 149.95 153.13 156.48 159.57 162.70 165.57 168.39 171.29 174.05 176.93 179.76 182.77 185.52 188.74 191.44 194.37 197.46 200.85 204.00 207.15 210.49 213.53 216.84 219.72 222.57 225.16 228.08 230.65 233.23 235.46 237.76 240.00 242.31 244.70 246.86 249.25 251.71 254.21 256.47 258.80 260.72 262.98 265.19 267.32 0.00 0.00 0.00 0.00 0.00 0.00 0.00 0.00 0.00
56.62 56.48 57.44 58.56 59.08 60.48 62.63 66.22 70.41 74.20 78.78 83.03 87.34 92.02 97.01 101.83 107.45 112.38 117.20 122.11 127.50 133.71 140.08 146.15 150.44 153.47 156.69 159.66 162.46 165.47 168.16 170.90 173.58 176.13 179.03 181.67 184.43 187.50 190.22 193.25 196.23 199.20 202.02 205.10 208.49 211.36 214.43 217.53 220.34 223.06 225.81 228.71 231.18 233.65 235.91 237.97 240.23 242.52 244.77 247.12 249.34 251.96 254.28 256.64 258.89 261.09 263.31 265.30 267.25 0.00 0.00 0.00 0.00 0.00 0.00 0.00 0.00 0.00
