project/src/data/BOM_climate/monthly_mean_rainfall/rainfeb.txt
ncols 886
nrows 691
xllcenter 112.0000
yllcenter -44.5000
cellsize 0.0500
nodata_value 99999.90
[rows 170 to 203 of 691, columns 308 to 384 of 886]
169.54 170.15 170.66 170.99 171.40 170.49 168.86 167.53 166.86 166.01 164.36 163.31 162.74 163.07 163.97 165.54 166.85 167.78 168.60 169.45 170.30 171.00 171.38 171.77 171.88 171.82 171.58 171.40 171.13 170.67 170.03 169.16 168.19 167.06 165.83 164.49 163.19 161.73 160.41 159.35 158.59 157.99 157.66 157.64 157.90 158.38 158.66 159.12 159.37 159.69 159.89 160.07 160.32 160.60 160.77 160.81 160.80 160.75 160.66 160.71 160.72 160.61 160.54 160.27 159.84 159.50 158.97 158.25 157.51 156.61 155.73 154.85 154.05 153.24 152.39 151.53 150.78
168.48 169.42 170.32 171.03 171.67 171.00 169.60 168.52 167.81 165.95 164.85 163.71 163.42 163.93 164.29 165.20 165.88 166.64 167.30 167.98 168.56 169.12 169.56 169.91 170.04 169.97 169.99 169.87 169.64 169.37 168.91 168.06 167.17 166.22 165.06 163.92 162.56 161.37 160.29 159.33 158.55 158.22 157.98 157.98 158.01 158.53 158.76 158.96 159.05 159.48 159.52 159.62 159.89 160.12 160.21 160.28 160.16 159.99 159.89 159.75 159.63 159.45 159.16 158.83 158.45 158.01 157.48 156.88 156.11 155.34 154.46 153.65 152.83 152.01 151.14 150.27 149.48
166.86 167.91 169.19 170.70 171.51 171.63 170.12 168.82 167.40 165.58 164.66 163.75 163.66 163.68 163.92 164.34 164.83 165.39 165.92 166.44 167.02 167.43 167.87 168.17 168.27 168.30 168.32 168.30 168.13 167.88 167.54 166.85 166.02 165.18 164.21 163.24 162.26 161.05 160.12 159.25 158.58 158.29 158.17 158.08 158.14 158.57 158.52 158.64 158.77 159.02 159.33 159.22 159.29 159.38 159.39 159.41 159.28 159.27 158.87 158.58 158.39 158.09 157.78 157.41 156.99 156.52 155.98 155.34 154.65 153.79 152.96 152.21 151.43 150.60 149.80 148.94 148.19
165.51 166.67 167.81 169.08 169.83 169.98 169.05 168.09 166.63 165.38 164.37 163.60 163.23 163.06 163.15 163.45 163.85 164.31 164.71 165.05 165.53 165.93 166.25 166.52 166.70 166.88 166.95 166.81 166.66 166.51 166.26 165.83 165.05 164.19 163.48 162.61 161.75 160.86 159.99 159.15 158.60 158.24 158.17 158.06 158.12 158.43 158.36 158.48 158.47 158.62 158.90 159.01 158.81 158.77 158.71 158.62 158.56 158.45 158.12 157.71 157.26 156.87 156.50 156.10 155.65 155.16 154.63 153.99 153.28 152.46 151.66 150.93 150.13 149.37 148.47 147.76 146.90
164.22 165.38 166.34 167.25 167.61 167.67 167.29 166.35 165.43 164.35 163.54 162.90 162.44 162.25 162.33 162.52 162.81 163.07 163.46 163.76 164.13 164.46 164.74 165.00 165.30 165.51 165.52 165.33 165.28 165.12 164.82 164.41 164.01 163.30 162.50 161.96 161.29 160.50 159.65 158.97 158.56 158.30 158.05 157.96 158.14 158.22 158.30 158.22 158.32 158.39 158.41 158.48 158.37 158.21 158.08 157.98 157.76 157.43 157.12 156.77 156.26 155.73 155.48 154.92 154.45 153.86 153.23 152.58 151.94 151.18 150.41 149.65 148.88 148.14 147.29 146.36 145.50
162.91 163.86 164.61 165.06 165.30 165.68 165.52 164.55 164.34 163.26 162.46 161.92 161.57 161.40 161.49 161.63 161.78 161.97 162.15 162.37 162.64 162.99 163.32 163.75 163.87 164.14 164.12 163.98 163.87 163.88 163.73 163.31 162.87 162.30 161.62 160.99 160.46 159.82 159.18 158.64 158.26 158.22 157.93 157.91 157.93 157.80 157.94 157.88 157.98 158.08 158.03 158.01 157.94 157.73 157.56 157.28 156.90 156.40 156.01 155.64 155.13 154.80 154.36 153.77 153.31 152.60 151.94 151.30 150.64 149.88 149.08 148.33 147.56 146.95 145.99 145.02 144.13
161.22 161.96 162.69 163.12 163.20 163.67 163.81 163.08 162.40 161.83 161.25 160.89 160.60 160.42 160.52 160.64 160.75 160.84 160.90 161.12 161.52 161.79 162.10 162.51 162.47 162.56 162.73 162.76 162.60 162.60 162.41 162.17 161.78 161.36 160.69 160.24 159.61 159.17 158.74 158.31 157.89 157.62 157.47 157.35 157.32 157.27 157.48 157.46 157.59 157.69 157.50 157.53 157.40 157.07 156.84 156.48 156.01 155.57 155.05 154.72 154.24 153.75 153.21 152.68 152.05 151.32 150.71 150.06 149.39 148.61 147.81 147.11 146.34 145.65 144.74 143.76 142.91
159.34 159.85 160.43 160.91 161.57 161.30 161.48 161.19 160.83 160.43 160.13 159.79 159.60 159.49 159.47 159.59 159.70 159.76 159.84 160.04 160.45 160.80 160.94 161.20 161.32 161.25 161.24 161.21 161.18 161.05 161.01 160.91 160.48 160.01 159.55 159.19 158.68 158.22 157.84 157.58 157.29 156.98 156.69 156.69 156.66 156.73 156.84 156.98 157.02 157.09 157.11 157.03 156.84 156.58 156.23 155.69 155.23 154.87 154.31 153.80 153.33 152.74 152.16 151.56 150.78 150.12 149.49 148.80 148.13 147.34 146.55 145.80 145.06 144.40 143.59 142.58 141.66
157.61 157.98 158.38 158.74 159.24 159.44 159.17 159.45 159.15 158.93 158.81 158.56 158.44 158.44 158.47 158.53 158.54 158.55 158.92 159.27 159.25 159.46 159.29 159.28 159.40 159.46 159.54 159.57 159.57 159.54 159.66 159.47 159.14 158.85 158.44 158.10 157.73 157.28 156.97 156.80 156.46 156.18 155.99 155.91 156.03 156.18 156.47 156.42 156.46 156.47 156.60 156.52 156.46 156.06 155.49 155.06 154.52 154.12 153.54 152.91 152.33 151.65 150.93 150.19 149.53 148.85 148.23 147.54 146.91 146.18 145.42 144.61 143.84 143.26 142.37 141.33 140.41
155.94 156.35 156.65 156.84 157.13 157.33 157.33 157.38 157.62 157.38 157.22 157.38 157.22 157.28 157.35 157.45 157.43 157.40 157.54 157.77 157.63 157.70 157.80 157.90 157.94 158.05 158.08 158.06 158.09 158.10 158.10 157.89 157.70 157.54 157.25 157.03 156.63 156.22 155.95 155.77 155.49 155.30 155.15 155.03 155.20 155.44 155.53 155.66 155.87 155.87 156.09 156.19 155.92 155.42 154.87 154.32 153.71 153.08 152.45 151.83 151.12 150.45 149.67 148.94 148.27 147.60 146.93 146.22 145.54 144.87 144.15 143.40 142.67 141.80 140.92 140.05 139.16
154.05 154.53 154.91 155.21 155.59 155.59 155.47 155.68 156.03 155.89 155.80 155.77 155.87 155.97 156.12 156.25 156.23 156.22 156.13 156.20 156.27 156.37 156.54 156.70 156.80 156.48 156.45 156.40 156.46 156.59 156.55 156.53 156.37 156.15 155.86 155.65 155.37 155.01 154.76 154.61 154.38 154.28 154.13 154.17 154.32 154.46 154.70 154.96 155.27 155.43 155.53 155.68 155.36 154.98 154.16 153.49 152.90 152.27 151.45 150.63 149.89 149.18 148.49 147.73 147.03 146.29 145.64 144.97 144.27 143.51 142.76 142.12 141.42 140.40 139.45 138.68 137.96
152.30 152.69 153.04 153.39 153.86 153.97 153.93 153.82 154.19 154.38 154.31 154.24 154.40 154.62 154.74 154.96 154.98 154.92 154.80 154.83 154.89 155.13 155.17 155.32 155.24 154.94 154.85 154.84 154.82 154.75 154.68 154.63 154.65 154.57 154.23 154.02 153.79 153.62 153.49 153.35 153.21 153.06 153.10 153.31 153.47 153.78 154.07 154.45 154.91 155.06 155.22 155.22 155.02 154.38 153.60 152.82 152.17 151.28 150.44 149.59 148.86 148.18 147.34 146.52 145.78 145.01 144.43 143.70 143.04 142.25 141.53 140.81 140.03 139.04 138.14 137.45 136.77
150.38 150.81 151.41 151.54 151.79 151.85 152.02 152.07 152.34 152.64 152.55 152.69 152.84 153.10 153.34 153.76 153.59 153.46 153.51 153.33 153.29 153.46 153.52 153.82 153.90 153.57 153.52 153.42 153.29 153.16 152.96 152.84 152.71 152.54 152.32 152.23 152.06 151.94 151.91 151.92 151.85 151.86 152.05 152.26 152.55 152.94 153.37 154.07 154.44 154.73 154.91 154.90 154.60 153.86 152.91 152.06 151.11 150.25 149.36 148.54 147.68 146.87 146.02 145.10 144.29 143.58 142.89 142.19 141.58 140.85 140.00 139.21 138.49 137.62 136.82 136.18 135.53
148.49 149.06 149.34 149.42 149.69 149.89 150.02 150.08 150.44 150.54 150.65 150.91 151.10 151.43 151.77 152.11 151.99 151.99 152.14 151.78 151.64 151.66 151.64 151.78 151.76 151.75 151.69 151.68 151.72 151.78 151.50 151.23 150.98 150.73 150.61 150.47 150.37 150.31 150.49 150.57 150.51 150.61 150.86 151.21 151.58 151.95 152.49 153.34 153.95 154.36 154.61 154.41 153.92 153.19 152.36 151.18 150.08 149.11 148.04 147.08 146.20 145.34 144.47 143.62 142.94 142.20 141.40 140.58 139.86 139.07 138.33 137.61 136.96 136.23 135.54 134.93 134.14
146.55 146.87 147.19 147.36 147.63 147.80 148.00 148.08 148.36 148.56 148.72 148.92 149.20 149.54 149.86 150.12 150.29 150.33 150.42 150.03 149.94 149.82 149.76 149.81 149.95 149.87 149.97 149.97 149.97 150.27 149.97 149.62 149.41 149.20 148.90 148.76 148.69 148.75 148.89 149.18 149.34 149.46 149.61 149.83 150.21 150.76 151.45 152.30 153.13 153.80 154.18 154.06 153.40 152.56 151.37 150.05 148.73 147.61 146.60 145.65 144.68 143.78 142.86 142.01 141.38 140.76 139.94 138.97 138.24 137.42 136.71 136.05 135.43 134.78 134.18 133.45 132.67
144.55 144.80 145.00 145.21 145.34 145.51 145.73 145.92 146.18 146.36 146.58 146.80 147.14 147.45 147.82 148.16 148.17 148.24 148.54 148.31 147.93 147.82 147.75 147.82 148.04 148.33 148.19 148.27 148.00 147.96 148.14 148.05 147.79 147.63 147.54 147.32 147.20 147.14 147.28 147.49 147.80 147.89 148.00 148.30 148.77 149.45 150.24 151.19 152.10 152.86 153.48 153.50 152.68 151.53 150.21 148.81 147.50 146.15 145.07 144.04 143.06 142.19 141.21 140.38 139.68 138.98 138.26 137.34 136.64 135.92 135.17 134.43 133.79 133.20 132.65 131.87 131.04
142.63 142.75 142.79 142.87 143.04 143.11 143.30 143.52 143.76 144.02 144.29 144.65 144.98 145.31 145.85 146.06 146.05 146.10 146.07 146.05 146.03 145.83 145.75 145.77 145.90 145.89 145.87 145.89 145.97 146.05 146.39 146.21 146.05 145.86 145.78 145.91 145.78 145.51 145.63 145.88 146.09 146.17 146.40 146.77 147.30 148.00 148.87 149.75 150.61 151.37 152.08 152.19 151.08 149.86 148.55 147.19 145.88 144.60 143.43 142.35 141.37 140.49 139.61 138.79 137.99 137.27 136.51 135.75 135.03 134.27 133.56 132.86 132.20 131.65 131.02 130.25 129.50
140.57 140.61 140.57 140.55 140.62 140.70 140.80 141.03 141.29 141.67 142.20 142.58 142.78 143.05 143.43 143.86 143.79 143.76 143.80 143.82 143.86 143.82 143.78 143.81 143.88 144.09 144.13 144.08 144.16 144.17 144.45 144.46 144.49 144.31 144.10 143.95 144.03 143.81 143.98 144.20 144.33 144.40 144.61 145.09 145.60 146.27 146.95 147.75 148.71 149.44 149.83 149.67 148.95 147.90 146.71 145.45 144.16 142.91 141.68 140.64 139.69 138.76 137.90 137.10 136.30 135.51 134.79 134.07 133.37 132.65 131.92 131.20 130.56 129.94 129.31 128.48 127.78
138.62 138.43 138.28 138.19 138.18 138.16 138.26 138.61 139.08 139.58 140.10 140.25 140.43 140.70 141.12 141.43 141.39 141.51 141.63 141.69 141.77 141.75 141.80 141.83 141.93 142.22 142.37 142.22 142.19 142.23 142.68 142.62 142.56 142.50 142.26 142.12 142.10 142.04 142.20 142.44 142.59 142.69 142.92 143.28 143.72 144.29 144.97 145.67 146.48 147.03 147.27 147.06 146.49 145.76 144.60 143.44 142.23 141.03 139.82 138.78 137.86 137.04 136.16 135.33 134.54 133.80 133.04 132.33 131.63 130.94 130.29 129.59 128.86 128.23 127.63 126.92 126.17
136.60 136.37 135.99 135.81 135.69 135.70 135.77 136.16 136.75 137.18 137.64 137.95 138.14 138.52 138.76 138.84 139.09 139.26 139.39 139.47 139.57 139.57 139.64 139.80 140.00 140.40 140.42 140.21 140.17 140.21 140.55 140.51 140.40 140.50 140.62 140.37 140.41 140.47 140.54 140.65 140.81 140.85 141.12 141.46 141.85 142.33 142.92 143.52 143.95 144.45 144.59 144.39 143.93 143.27 142.32 141.31 140.16 139.02 137.86 136.93 136.04 135.22 134.36 133.55 132.77 132.00 131.29 130.57 129.92 129.26 128.53 127.80 127.18 126.52 125.87 125.20 124.57
134.53 134.20 133.82 133.49 133.33 133.39 133.30 133.65 134.03 134.50 134.97 135.33 135.79 136.11 136.21 136.50 136.73 136.98 137.15 137.28 137.37 137.45 137.66 137.79 137.90 138.18 138.38 138.37 138.17 138.19 138.54 138.79 138.71 138.69 138.70 138.64 138.70 138.92 138.80 138.89 139.05 139.14 139.36 139.59 139.92 140.27 140.53 140.94 141.34 141.81 141.84 141.58 141.19 140.60 139.78 138.94 137.97 136.95 135.94 135.06 134.22 133.41 132.55 131.72 130.97 130.20 129.49 128.82 128.19 127.47 126.79 126.14 125.45 124.83 124.23 123.60 123.05
132.45 132.01 131.51 131.25 131.04 130.84 130.88 131.32 131.65 132.00 132.44 132.81 133.42 133.56 133.90 134.23 134.57 134.75 134.96 135.15 135.31 135.42 135.50 135.68 135.82 135.95 136.08 136.19 136.28 136.38 136.52 136.99 137.23 136.97 136.84 136.91 137.03 137.32 137.16 137.28 137.27 137.33 137.55 137.71 137.90 138.18 138.34 138.44 138.73 139.00 139.05 138.73 138.46 137.99 137.29 136.37 135.56 134.69 133.79 133.04 132.29 131.45 130.71 129.95 129.10 128.37 127.66 127.03 126.35 125.67 125.00 124.36 123.74 123.15 122.60 122.02 121.50
130.28 130.00 129.54 129.07 128.80 128.66 128.75 129.07 129.37 129.70 130.11 130.51 130.90 131.31 131.65 132.02 132.28 132.59 132.93 133.09 133.31 133.43 133.54 133.69 133.81 133.98 134.09 134.24 134.36 134.48 134.57 134.77 135.01 135.07 135.07 135.11 135.36 135.73 135.50 135.53 135.42 135.51 135.55 135.71 135.90 136.06 136.09 136.11 136.25 136.34 136.26 136.08 135.83 135.28 134.63 133.87 133.13 132.35 131.62 130.98 130.33 129.52 128.73 127.95 127.19 126.54 125.91 125.30 124.64 123.92 123.23 122.63 122.04 121.49 121.03 120.53 120.08
128.26 127.95 127.48 127.07 126.80 126.67 126.78 127.07 127.30 127.61 128.04 128.39 128.80 129.16 129.53 129.81 130.17 130.58 130.86 130.98 131.25 131.54 131.59 131.79 131.92 132.08 132.25 132.39 132.51 132.64 132.80 132.93 133.14 133.26 133.34 133.39 133.53 133.82 133.71 133.63 133.64 133.58 133.66 133.71 133.78 133.84 133.79 133.74 133.78 133.82 133.72 133.59 133.32 132.78 132.11 131.46 130.79 130.16 129.53 128.85 128.17 127.53 126.74 126.04 125.37 124.77 124.16 123.61 122.95 122.26 121.57 121.04 120.54 119.97 119.48 118.97 118.44
126.37 125.96 125.57 125.09 124.80 124.82 124.94 125.19 125.33 125.58 126.01 126.49 126.78 127.04 127.31 127.67 128.02 128.29 128.72 128.90 129.21 129.54 129.70 129.85 130.03 130.21 130.44 130.58 130.74 130.89 131.04 131.14 131.33 131.52 131.61 131.65 131.72 131.82 131.81 131.76 131.68 131.64 131.64 131.67 131.69 131.64 131.48 131.41 131.51 131.55 131.32 131.12 130.68 130.19 129.67 129.07 128.48 127.90 127.25 126.63 125.99 125.34 124.75 124.07 123.49 122.97 122.43 121.87 121.25 120.56 119.94 119.44 118.91 118.41 117.80 117.29 116.84
124.64 124.21 123.75 123.39 123.21 123.09 123.17 123.39 123.54 123.60 123.89 124.29 124.74 124.95 125.16 125.51 125.91 126.20 126.58 126.84 127.20 127.63 127.84 128.01 128.21 128.35 128.59 128.82 128.92 129.10 129.32 129.47 129.78 129.85 129.93 129.92 129.99 130.02 130.00 129.98 129.87 129.78 129.68 129.61 129.55 129.44 129.25 129.26 129.26 129.20 128.92 128.71 128.26 127.78 127.20 126.70 126.14 125.61 125.00 124.41 123.82 123.26 122.73 122.13 121.60 121.08 120.60 120.10 119.48 118.81 118.30 117.74 117.17 116.66 116.16 115.74 115.30
123.00 122.58 122.12 121.83 121.60 121.53 121.52 121.71 121.82 121.87 122.00 122.26 122.66 122.98 123.15 123.45 123.90 124.16 124.54 124.90 125.18 125.61 125.89 126.15 126.41 126.60 126.77 127.08 127.24 127.41 127.62 127.80 128.16 128.20 128.21 128.24 128.30 128.36 128.30 128.22 128.09 127.92 127.81 127.67 127.45 127.23 127.08 126.99 126.89 126.88 126.57 126.23 125.88 125.33 124.84 124.36 123.88 123.27 122.71 122.20 121.65 121.14 120.62 120.10 119.67 119.16 118.71 118.24 117.68 117.11 116.53 115.96 115.55 115.02 114.56 114.20 113.75
121.47 121.01 120.59 120.29 120.08 120.00 119.96 120.07 120.13 120.11 120.15 120.32 120.61 121.08 121.19 121.50 122.00 122.22 122.55 122.99 123.35 123.77 124.07 124.34 124.62 124.79 124.96 125.22 125.49 125.70 125.96 126.06 126.45 126.55 126.55 126.64 126.71 126.66 126.57 126.60 126.44 126.23 125.96 125.75 125.40 125.08 124.96 124.77 124.66 124.42 124.09 123.69 123.33 122.94 122.45 121.99 121.50 121.00 120.56 120.05 119.54 119.07 118.60 118.12 117.63 117.18 116.79 116.37 115.93 115.30 114.70 114.20 113.86 113.44 112.92 112.56 112.22
119.88 119.43 119.03 118.69 118.41 118.21 118.16 118.30 118.34 118.39 118.37 118.42 118.64 119.05 119.29 119.65 119.99 120.40 120.67 121.07 121.50 121.99 122.29 122.64 122.96 123.05 123.17 123.43 123.69 124.00 124.32 124.42 124.76 124.93 124.94 125.00 125.11 125.08 125.01 124.89 124.76 124.64 124.30 123.92 123.45 123.09 122.85 122.69 122.40 122.12 121.76 121.30 120.88 120.47 120.09 119.64 119.17 118.73 118.32 117.90 117.43 117.00 116.54 116.09 115.65 115.24 114.86 114.50 114.07 113.54 112.99 112.55 112.26 111.75 111.32 110.98 110.68
118.32 117.89 117.49 117.11 116.78 116.56 116.46 116.43 116.41 116.44 116.61 116.63 116.72 117.00 117.30 117.77 118.14 118.57 118.86 119.26 119.79 120.24 120.63 120.87 121.08 121.22 121.42 121.64 121.97 122.26 122.56 122.83 123.17 123.34 123.41 123.42 123.55 123.59 123.47 123.36 123.13 122.93 122.58 122.31 121.86 121.47 120.90 120.54 120.22 119.86 119.46 118.98 118.49 118.07 117.67 117.23 116.84 116.49 116.08 115.74 115.33 114.93 114.56 114.13 113.66 113.27 112.91 112.57 112.18 111.75 111.33 110.96 110.62 110.21 109.78 109.44 109.14
116.78 116.33 115.85 115.55 115.18 114.94 114.81 114.80 114.73 114.70 114.76 114.82 114.91 115.14 115.43 115.79 116.24 116.68 117.16 117.55 117.96 118.35 118.79 119.01 119.26 119.53 119.75 119.99 120.28 120.63 120.93 121.25 121.62 121.83 121.88 121.88 121.96 122.08 121.99 121.87 121.64 121.41 121.02 120.67 120.26 119.75 119.13 118.68 118.31 117.85 117.30 116.71 116.20 115.73 115.34 114.89 114.53 114.21 113.91 113.57 113.28 112.93 112.53 112.11 111.69 111.31 111.06 110.73 110.25 109.87 109.48 109.16 108.93 108.64 108.24 107.93 107.61
115.30 114.81 114.38 113.98 113.69 113.43 113.32 113.23 113.15 113.07 112.99 113.00 113.07 113.31 113.65 114.01 114.38 114.86 115.23 115.63 116.11 116.64 116.99 117.22 117.59 117.90 118.20 118.41 118.68 119.05 119.37 119.73 120.09 120.20 120.25 120.34 120.45 120.50 120.40 120.31 120.12 119.90 119.53 119.18 118.80 118.25 117.68 117.09 116.56 115.95 115.29 114.61 113.98 113.45 113.04 112.74 112.37 112.05 111.73 111.45 111.17 110.88 110.46 110.08 109.72 109.37 109.05 108.76 108.41 108.05 107.74 107.48 107.22 106.94 106.66 106.31 105.99
113.97 113.44 112.96 112.55 112.26 112.04 111.91 111.81 111.63 111.56 111.35 111.20 111.23 111.56 111.99 112.44 112.78 113.14 113.50 113.91 114.33 114.71 115.20 115.50 115.96 116.40 116.66 116.80 117.01 117.38 117.73 118.14 118.38 118.47 118.68 118.81 118.93 118.95 118.82 118.75 118.64 118.41 118.14 117.84 117.41 116.91 116.33 115.64 114.96 114.23 113.41 112.68 111.96 111.40 110.97 110.57 110.20 109.89 109.60 109.37 109.08 108.76 108.43 108.11 107.76 107.44 107.10 106.79 106.54 106.34 106.06 105.78 105.52 105.16 104.90 104.63 104.40
112.72 112.22 111.75 111.29 110.96 110.74 110.56 110.50 110.30 110.09 109.90 109.69 109.66 110.10 110.65 111.01 111.28 111.64 111.93 112.34 112.66 113.02 113.42 113.85 114.44 114.70 115.05 115.28 115.55 115.75 116.03 116.32 116.66 116.88 117.00 117.19 117.41 117.43 117.39 117.29 117.17 117.05 116.89 116.63 116.18 115.70 115.08 114.39 113.62 112.78 111.91 110.98 110.07 109.46 109.03 108.54 108.20 107.89 107.56 107.26 106.94 106.66 106.36 106.12 105.86 105.52 105.29 104.98 104.79 104.53 104.33 104.16 103.88 103.56 103.30 103.08 102.89
