project/src/data/BOM_climate/monthly_mean_rainfall/rainjan.txt
ncols 886
nrows 691
xllcenter 112.0000
yllcenter -44.5000
cellsize 0.0500
nodata_value 99999.90
[rows 442 to 475 of 691, columns 693 to 769 of 886]
46.56 46.62 47.03 47.77 48.72 49.45 49.88 49.97 49.97 49.91 50.25 50.32 50.79 50.98 50.91 50.75 50.63 50.48 50.33 50.19 50.33 50.58 50.94 51.36 51.71 52.23 52.85 53.41 54.10 54.84 55.54 55.90 56.47 57.88 58.06 57.71 57.55 57.35 57.46 57.71 57.62 58.42 59.08 59.08 60.42 60.66 59.91 60.03 60.53 61.10 62.05 62.53 64.91 66.52 67.18 71.04 71.38 70.62 71.98 72.84 73.41 72.82 74.25 72.55 71.71 71.92 68.26 67.26 70.13 68.87 72.11 74.76 73.55 76.14 70.36 74.08 78.55
46.13 46.73 47.13 47.88 48.89 49.36 49.23 49.31 49.70 49.94 50.11 50.37 50.99 51.10 51.07 50.99 50.51 50.29 50.23 50.11 50.25 50.61 50.94 51.37 51.83 52.25 52.83 53.40 54.11 54.71 55.45 55.85 56.15 57.21 57.26 57.10 57.01 57.00 56.90 56.90 57.31 57.61 57.97 58.11 58.94 59.15 58.29 59.97 61.18 61.95 62.66 62.97 65.15 68.44 68.86 71.52 73.12 72.72 73.33 72.35 73.75 73.40 74.38 72.35 69.92 70.40 68.86 67.02 68.85 67.45 70.48 70.08 70.69 71.64 69.56 74.14 74.84
45.59 46.85 47.53 48.19 48.69 49.01 49.28 49.29 49.49 49.98 50.23 50.47 50.88 51.45 51.72 51.64 50.81 50.36 50.19 50.04 50.33 50.62 50.97 51.45 51.89 52.40 52.88 53.36 53.87 54.51 55.08 55.75 56.21 56.94 56.95 57.06 57.39 57.38 57.05 56.87 57.37 57.73 57.17 57.16 57.47 57.62 59.35 59.24 61.05 62.90 64.88 63.77 65.04 67.21 71.66 72.31 72.35 73.77 73.51 72.95 73.05 73.77 72.24 70.43 68.94 68.28 68.68 67.83 66.75 67.52 68.40 68.42 70.23 69.82 70.48 73.99 73.45
45.46 47.82 47.83 48.56 48.74 48.90 49.14 49.26 49.69 50.55 50.51 50.73 50.99 51.27 51.96 52.59 51.79 50.57 50.18 50.14 50.44 50.80 51.21 51.56 51.87 52.37 52.74 53.18 53.61 54.31 54.70 55.28 55.92 56.35 56.99 58.36 58.42 58.57 58.51 57.92 58.25 58.89 59.01 58.45 57.81 58.17 60.64 60.02 60.72 63.32 65.39 65.78 65.82 68.51 71.68 71.11 70.44 70.57 71.17 73.28 73.56 72.87 70.23 70.69 70.83 70.15 67.81 67.78 67.07 68.31 67.93 68.45 70.19 70.52 71.29 73.89 73.80
45.34 47.20 47.09 47.93 48.46 48.70 49.05 49.43 49.96 51.15 50.98 51.22 51.28 51.48 51.83 52.63 52.14 51.26 50.58 50.31 50.61 51.01 51.38 51.69 51.98 52.24 52.53 52.84 53.16 53.86 54.21 54.84 55.77 56.52 57.85 59.04 59.64 59.59 59.32 58.05 58.41 59.79 60.27 59.72 58.72 58.47 59.88 61.22 61.76 62.53 64.70 67.05 67.57 70.18 70.03 69.04 69.47 69.26 69.33 70.41 71.51 71.65 70.44 70.46 70.00 70.19 69.68 68.71 68.28 69.77 69.15 69.35 70.19 71.69 71.97 74.27 75.12
45.50 46.42 46.68 47.16 47.86 48.72 49.25 49.66 50.41 51.71 51.62 51.79 51.77 51.99 52.56 52.82 52.48 51.55 51.09 50.83 50.98 51.20 51.54 51.74 51.84 52.02 52.23 52.40 52.69 53.20 54.24 54.92 55.94 56.95 60.05 62.32 61.35 60.67 60.37 59.17 58.43 59.24 60.14 60.34 59.31 59.73 59.64 61.74 63.78 64.56 65.97 67.97 66.15 67.67 67.04 67.45 66.99 68.10 69.40 69.27 70.61 73.17 71.19 71.79 70.87 69.68 69.41 69.44 69.12 69.18 70.27 70.94 71.62 72.97 73.34 75.32 75.30
45.33 45.83 47.56 47.91 48.58 49.17 49.42 50.19 51.43 52.52 52.40 52.07 52.30 52.33 52.61 53.30 53.16 52.43 51.81 51.20 51.19 51.36 51.64 51.60 51.58 51.68 51.76 51.85 52.12 52.64 53.45 54.45 55.72 57.08 60.37 62.43 62.36 62.12 60.93 59.78 59.00 58.45 58.53 58.76 58.80 60.01 60.42 61.97 64.83 66.50 67.61 67.24 65.09 64.65 64.89 67.52 67.98 68.11 70.14 69.28 69.60 71.33 73.31 73.02 72.41 71.27 70.45 71.17 71.69 70.65 71.52 72.92 73.13 73.48 74.53 75.25 75.09
45.15 45.89 46.59 48.92 49.41 49.56 50.27 51.35 51.68 52.10 52.57 52.82 53.29 52.91 52.59 52.85 53.27 53.55 52.84 51.60 51.17 51.22 51.19 51.11 51.08 51.15 51.18 51.26 51.49 52.06 52.85 53.92 55.46 57.27 59.67 61.99 63.45 62.74 61.35 60.67 60.68 58.79 58.32 57.61 58.63 58.32 59.22 62.33 64.24 66.90 68.24 66.26 64.37 65.44 67.19 69.39 67.76 68.60 71.04 69.81 69.23 69.42 70.09 71.30 72.86 72.37 71.34 72.36 70.53 71.14 71.88 73.65 74.61 74.55 76.40 76.33 76.75
44.48 45.73 46.72 47.93 50.94 50.09 51.72 52.15 52.13 52.56 53.12 53.41 54.30 53.43 52.85 52.96 53.31 54.05 52.85 51.47 51.00 50.90 50.90 50.70 50.73 50.48 50.53 50.67 50.94 51.64 52.57 53.66 55.88 57.19 59.53 62.14 62.59 62.69 62.14 61.70 61.33 59.25 58.92 58.71 57.64 57.31 58.33 62.24 63.45 66.17 69.16 67.52 65.13 65.82 69.48 70.91 69.32 67.34 68.32 68.52 69.81 69.19 69.79 71.67 73.86 72.30 71.79 72.22 70.88 71.29 73.31 74.82 76.23 75.97 76.73 77.59 78.52
44.17 45.34 46.49 47.14 47.68 50.11 51.97 51.64 51.81 53.09 53.60 54.26 55.24 54.01 53.30 53.07 53.51 53.08 52.08 51.15 50.71 51.03 51.06 50.26 50.39 49.97 49.86 49.99 50.25 51.01 52.03 53.31 54.71 56.22 59.04 62.26 62.66 63.66 63.19 62.94 62.86 60.01 59.51 59.63 60.61 60.72 57.30 59.55 62.53 63.83 66.57 66.49 64.30 66.08 70.22 71.54 71.85 67.86 68.13 67.90 68.75 69.01 70.65 72.65 72.71 74.86 73.47 72.31 72.57 71.02 74.14 75.96 76.46 75.41 75.83 78.87 78.86
43.73 45.23 46.44 46.52 46.99 48.81 52.01 51.99 52.55 53.72 54.64 54.50 55.23 54.44 53.68 53.54 53.29 52.31 51.31 50.67 50.23 50.61 50.08 49.92 49.75 49.21 49.35 49.46 49.56 50.16 51.24 52.44 54.46 56.88 59.90 62.20 63.53 65.12 64.14 64.87 63.75 60.63 60.15 60.77 61.03 59.72 57.80 58.00 58.87 62.59 62.11 62.89 62.52 63.32 67.37 68.75 69.50 69.17 70.05 67.85 68.56 69.49 69.03 69.38 71.29 73.57 74.18 74.28 71.31 73.06 74.81 77.03 76.40 77.64 77.10 78.64 79.67
43.22 44.12 45.04 46.17 46.17 48.33 50.12 50.06 51.30 52.11 54.63 53.90 54.61 54.45 53.90 53.02 51.97 51.05 50.38 50.17 50.11 49.57 49.23 49.44 49.12 48.57 48.74 48.69 49.11 49.71 50.62 51.99 53.56 57.19 62.36 61.35 61.89 62.42 62.65 62.47 61.55 60.70 61.62 62.19 61.56 60.37 59.10 59.89 60.68 59.50 60.62 63.57 62.97 65.49 64.87 67.16 69.86 70.74 73.83 68.67 67.59 69.95 70.64 69.05 68.95 69.03 70.66 72.26 71.94 71.36 74.06 78.56 77.73 80.23 75.70 78.43 81.26
42.95 43.38 44.06 44.70 45.46 46.99 49.36 48.77 50.17 50.57 52.15 52.77 53.08 53.49 53.00 52.02 51.01 50.42 50.19 49.67 50.38 49.29 48.68 48.81 48.99 48.03 48.03 48.29 49.07 49.56 50.21 51.73 52.80 56.03 64.11 59.96 59.69 60.75 61.39 62.15 61.03 61.32 63.14 62.97 62.95 60.40 58.61 60.02 61.03 59.94 59.26 61.57 65.20 67.17 69.07 66.15 67.21 69.60 73.20 73.26 69.23 69.06 68.79 70.77 69.41 69.65 69.55 70.73 73.06 74.39 74.89 80.74 86.44 77.97 75.98 83.61 80.88
43.60 43.07 43.37 43.96 44.76 45.87 47.44 47.72 48.72 49.36 51.03 51.15 51.60 52.29 52.12 51.66 50.68 49.90 50.44 49.83 48.99 49.40 48.29 48.69 48.05 47.39 47.51 47.88 48.28 48.69 49.62 51.16 52.48 55.15 62.42 58.99 59.33 61.07 60.40 61.36 60.47 60.96 62.88 63.23 64.38 60.97 59.98 59.63 61.66 61.64 60.05 60.42 60.83 66.71 70.88 68.09 67.71 68.01 70.18 71.55 72.43 71.82 68.53 67.92 68.48 67.95 68.15 68.38 70.14 72.19 74.95 79.14 79.38 76.58 82.70 86.54 83.61
43.92 42.50 42.70 43.31 44.00 44.81 45.75 46.42 47.60 48.39 49.23 49.58 50.22 50.98 51.62 51.68 50.55 49.83 50.33 48.84 47.99 48.08 48.10 47.82 46.97 46.84 47.81 47.30 47.58 48.18 49.35 50.40 51.53 53.97 59.80 58.41 59.02 59.98 59.62 60.77 60.65 60.31 61.40 62.62 64.02 62.61 61.03 60.42 61.27 61.12 60.83 59.75 60.13 67.03 72.04 72.90 73.32 69.92 68.96 69.78 73.03 72.86 70.21 66.75 66.19 65.62 65.51 65.89 67.75 69.75 72.53 76.03 77.54 80.53 83.49 84.15 85.22
41.52 41.56 42.01 42.57 43.30 44.01 44.80 45.52 46.38 47.65 47.97 48.85 49.52 50.34 51.41 50.95 49.67 48.96 48.07 47.15 46.78 46.76 46.95 46.88 46.47 46.34 46.89 46.50 47.06 47.59 48.40 49.71 50.80 52.70 57.29 59.06 58.38 58.47 59.23 60.97 61.61 60.34 61.18 61.61 62.86 61.58 60.57 60.52 60.14 60.47 63.31 59.54 59.46 65.41 69.93 71.19 71.70 73.42 72.48 71.38 71.62 71.43 70.80 67.37 66.93 65.32 65.07 68.06 66.96 69.18 70.90 72.25 75.37 78.41 86.34 84.30 82.53
40.42 40.88 41.42 42.04 42.97 43.31 44.56 44.94 45.53 46.13 46.85 47.75 48.65 49.72 50.13 49.75 48.65 47.71 46.56 45.88 45.57 45.30 45.15 45.53 45.60 45.71 45.84 45.82 46.50 47.03 47.88 48.57 49.85 51.65 56.67 60.44 58.01 58.67 59.47 60.53 61.21 60.24 60.40 61.61 61.78 60.11 59.73 59.89 59.65 59.81 62.02 60.36 57.61 60.59 64.38 65.85 66.48 68.98 69.32 69.96 71.43 70.38 68.14 68.12 69.20 67.01 66.82 69.34 68.24 68.21 70.20 75.29 77.87 80.55 82.56 82.96 84.47
40.16 41.14 40.91 41.00 41.35 41.97 43.44 43.78 44.32 45.04 46.06 47.13 47.27 47.86 48.78 48.47 47.30 46.13 45.02 44.44 44.51 44.56 44.15 44.00 44.01 44.72 45.62 45.61 46.06 47.06 47.67 48.79 49.41 51.72 57.24 58.41 58.75 60.43 62.66 60.49 60.56 60.15 60.80 61.57 60.27 59.51 59.85 59.51 59.01 59.00 59.15 58.58 57.41 58.67 61.46 63.64 63.56 65.79 67.56 68.69 69.32 65.56 68.60 67.42 67.98 69.90 67.44 67.26 66.55 66.34 70.48 76.26 73.81 77.86 79.87 82.62 84.05
39.63 39.89 39.49 39.68 40.04 40.68 41.96 42.45 42.98 44.07 45.57 45.50 44.85 45.21 45.88 46.05 45.18 44.31 43.47 43.44 43.56 44.00 44.00 43.08 42.74 44.06 44.38 45.15 46.15 46.71 47.89 49.33 49.59 51.48 54.38 57.25 60.87 62.94 64.48 61.60 61.03 60.84 62.00 61.12 59.83 59.32 59.78 60.51 61.33 63.67 62.90 60.39 57.49 59.71 63.54 65.75 65.69 66.20 68.42 69.34 61.89 66.10 69.58 70.32 71.12 76.73 70.44 65.10 65.10 65.66 66.44 71.73 70.25 79.06 82.17 84.49 84.23
38.84 38.75 38.87 38.91 39.20 39.94 40.72 41.30 41.84 42.91 44.01 43.79 43.29 43.26 43.47 43.98 43.13 42.63 42.14 43.70 42.58 42.05 42.35 41.87 41.90 42.69 43.51 44.38 45.48 45.99 48.16 49.17 49.08 50.84 53.49 56.81 60.78 63.15 63.61 61.43 60.75 62.28 61.59 60.91 60.24 59.98 60.13 60.25 63.57 67.17 69.77 61.73 60.11 57.38 59.48 62.61 60.24 60.39 58.87 62.35 58.99 60.81 65.29 70.47 75.17 73.70 71.96 67.57 65.88 65.94 65.55 66.31 74.84 79.87 84.04 90.83 91.32
38.49 39.00 38.99 39.09 38.52 38.94 39.57 40.13 40.76 41.34 41.92 41.84 41.79 41.69 41.57 42.27 41.71 41.06 40.67 41.31 41.17 40.68 40.73 40.55 41.20 42.35 43.78 43.64 44.44 45.53 47.79 49.19 48.62 50.65 51.96 55.23 57.28 61.67 61.14 61.80 60.06 60.85 59.27 60.45 60.59 60.37 61.82 61.57 65.11 69.65 72.86 64.20 59.21 59.88 59.51 57.16 61.52 63.50 61.75 62.02 62.44 61.56 62.00 63.28 69.18 70.59 70.28 70.54 74.89 70.40 67.33 68.49 75.76 81.44 86.40 92.35 93.52
38.34 38.71 39.99 39.42 38.68 38.50 38.94 39.38 39.91 40.26 40.50 40.55 40.45 40.24 40.11 40.11 40.04 39.63 39.44 39.19 39.21 39.05 39.20 40.14 41.50 41.55 42.27 42.61 43.65 45.49 47.59 47.53 49.53 50.65 51.67 54.89 57.10 61.25 60.76 60.25 59.70 57.32 58.63 60.43 62.35 62.09 62.58 63.56 65.18 70.26 71.42 63.97 60.46 61.48 65.24 62.64 57.14 57.36 60.08 61.71 68.49 69.83 66.87 66.00 68.09 68.22 71.53 71.74 70.71 69.86 70.85 78.11 84.08 88.53 87.74 89.48 92.15
38.28 38.62 39.93 38.81 38.46 38.66 38.58 38.76 39.05 39.19 39.44 39.59 39.28 39.09 39.17 38.86 38.68 38.52 38.70 38.26 38.22 38.13 38.20 38.88 40.77 39.96 40.83 41.98 43.20 44.58 45.72 46.97 48.60 50.13 53.61 56.38 56.92 59.36 59.75 58.22 56.75 55.79 58.35 59.94 61.53 63.41 65.86 66.38 66.45 72.02 70.17 66.60 63.74 64.49 65.88 62.29 59.26 57.14 57.31 59.22 62.36 67.64 70.11 72.64 69.06 71.74 70.54 74.26 74.82 76.50 81.64 86.98 90.07 93.68 95.28 97.85 91.65
38.31 38.35 38.39 38.59 38.30 38.61 39.22 38.85 38.11 38.41 38.52 39.24 38.54 38.11 38.02 38.12 37.83 37.59 37.52 37.46 37.43 37.30 37.43 38.17 38.76 39.37 40.46 41.50 42.80 43.92 45.20 47.11 49.25 51.02 54.42 55.06 56.16 56.43 57.94 57.00 54.80 56.72 58.63 58.94 61.12 65.03 67.71 71.21 70.67 74.09 72.86 70.70 66.43 66.89 65.96 60.15 63.79 61.41 60.71 59.20 60.63 65.56 68.55 74.20 71.07 72.59 71.63 75.29 78.49 83.20 81.96 87.47 97.01 100.66 103.89 105.50 107.47
38.20 38.53 38.52 38.77 38.53 38.44 38.66 38.19 37.67 37.56 37.82 38.48 37.66 37.41 37.60 37.24 37.25 36.88 36.67 36.70 36.66 36.60 36.66 37.27 37.90 38.78 39.90 41.38 42.55 43.11 44.55 46.05 48.62 52.65 51.45 52.67 55.56 54.90 55.28 57.02 54.59 56.77 57.41 58.97 61.50 68.36 70.88 74.83 75.34 75.17 73.90 71.72 69.91 67.46 65.70 61.46 65.20 66.69 63.62 61.87 62.44 64.19 67.21 74.76 77.24 76.92 73.08 74.86 80.83 84.22 88.37 93.16 101.20 106.27 111.38 115.18 116.60
38.52 38.14 38.94 39.24 38.88 38.18 37.77 37.31 37.16 36.84 36.80 37.12 37.31 36.88 37.24 36.73 36.68 36.44 36.24 36.24 36.15 36.03 35.90 37.19 37.01 37.95 39.00 40.33 41.06 41.94 43.33 44.97 46.78 49.80 50.44 49.92 51.04 52.01 52.83 53.28 54.62 56.07 57.51 59.75 64.62 70.00 77.72 79.41 76.95 74.73 73.58 72.69 70.84 68.80 65.05 63.06 62.45 63.65 62.24 62.70 62.74 64.92 70.29 75.19 78.35 78.70 75.82 76.40 80.57 84.74 94.47 99.05 103.63 110.04 116.47 121.29 121.88
38.10 38.16 38.67 38.94 39.00 38.07 37.81 37.17 36.61 36.30 36.13 36.24 37.01 37.23 38.51 36.39 36.46 36.14 36.05 35.93 35.73 35.52 35.63 35.74 36.44 37.27 38.18 39.13 40.24 41.29 42.46 43.77 45.25 47.77 49.94 49.42 50.98 54.67 55.14 54.48 55.51 57.39 59.06 60.60 65.05 68.43 74.40 74.98 74.64 74.10 73.23 73.03 71.96 70.93 67.51 68.17 64.40 62.08 62.37 62.18 63.78 64.59 67.17 74.45 77.38 82.41 80.03 77.64 78.81 83.77 94.11 101.13 106.32 113.24 120.88 125.40 126.96
38.33 38.82 39.15 38.58 37.98 37.41 36.90 36.34 36.08 36.02 35.61 35.62 36.06 37.39 36.25 36.02 35.90 35.72 35.63 35.64 35.47 35.33 36.31 35.52 36.22 36.95 37.77 38.70 39.67 40.88 42.17 43.22 44.39 45.63 47.05 49.12 51.39 56.75 57.60 54.91 54.82 57.15 58.13 58.91 62.43 65.87 68.53 70.54 72.23 73.12 72.46 72.84 72.17 71.47 71.90 70.30 65.50 63.59 65.26 62.90 64.51 65.26 68.49 73.89 77.55 75.38 79.33 81.00 79.49 84.22 92.93 101.67 108.63 116.52 125.71 132.99 134.88
37.55 39.12 40.31 38.50 37.33 36.62 36.28 35.89 35.65 35.75 35.21 35.29 35.84 36.94 35.82 35.77 35.57 35.48 35.48 35.49 35.49 36.02 36.55 35.81 36.20 36.76 37.54 38.36 39.42 40.68 42.96 43.25 44.71 45.31 46.48 48.82 50.06 52.13 53.96 53.86 53.73 55.39 55.70 56.05 60.14 62.55 65.07 66.72 69.35 72.25 71.34 72.08 71.38 71.07 71.81 67.63 66.47 66.05 65.34 65.45 65.00 65.49 67.54 70.96 71.62 72.89 74.88 77.32 79.21 84.80 92.75 100.53 109.88 119.41 129.40 136.98 138.90
36.86 37.70 38.54 37.84 37.11 36.77 36.21 35.79 35.50 35.02 34.94 35.24 35.68 36.65 36.16 35.47 35.40 35.38 35.45 35.51 35.56 36.35 36.40 36.60 36.47 36.88 37.41 38.16 39.14 40.42 42.42 43.53 44.40 45.61 46.59 47.42 49.59 50.11 51.51 52.38 53.07 54.07 54.01 55.90 58.19 60.07 60.91 64.51 67.80 70.84 69.48 70.54 70.83 71.41 69.74 68.03 68.08 66.41 68.82 66.75 67.52 67.31 67.30 68.60 69.95 70.95 75.15 79.31 81.99 83.84 89.33 99.79 111.89 119.34 132.49 140.46 139.59
35.89 36.78 36.88 36.24 35.48 35.12 34.98 35.16 34.76 34.61 34.77 35.07 36.00 36.58 36.33 35.47 35.37 35.53 35.64 35.75 35.93 36.57 37.87 37.63 36.95 37.60 37.84 38.51 39.34 40.15 41.36 43.39 44.79 46.14 46.63 47.51 48.63 49.22 50.64 51.74 52.96 53.94 54.85 57.28 57.26 57.93 61.68 64.42 67.70 68.90 68.33 69.83 70.70 71.19 70.16 70.38 69.70 69.06 71.33 69.08 69.67 69.61 71.35 73.50 73.12 74.19 75.97 81.48 85.53 88.04 89.75 99.95 112.32 123.48 119.54 133.12 128.46
35.57 36.06 35.90 35.37 34.87 34.73 34.26 34.23 34.36 34.70 34.73 34.99 35.68 36.59 35.83 35.51 35.45 35.64 35.86 36.07 36.79 36.89 37.98 38.73 37.91 38.51 38.87 39.03 40.17 40.61 41.73 43.42 45.42 47.23 47.50 48.24 48.49 49.26 50.20 51.45 53.75 56.53 56.60 58.50 59.27 60.45 64.17 65.90 67.64 67.32 68.83 71.29 70.78 71.00 71.34 71.16 70.90 71.20 72.30 73.28 71.98 71.43 74.17 75.50 77.12 78.90 80.06 84.06 87.12 86.43 88.59 97.62 114.12 126.51 128.09 140.00 131.33
35.06 35.22 35.22 35.02 34.53 34.91 34.38 34.46 34.73 34.92 34.76 34.99 35.41 36.23 36.16 35.87 35.76 35.94 36.22 36.52 37.08 37.70 38.54 38.85 39.09 39.09 40.24 39.87 40.68 41.35 42.82 44.53 45.22 46.06 49.80 50.88 50.17 50.04 49.79 50.43 52.16 55.39 56.45 57.82 59.30 61.66 64.18 67.13 67.84 67.76 70.06 70.64 70.97 70.64 70.82 71.17 71.21 70.73 71.33 71.31 72.67 74.28 75.82 76.92 78.00 79.99 82.03 87.00 93.45 91.73 88.71 94.83 109.09 128.61 134.52 135.26 136.78
34.77 35.37 35.14 35.02 34.45 34.32 34.63 34.90 35.18 35.34 35.02 35.23 35.46 35.64 35.86 35.99 36.17 36.48 36.80 37.14 37.70 38.09 38.60 39.04 39.93 40.43 41.47 41.12 42.36 41.99 44.33 45.43 45.68 48.34 52.63 50.82 52.40 50.47 50.24 49.84 51.09 53.49 54.21 55.97 58.78 61.86 64.22 66.89 67.39 67.70 67.61 68.08 69.21 69.50 69.71 69.26 70.63 70.35 70.19 71.93 73.05 74.14 75.57 76.87 78.33 80.86 84.61 91.96 96.64 97.37 92.30 90.83 107.86 109.85 106.64 134.82 130.19
