project/src/data/BOM_climate/monthly_mean_rainfall/rainoct.txt
ncols 886
nrows 691
xllcenter 112.0000
yllcenter -44.5000
cellsize 0.0500
nodata_value 99999.90
[rows 525 to 559 of 691, columns 632 to 710 of 886]
36.00 36.34 35.98 36.33 36.20 35.31 34.81 34.60 34.72 34.80 34.93 35.23 35.54 36.08 36.49 37.04 37.58 38.06 38.56 38.91 39.10 39.20 39.25 39.28 39.22 38.82 38.52 38.41 38.26 38.23 38.35 38.49 38.74 39.07 39.44 39.69 39.94 40.35 40.62 40.92 41.58 41.87 42.35 42.71 42.93 42.93 43.10 43.89 46.24 48.87 49.48 51.90 54.21 49.71 51.23 52.82 55.13 60.23 66.84 71.98 72.15 71.49 75.10 81.31 79.29 84.48 78.08 71.97 73.81 74.17 76.64 83.75 91.87 80.55 88.72 83.21 92.40 100.67 109.46
39.44 39.11 38.72 37.68 37.03 36.34 35.82 35.75 35.92 36.08 36.20 36.42 36.67 37.07 37.46 37.95 38.34 38.87 39.30 39.69 39.89 40.07 40.14 40.20 39.94 39.55 39.27 38.93 38.77 38.71 38.76 39.01 39.26 39.56 40.11 40.35 40.57 41.00 41.19 41.28 41.50 42.82 43.43 43.71 43.68 44.04 44.24 44.51 45.36 46.77 48.14 54.85 60.27 50.99 51.49 53.46 55.66 58.52 62.84 68.15 71.42 71.48 74.76 79.90 85.41 80.71 74.69 83.33 89.89 75.30 81.65 92.31 93.56 83.35 93.25 92.38 87.78 96.43 106.36
40.57 39.68 38.60 38.16 37.99 37.17 36.83 36.86 37.11 37.35 37.40 37.58 37.89 38.15 38.44 38.82 39.14 39.59 40.04 40.50 40.61 40.80 40.92 40.96 40.74 40.26 39.87 39.60 39.24 39.11 39.18 39.32 39.67 40.07 40.47 40.82 41.16 41.60 41.73 41.80 42.06 45.26 47.61 47.70 45.82 45.47 45.72 48.11 49.15 47.35 49.56 52.77 63.93 52.50 52.16 53.90 56.14 58.65 62.19 68.49 77.03 78.89 86.00 95.34 85.59 81.43 81.63 97.65 88.55 78.85 89.44 101.32 97.61 89.42 86.75 93.52 96.20 93.69 101.02
40.16 41.07 39.08 39.31 38.85 37.95 37.73 37.80 38.24 38.47 38.43 38.68 38.88 38.96 39.21 39.49 39.83 40.24 40.66 41.07 41.37 41.57 41.92 42.74 42.46 40.91 40.53 40.10 39.77 39.66 39.58 39.76 40.08 40.54 41.14 41.47 41.62 42.21 42.44 42.49 42.79 44.54 45.95 45.54 46.86 47.10 47.22 50.02 50.37 49.82 54.54 50.98 60.32 54.39 52.92 54.71 56.97 59.15 62.82 67.21 75.16 82.50 91.91 103.94 103.20 90.40 92.32 116.40 97.70 83.60 97.17 103.69 95.89 89.70 94.53 100.60 103.09 100.26 96.14
40.32 40.52 40.01 42.39 39.31 38.51 39.01 38.78 39.10 39.37 39.43 39.49 39.58 39.63 39.69 40.57 40.68 40.92 41.30 41.92 42.13 42.36 43.22 44.83 42.42 41.66 41.29 40.97 40.62 40.34 40.25 40.55 40.83 41.20 41.83 42.22 42.49 42.99 43.16 43.14 43.61 44.41 46.24 47.02 47.83 48.63 49.13 50.65 51.43 50.84 50.82 52.00 59.02 55.26 54.74 56.34 58.46 60.52 63.14 67.17 71.06 73.28 86.12 104.05 106.61 91.33 97.19 101.67 92.65 88.55 103.24 108.36 96.14 93.13 93.54 97.59 102.41 100.96 101.37
40.37 42.44 40.19 39.65 39.23 39.89 40.26 39.81 39.84 40.13 40.15 40.26 40.23 40.38 41.13 42.14 42.49 42.14 42.02 42.46 42.66 43.21 44.45 46.20 43.28 42.61 42.33 41.87 41.67 42.07 41.30 41.64 42.17 42.50 42.90 43.10 43.67 44.25 44.60 44.53 45.46 47.13 49.03 50.50 52.16 52.28 52.80 52.43 52.93 53.15 55.09 56.43 60.85 57.62 58.47 59.82 61.64 63.93 67.23 71.79 71.93 77.82 90.71 91.26 92.33 90.81 103.32 122.92 101.94 91.41 110.31 113.70 104.65 103.40 104.67 94.80 97.26 97.33 99.68
41.02 43.78 43.08 40.27 40.21 41.85 41.04 40.46 40.67 40.91 41.12 41.06 41.48 41.60 42.18 43.72 43.83 43.28 42.96 43.05 43.29 44.09 45.53 47.51 43.72 43.33 43.05 43.14 43.81 43.02 41.93 43.12 43.64 43.70 44.00 44.47 45.13 45.79 46.27 46.68 47.61 48.34 51.11 53.00 54.00 56.14 56.50 55.94 56.10 57.05 59.17 64.41 64.47 60.31 62.06 63.49 64.83 68.53 72.70 76.68 75.95 82.09 82.28 89.10 98.20 99.04 99.56 110.73 105.91 98.02 106.01 121.53 108.97 110.00 109.61 100.76 98.13 99.82 97.44
41.82 44.60 45.32 42.34 42.86 41.52 41.02 41.37 41.60 41.99 42.10 42.11 42.67 43.70 44.26 44.06 43.63 43.38 43.33 43.57 44.00 44.98 46.59 47.65 44.30 44.17 44.32 45.22 46.56 45.56 44.58 45.49 44.73 44.85 45.09 45.83 46.60 47.46 48.51 49.34 49.87 50.57 52.76 55.10 57.64 60.01 60.38 60.50 59.33 59.61 63.34 67.68 69.52 64.42 69.25 67.64 69.02 75.56 80.14 83.12 85.42 93.24 89.30 89.91 95.66 98.70 99.41 107.27 108.40 116.83 102.43 119.92 116.63 122.80 116.00 108.04 104.28 100.70 108.04
43.03 43.95 42.34 42.59 41.81 41.70 41.76 41.97 42.49 43.23 43.44 43.50 43.37 45.07 44.64 44.23 43.96 44.00 43.92 44.18 45.04 46.03 47.20 47.16 44.93 45.02 45.56 46.86 48.42 47.46 47.86 46.64 46.11 46.31 46.56 47.24 47.89 49.14 49.90 51.00 52.17 53.50 57.00 59.96 64.27 67.36 65.76 64.41 63.04 62.82 64.96 67.69 71.85 70.41 78.36 75.98 77.39 79.72 85.38 86.54 95.84 97.78 92.75 107.76 104.51 99.62 108.58 121.60 119.48 120.63 113.03 107.39 125.73 128.10 124.17 114.47 110.87 107.80 111.00
43.18 43.88 42.62 41.55 41.60 41.99 42.41 42.84 43.88 44.62 44.74 45.48 44.95 46.16 45.60 45.57 45.72 45.58 44.81 44.95 45.89 46.85 47.96 47.35 46.11 46.49 47.07 48.77 48.09 47.18 47.05 47.67 47.15 47.45 47.54 48.17 49.37 50.57 51.31 52.36 54.17 56.99 67.25 69.92 75.82 72.62 73.68 72.66 65.87 66.25 70.37 78.51 78.70 79.09 83.77 82.06 80.85 80.40 88.96 99.03 99.52 96.44 105.32 137.88 136.74 110.33 102.87 109.58 118.67 123.98 124.56 107.83 111.30 121.82 137.85 135.65 115.90 106.45 108.14
43.42 45.31 42.48 41.48 42.40 43.45 43.16 43.90 45.32 46.49 46.21 46.55 47.10 47.98 47.45 47.31 46.94 45.84 45.33 45.65 46.46 48.15 48.92 48.32 47.69 49.04 48.56 50.51 49.98 49.35 47.85 47.94 48.27 48.32 48.76 49.52 50.42 52.08 54.39 54.77 59.37 62.15 71.92 77.87 82.81 78.64 83.00 69.99 66.68 69.29 72.26 82.83 88.99 90.76 88.25 92.24 82.78 86.68 96.15 109.87 103.46 97.94 107.35 146.65 149.04 112.54 112.02 115.37 114.87 120.75 126.70 114.69 115.19 135.89 164.51 156.19 136.00 116.70 114.82
44.64 44.63 43.32 43.73 43.73 44.15 44.05 44.90 46.19 47.58 48.18 48.10 49.37 49.54 49.88 48.33 47.24 47.16 45.93 47.09 47.22 48.71 49.07 48.64 49.26 48.45 47.57 49.47 49.96 49.00 48.47 48.63 48.93 49.43 50.04 50.94 52.21 53.89 56.78 61.11 59.49 64.80 76.06 81.82 84.63 86.03 80.96 71.63 72.47 73.22 83.10 84.47 96.52 100.11 100.20 102.66 90.01 88.42 105.56 109.39 102.40 99.68 106.06 121.12 128.18 113.04 117.84 119.83 119.98 121.12 124.38 129.38 137.92 135.86 165.28 155.15 129.84 136.12 121.40
41.98 43.48 42.21 43.27 44.13 43.72 44.66 46.60 48.24 49.51 50.61 50.50 51.21 52.44 51.64 50.25 49.47 48.76 46.98 47.14 47.91 49.30 51.74 50.92 49.53 48.70 47.43 47.74 48.28 48.84 49.13 49.90 50.28 50.67 51.96 54.06 61.43 64.07 60.73 64.71 61.05 74.48 80.26 79.97 84.02 89.19 87.67 82.13 72.42 85.51 94.77 89.57 101.67 104.43 104.54 100.97 94.57 93.18 102.61 100.86 102.99 106.27 107.02 115.93 123.18 116.39 125.03 124.75 122.57 124.40 124.62 142.49 162.10 157.95 172.64 163.72 141.66 111.25 122.13
41.76 42.37 42.16 42.32 42.85 43.75 45.43 47.42 50.01 50.77 52.44 53.56 53.09 57.68 55.76 52.80 51.72 50.38 48.93 47.93 47.50 49.41 50.77 51.51 48.43 48.47 49.02 49.28 49.24 49.15 50.06 49.77 50.92 53.24 57.37 62.55 68.64 68.05 67.80 64.98 63.58 66.39 77.01 81.37 81.97 85.42 97.15 86.43 68.94 79.90 96.82 93.37 102.76 108.00 106.14 100.59 98.78 105.77 105.39 103.92 105.79 112.56 106.52 118.10 122.58 116.41 116.51 122.79 125.71 119.72 136.90 150.00 162.36 171.89 169.83 144.38 136.70 103.08 123.17
43.34 41.90 41.71 42.38 43.52 44.39 45.71 47.38 50.82 53.81 55.41 55.24 57.69 59.90 60.34 55.35 53.37 51.79 50.20 48.72 50.56 49.57 51.43 51.27 50.68 50.17 50.18 50.25 49.78 50.98 49.58 50.11 53.83 56.80 57.91 64.48 65.32 65.21 70.52 68.39 66.32 68.41 69.04 70.98 71.54 77.44 84.05 79.32 67.49 75.40 77.73 84.48 96.38 107.31 109.24 108.35 102.95 105.63 108.37 105.33 107.64 111.95 110.17 107.06 118.25 121.80 121.80 120.04 125.33 126.49 134.18 157.28 157.34 163.09 153.91 142.39 131.40 101.31 102.88
42.19 41.92 42.22 43.82 44.37 45.19 46.81 48.30 51.04 57.60 57.33 55.94 59.14 59.67 66.51 58.33 56.01 52.69 51.72 50.73 52.25 51.01 51.87 53.77 53.08 51.57 51.97 51.93 50.60 50.28 49.70 50.00 53.50 57.53 59.64 61.75 62.75 65.73 69.20 69.51 60.98 62.06 64.44 63.22 64.58 69.12 68.61 70.63 67.67 68.05 71.28 77.28 85.95 93.51 101.94 107.40 110.91 105.04 110.09 109.89 110.27 113.42 108.52 107.14 108.06 114.86 120.47 114.46 119.85 131.30 138.87 146.48 148.18 142.91 137.37 134.43 107.05 93.84 82.65
42.56 43.54 43.87 45.18 43.92 46.65 48.32 49.64 50.47 53.26 56.09 55.92 58.19 59.68 62.90 61.57 58.63 54.27 54.12 52.03 53.79 52.19 53.07 56.16 55.37 55.83 53.25 52.47 51.54 48.74 48.66 49.74 50.79 52.50 57.48 68.34 67.92 70.72 72.51 74.69 58.21 57.34 62.88 67.52 67.78 67.21 68.61 70.79 69.97 68.69 71.78 77.96 85.67 96.17 102.23 106.24 112.95 112.12 110.06 113.31 118.29 111.57 105.52 108.20 109.28 113.24 120.09 116.91 125.27 124.13 134.16 123.92 128.19 131.20 132.48 115.57 105.45 99.90 92.15
44.42 44.86 45.03 44.35 43.75 45.89 48.41 49.56 50.10 51.76 54.82 56.70 57.99 61.28 63.76 61.12 60.03 59.73 56.79 55.27 57.18 58.17 60.35 58.71 56.68 53.46 53.88 51.19 49.83 49.22 53.17 60.05 57.01 62.91 66.87 64.59 74.00 76.43 74.74 70.91 55.50 58.40 62.03 70.81 75.80 72.27 67.58 69.81 70.96 72.77 82.43 80.40 86.18 89.74 94.99 101.65 108.30 113.01 114.63 112.60 114.23 115.47 112.10 108.39 109.32 108.68 109.25 110.38 110.37 120.31 127.32 131.90 118.46 100.94 114.75 112.93 104.77 97.85 100.89
45.42 44.24 43.31 43.46 45.09 45.91 47.88 49.09 52.06 53.45 54.01 56.54 58.76 61.72 67.26 62.52 63.59 62.77 60.38 59.78 58.24 63.99 62.32 57.44 54.34 52.16 50.65 49.82 49.73 51.39 57.74 75.86 76.74 56.65 53.03 52.56 53.46 60.46 59.68 58.05 55.11 58.23 59.81 65.95 76.73 70.13 72.59 79.05 75.54 78.38 81.25 83.71 87.41 96.50 103.94 106.18 109.56 112.64 113.94 110.72 111.69 112.98 108.16 103.63 102.37 100.96 101.07 109.57 101.17 100.52 115.88 121.72 124.46 111.53 93.29 109.82 112.83 108.58 95.48
46.57 44.95 44.69 45.64 47.19 47.15 48.24 49.39 53.45 56.29 56.60 59.91 61.93 61.96 68.43 65.78 65.02 64.27 65.92 62.05 62.28 71.01 67.31 61.86 61.88 59.83 51.69 50.87 52.58 52.46 58.64 67.91 65.67 59.88 56.37 55.88 53.88 57.03 61.73 68.27 59.39 58.81 59.45 64.58 73.96 76.13 76.43 86.90 83.50 84.04 85.91 89.34 93.32 98.98 97.73 99.06 103.05 105.45 107.11 109.92 111.22 110.74 110.03 102.01 95.58 96.29 93.90 103.44 101.36 92.00 100.49 103.98 112.42 96.18 93.10 98.62 115.25 113.09 89.12
49.27 47.86 45.88 46.84 46.84 49.15 50.64 54.75 57.66 59.87 59.51 65.52 65.68 67.05 71.08 69.15 67.55 66.57 66.78 65.62 69.73 67.63 59.62 58.24 65.70 58.82 53.22 54.31 54.50 55.41 66.28 68.50 62.22 62.12 67.00 64.75 62.57 58.95 64.27 78.82 80.49 67.29 63.84 66.51 67.79 72.87 76.23 82.58 87.59 92.43 91.31 94.45 96.61 96.56 102.80 105.01 106.90 105.96 107.25 106.61 105.88 104.48 105.45 101.83 96.90 97.74 87.71 93.00 93.03 83.74 95.94 89.81 100.20 84.94 83.59 84.51 98.90 90.48 81.45
55.50 52.04 51.77 47.90 47.74 49.86 53.43 58.23 62.47 63.30 64.33 69.37 73.13 75.74 78.63 76.77 71.03 70.69 69.01 69.03 68.48 64.45 64.37 59.72 61.52 57.34 54.79 58.17 58.40 58.51 66.99 77.70 76.81 73.76 66.97 75.97 75.50 67.03 67.15 78.91 97.42 78.89 70.25 73.29 77.21 87.42 102.04 93.38 96.35 93.95 101.80 98.31 99.13 99.59 102.00 101.90 104.59 104.77 104.42 103.02 101.45 99.32 100.34 100.16 98.81 96.57 84.97 84.63 84.31 80.89 82.19 82.33 98.36 83.69 82.17 81.70 74.68 79.91 95.63
61.73 56.98 59.93 52.37 50.25 52.65 57.47 60.90 67.18 70.20 73.73 76.07 80.80 84.03 87.27 81.14 79.05 76.05 73.00 73.04 81.17 75.36 68.57 61.15 60.54 57.52 53.38 60.51 60.01 64.60 67.43 83.59 90.78 83.51 78.40 82.00 79.06 73.82 72.00 81.72 103.92 85.10 76.61 87.68 105.03 106.90 114.81 108.59 103.06 97.67 104.99 100.72 102.74 103.85 104.66 102.22 102.20 102.59 100.31 95.42 95.67 94.95 96.14 95.79 93.61 88.32 82.50 78.04 74.29 73.06 76.95 86.80 89.51 82.70 74.44 74.70 70.93 75.64 87.86
62.59 62.88 57.18 54.79 54.37 54.89 59.30 68.18 70.07 76.28 80.96 82.41 89.89 91.62 90.81 90.82 87.53 83.02 78.83 75.95 79.39 78.56 64.89 58.78 57.08 53.15 50.55 57.82 58.67 64.55 79.05 95.16 100.99 89.98 91.80 81.68 78.26 76.64 85.18 91.18 109.81 101.55 84.61 102.35 118.13 120.49 120.72 117.98 105.34 103.56 106.03 110.67 103.46 101.03 106.08 107.38 104.34 99.80 98.25 88.50 93.66 92.54 92.77 89.97 92.72 89.44 84.98 91.73 85.97 75.71 68.55 79.12 85.56 72.74 72.77 75.19 69.19 70.14 77.42
57.95 58.37 56.84 55.68 58.60 60.56 63.45 69.59 74.78 79.19 83.77 83.61 91.76 90.72 87.55 86.70 87.81 86.35 78.77 72.93 69.87 67.12 58.34 55.50 54.53 52.07 51.28 55.16 57.65 62.06 67.07 83.84 93.29 90.00 95.85 90.87 83.48 92.43 104.17 114.09 112.18 106.74 92.66 104.04 125.31 127.39 125.69 118.82 111.45 112.40 108.89 115.30 109.35 105.19 106.83 106.69 103.85 98.10 93.19 84.03 87.50 90.66 89.36 88.42 90.70 90.77 87.22 90.18 94.87 89.75 72.84 70.56 78.03 70.33 70.95 71.90 69.15 70.63 71.41
58.81 57.41 57.29 57.90 58.95 62.35 69.96 75.20 80.65 82.33 82.29 80.84 88.19 89.98 86.50 78.96 82.02 80.24 77.46 72.65 72.50 65.26 57.86 53.22 53.58 49.46 51.27 54.06 57.68 63.04 62.05 67.01 83.19 91.93 98.62 99.27 94.54 109.10 121.85 124.08 123.30 101.67 105.27 110.51 123.50 126.74 127.08 119.23 114.79 115.09 111.33 117.10 115.32 108.54 105.05 106.49 103.05 98.05 87.04 81.31 82.36 83.06 85.73 83.92 89.29 90.32 91.42 92.34 93.58 92.40 75.88 69.99 69.78 69.24 70.71 71.03 68.28 69.93 70.66
60.42 60.44 60.49 60.95 62.97 63.31 67.83 74.77 76.94 79.88 81.11 77.38 78.38 78.07 78.12 79.68 72.44 68.71 66.44 69.31 71.74 67.09 59.64 52.14 51.83 50.55 53.78 55.44 59.13 61.54 63.20 66.23 70.13 73.25 81.18 93.79 89.67 95.62 115.70 128.86 127.03 107.56 111.14 127.65 129.72 129.11 125.88 122.61 118.41 118.09 118.41 119.58 117.62 114.51 105.89 105.80 101.78 99.78 91.29 79.39 75.91 79.81 77.72 80.53 88.73 84.53 82.91 82.87 86.78 79.07 74.69 73.48 70.80 68.31 68.75 67.41 67.32 68.61 69.77
63.49 63.93 61.97 63.61 62.79 64.46 72.52 74.25 74.68 76.79 79.97 75.86 74.74 75.03 71.92 74.63 67.13 58.13 57.79 61.33 59.05 57.43 55.37 52.13 50.31 53.48 55.34 56.52 59.58 63.10 65.28 66.78 66.28 70.78 77.89 84.35 78.13 87.60 98.67 116.07 118.46 119.92 125.59 133.64 132.35 126.03 124.38 121.41 124.21 121.74 123.03 121.66 119.49 115.96 111.73 108.51 104.45 100.57 95.64 85.43 75.72 72.87 83.17 83.96 87.84 80.71 75.91 78.31 76.54 79.43 72.29 74.96 74.04 71.27 70.05 66.76 67.34 68.15 69.47
68.04 63.17 65.27 67.95 64.52 65.19 75.50 75.10 72.84 71.65 73.90 72.24 73.20 71.45 69.99 64.29 59.65 52.40 53.68 53.17 52.25 52.41 53.16 51.56 51.12 53.00 54.98 57.64 59.98 63.65 66.42 68.01 67.96 71.46 77.76 78.81 74.23 79.79 87.09 98.78 117.44 132.37 133.79 134.41 131.03 120.48 117.02 118.89 125.35 126.12 125.36 123.58 120.86 115.77 109.25 108.38 103.77 101.14 97.67 87.56 75.23 69.85 77.05 79.33 81.19 75.57 72.87 72.65 72.51 75.64 70.93 70.81 71.36 70.86 68.81 65.62 67.08 67.68 68.54
64.31 62.91 67.89 71.36 66.76 67.00 69.07 71.50 71.06 73.56 66.71 67.39 70.18 66.54 60.47 58.86 54.82 50.57 49.89 49.55 50.56 50.44 51.40 52.33 51.48 52.75 55.67 58.33 61.31 64.22 65.52 66.69 71.09 70.78 73.33 73.46 76.44 83.98 88.66 109.68 127.64 134.36 135.09 128.10 123.83 118.01 120.37 120.21 123.32 125.91 126.98 125.41 120.33 114.71 107.72 106.80 101.50 102.04 99.39 89.68 77.54 69.35 72.74 74.75 72.69 74.99 67.28 69.48 69.00 69.74 67.61 66.88 69.79 68.14 66.07 63.59 63.64 65.24 66.58
60.84 63.23 68.59 69.18 70.90 69.13 67.32 67.82 69.04 67.68 64.55 66.74 70.97 71.87 67.15 58.59 54.15 53.64 52.42 49.54 51.07 52.27 52.07 51.96 52.84 53.55 55.65 58.56 61.82 63.77 64.73 67.31 69.70 73.06 75.47 79.80 85.22 91.80 93.51 103.85 113.86 121.67 129.09 128.05 126.21 125.25 126.68 125.42 125.62 125.56 127.88 127.42 124.94 120.38 116.28 104.01 101.33 98.97 98.25 95.17 79.38 69.29 70.91 71.07 67.33 65.76 65.18 68.89 64.47 65.62 64.72 66.78 67.71 64.49 61.82 60.52 60.58 60.84 61.41
58.83 61.24 63.65 68.00 67.82 68.32 66.85 68.54 68.58 66.87 64.97 67.24 69.84 70.77 63.27 54.81 52.50 52.75 52.61 50.39 49.88 50.81 51.18 51.94 52.94 54.65 56.09 58.69 60.99 64.05 67.79 71.50 74.18 78.57 79.21 89.66 96.09 99.91 96.21 103.00 110.48 117.38 132.51 131.04 132.95 134.06 132.91 125.21 122.71 129.55 130.38 127.92 125.98 124.24 120.94 110.60 97.97 98.17 96.77 94.47 86.47 74.60 65.28 67.74 68.19 62.59 61.04 60.24 59.75 60.63 60.73 62.41 61.72 60.68 60.87 59.59 58.60 57.88 58.11
58.19 59.42 62.59 65.19 64.92 65.25 65.34 65.83 67.97 67.92 66.08 66.92 68.89 69.24 59.34 54.66 52.25 51.39 52.06 50.87 49.89 50.21 50.76 51.68 53.00 54.73 56.58 58.73 61.89 64.98 68.79 73.43 74.38 76.76 84.96 105.70 106.67 100.16 96.92 106.86 119.80 125.25 126.86 130.04 131.65 130.90 130.32 124.32 116.91 122.16 126.21 120.92 117.26 122.57 122.46 116.99 98.96 94.87 93.56 91.38 85.02 76.79 63.58 63.17 64.37 61.34 58.66 57.76 56.41 56.80 58.27 59.46 58.94 58.39 58.50 58.71 58.32 57.96 57.53
56.96 57.57 58.58 59.89 60.86 61.48 62.44 62.95 64.95 66.04 64.84 62.86 65.90 66.53 61.62 55.05 54.95 53.71 51.30 51.06 50.34 50.68 51.44 52.21 53.51 55.33 57.24 59.27 61.98 65.80 69.48 73.19 73.49 75.11 84.06 100.69 105.37 102.29 103.08 107.55 119.98 129.25 129.24 131.52 131.53 127.88 122.18 117.25 113.83 113.70 115.86 113.57 108.06 111.60 119.83 115.66 98.36 101.26 88.62 92.16 82.48 72.29 63.05 59.93 58.65 55.93 55.58 55.49 54.88 55.01 55.94 56.43 56.47 56.09 56.63 56.26 56.30 56.73 56.73
56.72 57.24 57.81 59.19 59.71 59.89 60.85 60.27 61.02 63.15 63.55 60.60 62.86 59.97 58.12 53.23 54.69 54.55 50.98 50.66 50.40 50.81 51.81 52.94 54.39 56.14 57.82 59.66 62.21 65.68 67.36 69.73 71.61 75.75 81.52 88.87 93.21 102.97 107.82 112.89 115.44 113.60 111.54 111.95 123.63 126.58 118.44 115.69 113.19 105.20 108.51 105.47 102.90 106.41 101.60 95.79 97.52 96.27 86.02 85.77 77.54 69.59 61.95 59.30 57.57 55.31 53.97 53.56 53.79 53.12 53.36 54.10 54.12 53.82 54.56 54.57 54.58 54.88 54.94
