project/src/data/BOM_climate/monthly_mean_rainfall/rainnov.txt
ncols 886
nrows 691
xllcenter 112.0000
yllcenter -44.5000
cellsize 0.0500
nodata_value 99999.90
[rows 170 to 203 of 691, columns 78 to 155 of 886]
0.00 0.00 0.00 0.00 0.00 0.00 0.00 0.00 0.00 0.00 0.00 0.00 0.00 0.00 0.00 0.00 0.00 3.29 3.26 3.23 3.21 3.19 3.18 3.16 3.14 3.13 3.11 3.09 3.08 3.06 3.05 3.05 3.08 3.07 3.06 3.05 3.04 3.03 3.02 3.02 3.01 3.00 2.99 3.03 3.06 3.05 3.06 3.06 3.06 3.07 3.09 3.10 3.12 3.14 3.16 3.18 3.21 3.31 3.38 3.41 3.45 3.49 3.53 3.57 3.62 3.66 3.71 3.76 3.82 3.94 4.01 4.07 4.14 4.21 4.28 4.36 4.45 4.54
0.00 0.00 0.00 0.00 0.00 0.00 0.00 0.00 0.00 0.00 0.00 0.00 0.00 0.00 0.00 3.19 3.17 3.14 3.10 3.08 3.06 3.04 3.02 3.00 2.99 2.97 2.96 2.94 2.93 2.91 2.90 2.90 2.92 2.91 2.90 2.89 2.88 2.87 2.86 2.86 2.85 2.84 2.84 2.87 2.89 2.89 2.89 2.89 2.89 2.90 2.91 2.93 2.94 2.96 2.99 3.01 3.04 3.13 3.20 3.24 3.27 3.31 3.36 3.40 3.45 3.50 3.55 3.60 3.66 3.77 3.84 3.90 3.97 4.05 4.12 4.20 4.29 4.39
0.00 0.00 0.00 0.00 0.00 0.00 0.00 0.00 0.00 0.00 0.00 0.00 0.00 0.00 3.05 3.03 3.01 2.98 2.94 2.92 2.90 2.88 2.86 2.84 2.83 2.81 2.79 2.78 2.77 2.75 2.74 2.73 2.75 2.74 2.73 2.72 2.71 2.70 2.69 2.68 2.68 2.67 2.66 2.68 2.70 2.70 2.70 2.70 2.70 2.71 2.72 2.73 2.75 2.77 2.79 2.81 2.84 2.93 3.00 3.03 3.07 3.11 3.15 3.20 3.24 3.29 3.34 3.39 3.45 3.56 3.62 3.69 3.77 3.85 3.93 4.02 4.11 4.21
0.00 0.00 0.00 0.00 0.00 0.00 0.00 0.00 0.00 0.00 0.00 0.00 2.96 2.94 2.92 2.90 2.88 2.85 2.81 2.79 2.77 2.75 2.73 2.71 2.70 2.68 2.67 2.65 2.64 2.63 2.61 2.61 2.62 2.61 2.60 2.59 2.58 2.58 2.57 2.56 2.56 2.55 2.55 2.57 2.58 2.58 2.58 2.58 2.59 2.59 2.61 2.62 2.64 2.66 2.68 2.70 2.73 2.82 2.89 2.93 2.97 3.01 3.05 3.10 3.15 3.20 3.25 3.31 3.37 3.47 3.54 3.61 3.69 3.76 3.85 3.93 4.03 4.13
0.00 0.00 0.00 0.00 0.00 0.00 0.00 0.00 0.00 0.00 0.00 2.85 2.83 2.81 2.79 2.77 2.75 2.72 2.68 2.66 2.65 2.63 2.61 2.59 2.57 2.56 2.54 2.53 2.52 2.50 2.49 2.49 2.50 2.49 2.48 2.47 2.47 2.46 2.45 2.45 2.44 2.43 2.43 2.45 2.47 2.47 2.47 2.47 2.47 2.48 2.49 2.51 2.53 2.55 2.57 2.59 2.63 2.72 2.79 2.83 2.87 2.91 2.95 3.00 3.05 3.11 3.16 3.22 3.28 3.38 3.45 3.53 3.60 3.68 3.77 3.86 3.95 4.04
0.00 0.00 0.00 0.00 0.00 0.00 0.00 0.00 0.00 0.00 2.74 2.72 2.70 2.68 2.66 2.64 2.62 2.60 2.56 2.54 2.52 2.50 2.49 2.47 2.45 2.44 2.42 2.41 2.39 2.38 2.37 2.37 2.38 2.37 2.36 2.35 2.35 2.34 2.33 2.33 2.32 2.32 2.32 2.34 2.35 2.35 2.36 2.36 2.37 2.37 2.39 2.40 2.42 2.44 2.47 2.49 2.52 2.61 2.68 2.72 2.76 2.81 2.86 2.90 2.96 3.01 3.07 3.13 3.19 3.30 3.37 3.44 3.52 3.60 3.69 3.78 3.88 3.97
0.00 0.00 0.00 0.00 0.00 0.00 0.00 0.00 2.66 2.64 2.62 2.59 2.58 2.56 2.54 2.52 2.50 2.48 2.44 2.42 2.40 2.38 2.37 2.35 2.34 2.32 2.31 2.29 2.28 2.27 2.25 2.25 2.26 2.25 2.24 2.24 2.23 2.23 2.22 2.22 2.21 2.21 2.21 2.23 2.24 2.25 2.25 2.25 2.26 2.27 2.28 2.30 2.32 2.34 2.36 2.39 2.42 2.51 2.58 2.62 2.66 2.71 2.76 2.81 2.86 2.92 2.98 3.04 3.11 3.21 3.29 3.36 3.44 3.53 3.62 3.70 3.80 3.90
0.00 0.00 0.00 0.00 0.00 0.00 0.00 2.55 2.53 2.51 2.49 2.47 2.45 2.43 2.42 2.40 2.38 2.36 2.32 2.30 2.28 2.27 2.25 2.23 2.22 2.20 2.19 2.18 2.16 2.15 2.14 2.13 2.15 2.14 2.13 2.12 2.12 2.11 2.11 2.11 2.10 2.10 2.10 2.12 2.13 2.14 2.14 2.15 2.15 2.16 2.18 2.19 2.21 2.24 2.26 2.29 2.32 2.41 2.48 2.52 2.56 2.61 2.66 2.71 2.77 2.83 2.89 2.95 3.02 3.13 3.21 3.28 3.36 3.45 3.54 3.63 3.73 3.84
0.00 0.00 0.00 0.00 0.00 2.48 2.45 2.43 2.41 2.39 2.37 2.35 2.33 2.32 2.30 2.28 2.26 2.24 2.20 2.19 2.17 2.15 2.13 2.12 2.10 2.09 2.08 2.06 2.05 2.04 2.03 2.02 2.03 2.03 2.02 2.01 2.01 2.00 2.00 2.00 2.00 1.99 1.99 2.01 2.03 2.03 2.03 2.04 2.05 2.06 2.08 2.09 2.11 2.13 2.16 2.19 2.22 2.31 2.38 2.42 2.47 2.51 2.57 2.62 2.68 2.74 2.80 2.87 2.94 3.05 3.13 3.21 3.29 3.38 3.47 3.57 3.67 3.77
0.00 0.00 0.00 0.00 2.38 2.36 2.33 2.31 2.29 2.27 2.25 2.24 2.22 2.20 2.18 2.17 2.15 2.13 2.09 2.07 2.05 2.04 2.02 2.01 1.99 1.98 1.97 1.95 1.94 1.93 1.92 1.91 1.92 1.92 1.91 1.91 1.90 1.90 1.89 1.89 1.89 1.89 1.89 1.91 1.93 1.93 1.94 1.94 1.95 1.96 1.98 1.99 2.01 2.04 2.06 2.09 2.13 2.21 2.28 2.33 2.37 2.42 2.47 2.53 2.59 2.65 2.71 2.78 2.85 2.97 3.05 3.13 3.22 3.31 3.41 3.50 3.61 3.71
0.00 0.00 2.31 2.28 2.26 2.24 2.22 2.20 2.18 2.16 2.14 2.12 2.10 2.09 2.07 2.05 2.03 2.01 1.98 1.96 1.95 1.93 1.91 1.90 1.88 1.87 1.86 1.84 1.83 1.82 1.81 1.81 1.82 1.81 1.81 1.80 1.80 1.79 1.79 1.79 1.79 1.79 1.79 1.81 1.82 1.83 1.84 1.84 1.85 1.87 1.88 1.90 1.92 1.94 1.97 2.00 2.03 2.11 2.19 2.23 2.28 2.33 2.38 2.44 2.50 2.56 2.63 2.70 2.77 2.89 2.97 3.06 3.15 3.24 3.34 3.44 3.55 3.66
0.00 2.21 2.19 2.17 2.15 2.13 2.10 2.08 2.06 2.05 2.03 2.01 1.99 1.97 1.96 1.94 1.92 1.90 1.87 1.85 1.84 1.82 1.81 1.79 1.78 1.76 1.75 1.74 1.73 1.72 1.71 1.70 1.71 1.71 1.70 1.70 1.69 1.69 1.69 1.69 1.69 1.69 1.69 1.71 1.73 1.73 1.74 1.75 1.76 1.77 1.79 1.80 1.82 1.85 1.88 1.91 1.94 2.02 2.09 2.14 2.18 2.24 2.29 2.35 2.41 2.47 2.54 2.62 2.69 2.81 2.90 2.98 3.08 3.18 3.28 3.38 3.49 3.61
2.12 2.10 2.08 2.06 2.04 2.01 1.99 1.97 1.95 1.93 1.92 1.90 1.88 1.86 1.85 1.83 1.82 1.80 1.76 1.75 1.73 1.72 1.70 1.69 1.68 1.66 1.65 1.64 1.63 1.62 1.61 1.61 1.62 1.61 1.60 1.60 1.60 1.59 1.59 1.59 1.59 1.59 1.59 1.61 1.63 1.64 1.64 1.65 1.66 1.68 1.70 1.71 1.74 1.76 1.79 1.82 1.85 1.93 2.00 2.04 2.09 2.14 2.20 2.26 2.32 2.39 2.46 2.53 2.61 2.73 2.82 2.92 3.01 3.11 3.21 3.33 3.44 3.56
2.01 1.99 1.97 1.95 1.92 1.90 1.88 1.86 1.84 1.82 1.81 1.79 1.77 1.75 1.74 1.72 1.71 1.69 1.66 1.64 1.63 1.61 1.60 1.59 1.57 1.56 1.55 1.54 1.53 1.52 1.52 1.51 1.52 1.51 1.51 1.50 1.50 1.50 1.50 1.50 1.50 1.50 1.50 1.52 1.54 1.54 1.55 1.56 1.57 1.59 1.60 1.62 1.65 1.67 1.70 1.73 1.77 1.84 1.90 1.95 2.00 2.05 2.11 2.17 2.24 2.31 2.38 2.45 2.53 2.66 2.75 2.85 2.95 3.05 3.16 3.27 3.39 3.51
1.90 1.88 1.86 1.84 1.82 1.79 1.77 1.75 1.73 1.72 1.70 1.68 1.66 1.65 1.63 1.62 1.60 1.58 1.56 1.54 1.53 1.51 1.50 1.49 1.47 1.46 1.45 1.44 1.43 1.43 1.42 1.42 1.42 1.42 1.41 1.41 1.40 1.40 1.40 1.40 1.40 1.40 1.41 1.43 1.44 1.45 1.46 1.47 1.48 1.49 1.51 1.53 1.55 1.58 1.61 1.64 1.68 1.75 1.81 1.86 1.91 1.96 2.02 2.08 2.15 2.22 2.29 2.37 2.46 2.58 2.68 2.78 2.88 2.99 3.10 3.22 3.34 3.46
1.80 1.77 1.75 1.73 1.71 1.69 1.67 1.65 1.63 1.61 1.59 1.58 1.56 1.54 1.53 1.51 1.50 1.48 1.45 1.44 1.43 1.41 1.40 1.39 1.38 1.37 1.36 1.35 1.34 1.34 1.33 1.32 1.33 1.32 1.32 1.32 1.31 1.31 1.31 1.31 1.31 1.31 1.32 1.33 1.35 1.36 1.37 1.38 1.39 1.41 1.42 1.44 1.47 1.49 1.52 1.56 1.59 1.66 1.73 1.77 1.82 1.88 1.93 2.00 2.06 2.14 2.21 2.29 2.38 2.51 2.61 2.71 2.82 2.93 3.05 3.17 3.29 3.42
1.69 1.67 1.65 1.63 1.61 1.59 1.56 1.54 1.53 1.51 1.49 1.47 1.46 1.44 1.43 1.41 1.40 1.38 1.36 1.34 1.33 1.32 1.31 1.29 1.29 1.28 1.27 1.26 1.25 1.24 1.24 1.23 1.24 1.24 1.23 1.23 1.22 1.22 1.22 1.22 1.22 1.22 1.23 1.24 1.26 1.27 1.28 1.29 1.30 1.32 1.33 1.35 1.38 1.41 1.44 1.47 1.51 1.58 1.64 1.68 1.74 1.79 1.85 1.92 1.98 2.05 2.13 2.22 2.31 2.43 2.53 2.64 2.75 2.87 2.99 3.11 3.24 3.37
1.59 1.56 1.54 1.52 1.50 1.48 1.46 1.44 1.42 1.41 1.39 1.37 1.36 1.34 1.33 1.32 1.30 1.29 1.26 1.25 1.24 1.22 1.21 1.20 1.19 1.18 1.18 1.17 1.16 1.16 1.15 1.15 1.15 1.15 1.14 1.14 1.14 1.13 1.13 1.13 1.13 1.14 1.14 1.16 1.17 1.18 1.19 1.20 1.21 1.23 1.25 1.27 1.29 1.32 1.35 1.38 1.42 1.49 1.55 1.60 1.65 1.70 1.77 1.83 1.90 1.97 2.05 2.14 2.23 2.36 2.46 2.57 2.69 2.81 2.93 3.06 3.19 3.33
1.48 1.46 1.44 1.42 1.40 1.38 1.36 1.34 1.33 1.31 1.29 1.28 1.26 1.25 1.23 1.22 1.21 1.19 1.17 1.15 1.14 1.13 1.12 1.11 1.10 1.10 1.09 1.08 1.07 1.07 1.06 1.06 1.06 1.06 1.05 1.05 1.05 1.05 1.05 1.05 1.05 1.05 1.05 1.07 1.08 1.09 1.10 1.12 1.13 1.15 1.16 1.18 1.21 1.24 1.27 1.30 1.34 1.40 1.46 1.51 1.56 1.62 1.68 1.75 1.82 1.89 1.97 2.06 2.15 2.28 2.39 2.50 2.62 2.75 2.87 3.01 3.14 3.28
1.38 1.36 1.34 1.32 1.30 1.28 1.26 1.24 1.23 1.21 1.19 1.18 1.16 1.15 1.14 1.12 1.11 1.10 1.08 1.06 1.05 1.05 1.04 1.03 1.02 1.02 1.01 1.00 1.00 0.99 0.99 0.98 0.99 0.98 0.98 0.97 0.97 0.96 0.96 0.96 0.97 0.97 0.97 0.99 1.00 1.01 1.02 1.03 1.05 1.06 1.08 1.10 1.12 1.15 1.18 1.22 1.25 1.32 1.38 1.43 1.48 1.54 1.60 1.67 1.74 1.81 1.90 1.99 2.08 2.21 2.32 2.43 2.56 2.68 2.82 2.96 3.09 3.24
1.29 1.26 1.24 1.23 1.21 1.19 1.17 1.15 1.13 1.12 1.10 1.09 1.07 1.06 1.05 1.04 1.04 1.03 1.02 1.01 1.01 1.00 1.00 1.00 0.99 0.98 0.98 0.97 0.97 0.97 0.96 0.96 0.96 0.95 0.94 0.94 0.93 0.92 0.92 0.91 0.91 0.91 0.90 0.91 0.92 0.93 0.94 0.95 0.97 0.98 1.00 1.02 1.05 1.07 1.10 1.14 1.18 1.24 1.30 1.35 1.40 1.46 1.52 1.59 1.66 1.74 1.82 1.91 2.01 2.14 2.25 2.37 2.49 2.63 2.76 2.90 3.05 3.19
1.19 1.17 1.15 1.13 1.11 1.09 1.07 1.06 1.04 1.04 1.03 1.03 1.02 1.02 1.02 1.01 1.01 1.01 0.99 0.99 0.99 0.98 0.98 0.97 0.97 0.97 0.96 0.96 0.95 0.95 0.94 0.94 0.94 0.93 0.93 0.92 0.91 0.91 0.90 0.90 0.89 0.89 0.88 0.88 0.89 0.88 0.88 0.88 0.89 0.90 0.92 0.94 0.97 1.00 1.03 1.06 1.10 1.16 1.22 1.27 1.32 1.38 1.45 1.51 1.59 1.67 1.75 1.84 1.93 2.07 2.18 2.30 2.43 2.56 2.70 2.85 3.00 3.15
1.10 1.08 1.06 1.05 1.03 1.02 1.02 1.01 1.01 1.01 1.00 1.00 1.00 1.00 0.99 0.99 0.99 0.98 0.97 0.97 0.97 0.96 0.96 0.95 0.95 0.94 0.94 0.93 0.93 0.93 0.92 0.92 0.92 0.91 0.90 0.90 0.89 0.89 0.88 0.88 0.87 0.87 0.86 0.87 0.87 0.87 0.86 0.86 0.86 0.86 0.86 0.87 0.89 0.92 0.95 0.99 1.02 1.08 1.14 1.19 1.25 1.31 1.37 1.44 1.51 1.59 1.68 1.77 1.87 2.00 2.11 2.23 2.37 2.50 2.65 2.80 2.95 3.11
1.02 1.01 1.01 1.00 1.00 1.00 0.99 0.99 0.99 0.98 0.98 0.98 0.97 0.97 0.97 0.97 0.97 0.96 0.95 0.95 0.94 0.94 0.94 0.93 0.93 0.92 0.92 0.91 0.91 0.91 0.90 0.90 0.90 0.89 0.89 0.88 0.87 0.87 0.86 0.86 0.85 0.85 0.85 0.85 0.85 0.85 0.85 0.84 0.84 0.84 0.84 0.84 0.84 0.85 0.88 0.92 0.95 1.01 1.07 1.12 1.17 1.23 1.30 1.37 1.44 1.52 1.61 1.70 1.80 1.93 2.05 2.17 2.30 2.44 2.59 2.74 2.91 3.07
0.99 0.98 0.98 0.98 0.98 0.97 0.97 0.96 0.96 0.96 0.95 0.95 0.95 0.95 0.94 0.94 0.94 0.94 0.92 0.92 0.92 0.92 0.91 0.91 0.90 0.90 0.90 0.89 0.89 0.88 0.88 0.87 0.88 0.87 0.87 0.86 0.85 0.85 0.84 0.84 0.84 0.83 0.83 0.83 0.83 0.83 0.83 0.83 0.82 0.82 0.82 0.82 0.82 0.83 0.83 0.85 0.89 0.94 1.00 1.05 1.10 1.16 1.23 1.30 1.38 1.46 1.54 1.64 1.74 1.86 1.98 2.11 2.24 2.38 2.53 2.69 2.86 3.03
0.96 0.96 0.96 0.96 0.95 0.95 0.94 0.94 0.93 0.93 0.93 0.93 0.92 0.92 0.92 0.92 0.92 0.91 0.90 0.90 0.90 0.89 0.89 0.89 0.88 0.88 0.88 0.87 0.87 0.86 0.86 0.85 0.86 0.85 0.84 0.84 0.83 0.83 0.83 0.82 0.82 0.81 0.81 0.81 0.81 0.81 0.81 0.81 0.81 0.81 0.81 0.81 0.81 0.81 0.82 0.83 0.84 0.88 0.93 0.98 1.04 1.10 1.16 1.24 1.31 1.39 1.48 1.58 1.68 1.80 1.92 2.04 2.18 2.33 2.48 2.64 2.82 3.00
0.94 0.94 0.93 0.93 0.93 0.92 0.92 0.91 0.91 0.91 0.90 0.90 0.90 0.90 0.89 0.89 0.89 0.89 0.88 0.88 0.87 0.87 0.87 0.86 0.86 0.86 0.85 0.85 0.84 0.84 0.84 0.83 0.83 0.83 0.82 0.82 0.81 0.81 0.81 0.80 0.80 0.79 0.79 0.79 0.80 0.79 0.79 0.79 0.79 0.79 0.79 0.79 0.80 0.80 0.81 0.81 0.82 0.84 0.87 0.91 0.97 1.03 1.10 1.17 1.25 1.34 1.42 1.52 1.62 1.74 1.86 1.99 2.12 2.27 2.43 2.59 2.77 2.96
0.92 0.91 0.91 0.91 0.90 0.90 0.89 0.88 0.88 0.88 0.88 0.87 0.87 0.87 0.87 0.87 0.87 0.86 0.85 0.85 0.85 0.85 0.84 0.84 0.84 0.83 0.83 0.83 0.82 0.82 0.82 0.81 0.81 0.81 0.80 0.80 0.80 0.79 0.79 0.78 0.78 0.78 0.77 0.77 0.78 0.77 0.77 0.77 0.77 0.77 0.77 0.78 0.78 0.79 0.79 0.80 0.81 0.83 0.85 0.86 0.91 0.97 1.04 1.12 1.20 1.28 1.37 1.47 1.57 1.69 1.81 1.93 2.07 2.22 2.38 2.55 2.73 2.92
0.89 0.89 0.88 0.88 0.88 0.87 0.86 0.86 0.85 0.85 0.85 0.85 0.84 0.84 0.84 0.84 0.84 0.84 0.83 0.83 0.82 0.82 0.82 0.82 0.81 0.81 0.81 0.80 0.80 0.80 0.79 0.79 0.79 0.79 0.78 0.78 0.78 0.77 0.77 0.76 0.76 0.76 0.75 0.75 0.76 0.75 0.75 0.75 0.75 0.75 0.76 0.76 0.77 0.77 0.78 0.79 0.80 0.82 0.83 0.85 0.87 0.91 0.98 1.06 1.14 1.23 1.32 1.42 1.52 1.64 1.75 1.88 2.02 2.16 2.33 2.50 2.69 2.90
0.87 0.86 0.86 0.85 0.85 0.84 0.84 0.83 0.83 0.82 0.82 0.82 0.82 0.81 0.81 0.81 0.81 0.81 0.80 0.80 0.80 0.80 0.79 0.79 0.79 0.78 0.78 0.78 0.78 0.77 0.77 0.77 0.77 0.77 0.76 0.76 0.75 0.75 0.75 0.74 0.74 0.74 0.73 0.73 0.73 0.73 0.73 0.73 0.73 0.74 0.74 0.74 0.75 0.76 0.76 0.77 0.78 0.80 0.82 0.84 0.85 0.88 0.93 1.01 1.09 1.18 1.28 1.37 1.47 1.59 1.71 1.83 1.97 2.11 2.27 2.46 2.66 2.88
0.84 0.84 0.83 0.83 0.82 0.82 0.81 0.80 0.80 0.80 0.79 0.79 0.79 0.79 0.79 0.79 0.79 0.78 0.78 0.77 0.77 0.77 0.77 0.77 0.76 0.76 0.76 0.76 0.75 0.75 0.75 0.75 0.75 0.75 0.74 0.74 0.74 0.73 0.73 0.72 0.72 0.71 0.71 0.71 0.71 0.71 0.71 0.71 0.71 0.72 0.72 0.73 0.73 0.74 0.75 0.76 0.77 0.79 0.81 0.82 0.84 0.86 0.89 0.96 1.07 1.14 1.24 1.36 1.45 1.57 1.67 1.79 1.92 2.06 2.23 2.42 2.64 2.88
0.82 0.81 0.80 0.80 0.80 0.79 0.78 0.78 0.78 0.77 0.77 0.76 0.76 0.76 0.76 0.76 0.76 0.76 0.75 0.75 0.75 0.75 0.74 0.74 0.74 0.74 0.74 0.73 0.73 0.73 0.73 0.73 0.73 0.73 0.72 0.72 0.72 0.71 0.71 0.70 0.70 0.69 0.69 0.69 0.69 0.69 0.69 0.69 0.70 0.70 0.70 0.71 0.71 0.72 0.73 0.74 0.75 0.77 0.79 0.81 0.83 0.85 0.88 0.94 1.04 1.11 1.19 1.31 1.42 1.54 1.67 1.79 1.92 2.03 2.19 2.41 2.65 2.91
0.79 0.78 0.78 0.78 0.77 0.76 0.76 0.75 0.75 0.74 0.74 0.74 0.73 0.73 0.73 0.73 0.73 0.73 0.72 0.72 0.72 0.72 0.72 0.72 0.72 0.71 0.71 0.71 0.71 0.71 0.71 0.71 0.71 0.71 0.71 0.70 0.70 0.69 0.69 0.68 0.68 0.67 0.67 0.67 0.67 0.67 0.67 0.67 0.68 0.68 0.69 0.69 0.69 0.70 0.71 0.72 0.73 0.75 0.78 0.79 0.81 0.84 0.87 0.92 0.99 1.08 1.18 1.31 1.43 1.57 1.69 1.87 1.98 2.07 2.27 2.52 2.77 3.04
0.76 0.76 0.75 0.75 0.74 0.74 0.73 0.72 0.72 0.72 0.71 0.71 0.71 0.70 0.70 0.70 0.71 0.70 0.70 0.70 0.70 0.69 0.69 0.69 0.69 0.69 0.69 0.69 0.69 0.69 0.69 0.69 0.69 0.69 0.69 0.68 0.68 0.67 0.67 0.66 0.66 0.65 0.65 0.65 0.65 0.65 0.65 0.65 0.66 0.66 0.67 0.67 0.68 0.68 0.69 0.70 0.71 0.74 0.76 0.78 0.80 0.82 0.85 0.88 0.96 1.07 1.17 1.31 1.45 1.61 1.80 2.00 2.04 2.18 2.45 2.79 2.99 3.25
