project/src/data/BOM_climate/monthly_mean_rainfall/rainfeb.txt
ncols 886
nrows 691
xllcenter 112.0000
yllcenter -44.5000
cellsize 0.0500
nodata_value 99999.90
[rows 544 to 577 of 691, columns 770 to 846 of 886]
88.13 89.64 91.11 92.53 93.91 95.29 96.57 97.85 99.24 100.40 101.54 102.76 103.83 105.01 106.19 107.47 108.64 110.10 111.25 112.48 113.72 114.97 116.29 117.54 118.96 120.23 121.67 123.02 124.21 125.57 126.76 128.04 129.21 130.43 131.64 132.76 133.94 134.91 135.98 136.87 137.86 138.71 139.72 141.01 141.96 143.08 144.42 145.51 146.61 147.57 148.76 149.93 150.95 151.96 152.90 154.01 154.76 155.79 156.65 157.51 158.38 159.19 160.15 161.14 162.16 163.15 164.09 165.21 165.91 166.82 167.72 168.75 169.84 170.73 171.62 172.50 173.42
87.00 88.72 90.14 91.60 92.86 94.34 95.83 97.09 98.38 99.56 100.78 101.92 103.17 104.35 105.55 106.74 107.98 109.35 110.58 111.80 113.13 114.33 115.77 116.96 118.38 119.66 121.07 122.33 123.50 124.78 126.09 127.38 128.64 129.87 131.06 132.19 133.22 134.18 135.16 136.18 137.07 138.08 139.11 140.46 141.54 142.74 143.98 145.02 146.09 147.14 148.27 149.38 150.49 151.47 152.38 153.30 154.24 155.21 156.12 156.98 157.79 158.67 159.68 160.66 161.83 162.83 163.82 164.65 165.37 166.24 167.13 168.30 169.29 170.20 171.13 172.00 172.85
86.14 87.68 89.24 90.60 92.09 93.49 94.82 96.21 97.52 98.76 99.95 101.20 102.37 103.60 104.81 106.01 107.27 108.67 109.88 111.23 112.54 113.89 115.17 116.41 117.67 118.99 120.28 121.59 122.86 124.16 125.51 126.84 128.07 129.34 130.43 131.55 132.61 133.50 134.54 135.53 136.56 137.52 138.83 140.14 141.22 142.33 143.51 144.62 145.60 146.81 147.86 148.96 150.04 150.92 151.90 152.92 153.84 154.91 155.74 156.57 157.38 158.40 159.47 160.52 161.62 162.55 163.38 164.25 164.96 165.87 166.92 167.81 168.88 169.78 170.68 171.47 172.51
85.30 86.89 88.41 89.76 91.14 92.60 94.14 95.41 96.76 98.06 99.26 100.50 101.76 102.91 104.15 105.32 106.62 108.08 109.27 110.62 111.79 113.10 114.33 115.56 116.89 118.16 119.52 120.85 122.23 123.56 124.94 126.24 127.41 128.64 129.71 130.76 131.87 132.98 134.03 135.05 136.08 137.12 138.32 139.70 140.75 141.78 143.04 144.02 145.14 146.24 147.38 148.30 149.35 150.36 151.40 152.40 153.48 154.32 155.20 156.06 157.00 158.14 159.18 160.24 161.15 161.87 162.75 163.75 164.51 165.51 166.34 167.40 168.29 169.25 170.12 171.15 172.18
84.64 86.16 87.66 88.98 90.49 91.93 93.35 94.72 96.09 97.42 98.62 99.88 100.94 102.22 103.44 104.66 105.94 107.21 108.50 109.75 111.02 112.34 113.50 114.92 116.14 117.49 118.93 120.28 121.73 122.99 124.38 125.64 126.75 127.94 129.05 130.24 131.27 132.44 133.64 134.56 135.68 136.60 137.78 139.13 140.12 141.28 142.32 143.47 144.51 145.56 146.67 147.67 148.84 149.78 150.93 151.89 152.76 153.71 154.55 155.61 156.71 157.76 158.82 159.56 160.35 161.19 162.18 163.20 163.93 164.92 165.82 166.78 167.87 168.73 169.78 170.78 171.81
83.97 85.46 86.90 88.34 89.68 91.18 92.61 93.90 95.33 96.58 97.81 98.96 100.20 101.46 102.69 103.89 105.13 106.45 107.78 109.01 110.30 111.64 112.96 114.22 115.59 116.96 118.41 119.73 121.13 122.42 123.70 124.99 126.17 127.41 128.56 129.70 130.85 132.01 133.11 134.21 135.12 136.11 137.32 138.55 139.56 140.66 141.79 142.84 143.91 145.01 146.14 147.23 148.31 149.38 150.33 151.35 152.22 153.21 154.15 155.30 156.34 157.35 158.06 158.81 159.77 160.71 161.65 162.70 163.43 164.47 165.28 166.37 167.39 168.46 169.52 170.43 171.25
83.27 84.67 86.19 87.47 88.84 90.30 91.63 93.17 94.41 95.73 96.91 98.12 99.42 100.69 102.00 103.16 104.41 105.77 107.07 108.45 109.77 111.02 112.34 113.66 115.03 116.41 117.78 119.18 120.53 121.87 123.21 124.46 125.76 126.94 128.07 129.30 130.43 131.57 132.62 133.59 134.55 135.49 136.66 138.03 138.97 139.99 141.13 142.25 143.36 144.59 145.69 146.87 147.74 148.76 149.74 150.78 151.84 152.80 153.86 154.82 155.82 156.62 157.37 158.27 159.32 160.18 161.15 162.08 162.95 163.84 164.92 165.94 167.00 168.06 169.01 169.90 170.70
82.62 84.01 85.40 86.80 88.12 89.61 91.01 92.35 93.73 94.96 96.25 97.47 98.87 100.06 101.36 102.53 103.76 105.18 106.54 107.80 109.07 110.40 111.74 113.11 114.51 115.91 117.29 118.77 120.06 121.49 122.79 124.08 125.31 126.46 127.63 128.78 129.91 131.08 132.00 133.02 133.92 134.91 136.06 137.34 138.40 139.33 140.71 141.77 142.95 144.19 145.26 146.27 147.17 148.20 149.29 150.33 151.38 152.42 153.28 154.24 155.06 155.92 156.85 157.78 158.76 159.61 160.60 161.71 162.53 163.50 164.55 165.58 166.61 167.53 168.49 169.30 170.12
82.05 83.46 84.85 86.16 87.47 88.98 90.33 91.81 93.08 94.30 95.58 96.87 98.16 99.46 100.56 101.84 103.07 104.56 105.89 107.20 108.56 109.84 111.24 112.75 114.04 115.59 116.93 118.36 119.75 121.03 122.38 123.58 124.72 125.92 127.10 128.25 129.36 130.42 131.47 132.39 133.39 134.32 135.46 136.77 137.81 138.95 140.16 141.38 142.55 143.65 144.73 145.61 146.69 147.72 148.85 149.91 150.81 151.65 152.66 153.48 154.47 155.31 156.26 157.23 158.14 159.11 160.18 161.27 162.13 163.13 164.09 165.15 166.12 167.06 167.93 168.76 169.55
81.57 82.93 84.32 85.70 87.00 88.48 89.80 91.05 92.54 93.68 95.07 96.24 97.54 98.77 99.96 101.26 102.62 104.10 105.53 106.81 108.15 109.54 111.02 112.40 113.81 115.20 116.59 117.94 119.28 120.56 121.85 123.06 124.27 125.49 126.61 127.69 128.79 129.86 130.88 131.84 132.82 133.75 134.99 136.28 137.47 138.53 139.77 140.97 142.09 143.14 144.15 145.19 146.22 147.34 148.37 149.40 150.19 150.99 151.90 152.97 153.91 154.86 155.76 156.69 157.77 158.81 159.83 161.00 161.73 162.67 163.64 164.57 165.57 166.51 167.41 168.25 169.07
81.19 82.55 83.88 85.18 86.51 87.88 89.32 90.71 91.90 93.29 94.49 95.82 97.03 98.27 99.59 100.91 102.33 103.79 105.11 106.56 107.82 109.20 110.65 112.06 113.38 114.68 116.07 117.46 118.81 120.08 121.34 122.59 123.77 124.88 126.08 127.17 128.26 129.36 130.34 131.37 132.32 133.31 134.55 135.96 137.02 138.09 139.33 140.50 141.52 142.70 143.72 144.69 145.77 146.81 147.82 148.56 149.49 150.38 151.37 152.46 153.36 154.30 155.36 156.28 157.31 158.37 159.40 160.54 161.29 162.15 163.10 164.06 165.07 166.09 166.94 167.80 168.75
80.85 82.21 83.51 84.85 86.21 87.64 88.93 90.21 91.70 92.92 94.17 95.38 96.64 97.98 99.25 100.62 102.01 103.39 104.76 106.09 107.52 108.93 110.31 111.64 113.05 114.36 115.74 117.14 118.44 119.77 120.95 122.24 123.40 124.56 125.71 126.80 127.93 129.06 130.06 131.01 131.98 133.06 134.24 135.49 136.59 137.63 139.04 140.20 141.31 142.29 143.25 144.32 145.27 146.31 147.13 148.14 149.04 150.08 151.12 152.11 153.09 154.06 155.07 156.10 157.10 158.09 159.24 160.29 160.92 161.79 162.68 163.76 164.86 165.81 166.74 167.53 168.44
80.55 81.88 83.20 84.48 85.73 87.19 88.57 89.90 91.11 92.46 93.66 94.95 96.22 97.53 98.94 100.15 101.58 102.92 104.34 105.76 107.10 108.53 109.87 111.31 112.62 114.00 115.36 116.71 118.06 119.36 120.58 121.85 123.06 124.27 125.39 126.55 127.70 128.68 129.69 130.59 131.53 132.61 133.88 135.22 136.29 137.44 138.82 139.92 140.92 141.86 142.79 143.81 144.87 145.83 146.87 147.87 148.90 149.88 150.89 151.96 152.87 153.94 154.88 155.89 156.90 157.96 159.01 160.12 160.64 161.51 162.54 163.68 164.72 165.67 166.51 167.30 168.24
80.19 81.46 82.76 84.02 85.35 86.71 88.05 89.35 90.72 91.89 93.19 94.43 95.81 97.12 98.46 99.77 101.11 102.54 103.87 105.25 106.68 108.03 109.44 110.83 112.27 113.65 115.01 116.34 117.67 118.92 120.21 121.49 122.73 123.89 125.04 126.13 127.18 128.16 129.03 130.04 131.07 132.14 133.47 134.74 135.82 137.03 138.29 139.28 140.20 141.13 142.08 143.18 144.26 145.37 146.34 147.40 148.38 149.42 150.42 151.45 152.41 153.37 154.41 155.39 156.40 157.44 158.57 159.67 160.22 161.13 162.14 163.20 164.26 165.11 165.97 166.86 167.89
79.74 81.07 82.36 83.55 84.90 86.29 87.68 88.91 90.14 91.50 92.77 94.10 95.39 96.70 98.10 99.35 100.75 102.14 103.53 104.94 106.32 107.68 109.14 110.50 111.96 113.32 114.66 116.00 117.32 118.60 119.96 121.10 122.31 123.44 124.52 125.63 126.60 127.55 128.52 129.55 130.60 131.77 132.92 134.25 135.31 136.41 137.63 138.56 139.48 140.49 141.59 142.75 143.83 144.85 145.96 146.94 147.92 148.95 149.93 150.98 151.91 152.93 153.84 154.90 155.89 157.11 158.16 159.23 159.87 160.75 161.67 162.70 163.72 164.63 165.52 166.54 167.58
79.51 80.82 81.98 83.30 84.56 85.98 87.34 88.63 89.95 91.20 92.54 93.83 95.10 96.45 97.79 99.11 100.46 101.96 103.33 104.71 106.15 107.53 108.92 110.32 111.73 113.12 114.47 115.86 117.17 118.46 119.65 120.81 121.96 123.04 124.13 125.15 126.16 127.14 128.10 129.16 130.30 131.39 132.59 133.92 134.97 135.99 137.10 138.08 139.10 140.20 141.31 142.50 143.53 144.62 145.62 146.63 147.61 148.58 149.58 150.49 151.54 152.47 153.45 154.54 155.74 156.84 157.94 158.96 159.54 160.43 161.40 162.36 163.31 164.26 165.31 166.22 167.08
79.25 80.50 81.77 83.01 84.30 85.77 87.08 88.30 89.63 90.97 92.24 93.53 94.84 96.16 97.48 98.81 100.23 101.60 103.07 104.44 105.90 107.26 108.68 110.04 111.43 112.81 114.20 115.52 116.75 118.01 119.12 120.27 121.34 122.46 123.56 124.59 125.65 126.63 127.63 128.70 129.79 130.79 131.98 133.32 134.37 135.40 136.58 137.64 138.68 139.76 140.97 142.08 143.09 144.15 145.14 146.11 147.08 148.04 148.98 149.98 150.97 152.06 153.10 154.22 155.40 156.46 157.43 158.46 159.06 159.97 161.01 161.99 162.96 163.97 164.83 165.77 166.65
79.07 80.35 81.58 82.80 84.05 85.46 86.78 88.08 89.35 90.61 91.93 93.22 94.55 95.93 97.29 98.63 99.96 101.47 102.84 104.23 105.64 107.01 108.38 109.76 111.11 112.46 113.71 114.99 116.22 117.42 118.58 119.68 120.79 121.90 122.99 124.03 125.05 126.06 127.11 128.13 129.24 130.25 131.43 132.81 133.86 134.97 136.10 137.19 138.26 139.44 140.53 141.61 142.60 143.58 144.58 145.53 146.50 147.43 148.48 149.45 150.61 151.60 152.81 153.92 154.92 155.97 156.95 157.94 158.68 159.59 160.59 161.66 162.59 163.45 164.42 165.31 166.17
78.90 80.11 81.36 82.62 83.85 85.20 86.53 87.82 89.11 90.42 91.73 93.06 94.41 95.76 97.13 98.40 99.79 101.24 102.64 103.98 105.31 106.65 108.07 109.38 110.75 111.99 113.26 114.40 115.66 116.87 118.00 119.16 120.27 121.34 122.40 123.46 124.47 125.51 126.63 127.64 128.75 129.79 130.97 132.34 133.43 134.54 135.65 136.69 137.87 138.95 140.07 141.05 142.08 143.06 143.99 144.99 145.92 146.92 147.99 149.10 150.20 151.32 152.35 153.48 154.48 155.51 156.54 157.50 158.23 159.24 160.19 161.15 162.11 163.01 163.98 164.90 165.77
78.65 79.95 81.11 82.30 83.55 84.89 86.31 87.60 88.86 90.19 91.48 92.86 94.18 95.54 96.80 98.21 99.46 100.97 102.25 103.63 104.99 106.28 107.63 108.95 110.26 111.51 112.70 113.94 115.14 116.26 117.41 118.59 119.69 120.75 121.78 122.84 123.92 124.99 126.11 127.26 128.31 129.37 130.52 131.90 132.95 134.10 135.23 136.32 137.29 138.43 139.52 140.55 141.47 142.51 143.47 144.48 145.43 146.48 147.63 148.73 149.82 150.85 151.93 153.03 154.09 155.11 156.09 157.12 157.86 158.81 159.74 160.73 161.67 162.66 163.59 164.53 165.43
78.36 79.53 80.70 81.92 83.18 84.65 85.95 87.22 88.60 89.93 91.21 92.56 93.87 95.17 96.59 97.82 99.20 100.62 101.97 103.33 104.68 105.99 107.32 108.54 109.78 110.95 112.14 113.35 114.50 115.66 116.86 118.01 119.04 120.20 121.31 122.40 123.47 124.58 125.75 126.81 127.83 128.90 130.15 131.51 132.59 133.62 134.72 135.71 136.87 137.98 138.97 140.00 140.99 141.97 143.00 144.02 145.03 146.14 147.19 148.32 149.38 150.49 151.53 152.62 153.68 154.65 155.68 156.68 157.48 158.33 159.36 160.34 161.38 162.28 163.27 164.17 165.04
77.95 79.21 80.32 81.57 82.88 84.24 85.67 87.00 88.27 89.58 90.97 92.26 93.59 95.00 96.28 97.62 98.94 100.33 101.69 103.05 104.34 105.60 106.86 108.02 109.19 110.36 111.60 112.82 113.98 115.16 116.31 117.45 118.57 119.73 120.84 121.96 123.07 124.20 125.25 126.35 127.34 128.46 129.76 131.03 132.09 133.05 134.13 135.25 136.42 137.51 138.48 139.52 140.54 141.54 142.58 143.63 144.65 145.72 146.83 147.92 149.08 150.18 151.19 152.19 153.26 154.18 155.16 156.29 157.03 158.01 159.04 160.02 160.99 161.98 162.89 163.85 164.62
77.79 79.00 80.16 81.41 82.66 84.08 85.43 86.76 88.11 89.44 90.72 92.12 93.47 94.80 96.16 97.36 98.73 100.06 101.44 102.72 103.95 105.16 106.33 107.52 108.73 109.91 111.19 112.39 113.57 114.74 115.87 117.02 118.16 119.25 120.38 121.51 122.67 123.73 124.73 125.83 126.93 128.01 129.27 130.53 131.53 132.57 133.74 134.88 136.00 137.04 138.06 139.04 140.09 141.20 142.16 143.14 144.23 145.37 146.51 147.64 148.71 149.75 150.77 151.75 152.72 153.74 154.84 155.96 156.73 157.62 158.75 159.65 160.65 161.59 162.52 163.32 164.09
77.52 78.75 79.97 81.21 82.36 83.85 85.24 86.52 87.81 89.17 90.54 91.90 93.28 94.61 95.86 97.17 98.39 99.82 101.09 102.38 103.54 104.77 105.95 107.13 108.38 109.63 110.85 111.98 113.18 114.24 115.49 116.55 117.67 118.79 119.95 121.02 122.11 123.14 124.24 125.39 126.49 127.57 128.74 130.02 130.96 132.12 133.38 134.51 135.55 136.61 137.62 138.69 139.67 140.73 141.69 142.78 143.94 145.06 146.17 147.23 148.31 149.32 150.27 151.27 152.25 153.39 154.46 155.64 156.43 157.37 158.28 159.34 160.32 161.17 161.97 162.70 163.54
77.29 78.54 79.75 80.89 82.20 83.61 84.99 86.39 87.70 89.00 90.34 91.73 93.01 94.38 95.64 96.89 98.21 99.52 100.85 102.12 103.28 104.48 105.67 106.87 108.07 109.28 110.44 111.55 112.67 113.85 115.00 116.07 117.21 118.31 119.33 120.47 121.54 122.66 123.78 124.89 126.03 127.06 128.20 129.51 130.62 131.84 133.14 134.16 135.22 136.21 137.25 138.27 139.28 140.27 141.35 142.46 143.58 144.73 145.78 146.84 147.88 148.88 149.83 150.84 151.94 153.02 154.17 155.29 156.15 157.02 157.97 158.91 159.83 160.57 161.37 162.21 163.09
77.12 78.34 79.55 80.84 82.05 83.50 84.99 86.31 87.56 88.95 90.30 91.60 92.95 94.25 95.49 96.79 98.05 99.42 100.61 101.87 103.04 104.19 105.37 106.54 107.70 108.88 110.01 111.15 112.28 113.36 114.51 115.59 116.68 117.77 118.87 119.92 121.09 122.27 123.43 124.56 125.65 126.68 127.85 129.26 130.48 131.63 132.81 133.82 134.89 135.85 136.83 137.87 138.88 139.95 141.04 142.16 143.32 144.38 145.45 146.49 147.47 148.49 149.52 150.55 151.64 152.84 153.93 155.05 155.77 156.68 157.58 158.43 159.22 160.07 160.96 161.85 162.77
77.03 78.25 79.42 80.64 81.93 83.42 84.90 86.22 87.53 88.83 90.15 91.48 92.78 94.06 95.32 96.53 97.85 99.13 100.36 101.57 102.73 103.84 105.02 106.15 107.34 108.46 109.55 110.68 111.78 112.91 113.98 115.12 116.20 117.36 118.43 119.55 120.72 121.94 123.10 124.22 125.29 126.40 127.65 129.07 130.24 131.28 132.39 133.38 134.42 135.47 136.59 137.59 138.62 139.70 140.82 141.93 143.04 144.07 145.09 146.18 147.21 148.23 149.28 150.37 151.46 152.57 153.67 154.68 155.38 156.15 157.09 157.95 158.80 159.72 160.59 161.50 162.38
76.92 78.11 79.32 80.58 81.85 83.30 84.72 86.03 87.32 88.66 89.98 91.30 92.58 93.83 95.08 96.32 97.54 98.82 100.08 101.24 102.38 103.54 104.67 105.80 106.86 108.00 109.14 110.26 111.36 112.44 113.57 114.67 115.82 116.94 118.13 119.25 120.46 121.63 122.81 123.90 124.99 126.06 127.33 128.74 129.85 130.83 131.92 133.01 134.07 135.21 136.20 137.28 138.29 139.40 140.49 141.61 142.62 143.69 144.80 145.83 146.89 147.94 149.00 150.10 151.13 152.25 153.25 154.21 154.82 155.68 156.55 157.49 158.40 159.26 160.16 161.05 161.96
76.92 78.12 79.36 80.58 81.83 83.24 84.66 86.00 87.26 88.51 89.83 91.15 92.49 93.68 94.93 96.13 97.42 98.69 99.86 101.08 102.19 103.25 104.40 105.48 106.61 107.73 108.86 109.97 111.04 112.21 113.33 114.45 115.60 116.65 117.87 119.13 120.27 121.38 122.45 123.53 124.62 125.79 127.07 128.43 129.45 130.50 131.61 132.72 133.73 134.84 135.85 136.90 137.97 139.08 140.19 141.28 142.35 143.43 144.51 145.55 146.58 147.63 148.73 149.75 150.80 151.82 152.77 153.68 154.42 155.21 156.17 157.01 157.95 158.84 159.73 160.64 161.58
76.70 77.97 79.22 80.43 81.73 83.09 84.48 85.74 87.02 88.39 89.64 90.96 92.18 93.46 94.68 95.92 97.17 98.39 99.58 100.76 101.84 102.92 104.01 105.12 106.26 107.38 108.50 109.64 110.78 111.93 113.04 114.17 115.26 116.43 117.63 118.82 119.94 121.04 122.02 123.13 124.24 125.38 126.68 128.00 129.00 130.11 131.22 132.30 133.41 134.44 135.48 136.53 137.70 138.82 139.89 141.00 142.08 143.15 144.23 145.28 146.29 147.26 148.32 149.37 150.38 151.32 152.28 153.24 153.96 154.81 155.71 156.61 157.49 158.41 159.33 160.24 161.18
76.55 77.83 79.08 80.34 81.60 83.00 84.37 85.66 86.87 88.17 89.47 90.76 91.98 93.24 94.52 95.70 96.96 98.13 99.29 100.43 101.49 102.53 103.66 104.80 105.99 107.10 108.21 109.35 110.48 111.65 112.72 113.88 115.02 116.19 117.31 118.42 119.51 120.65 121.68 122.82 123.82 124.97 126.24 127.57 128.67 129.79 130.87 131.94 132.99 134.06 135.15 136.29 137.42 138.49 139.61 140.72 141.83 142.90 143.86 144.91 145.85 146.89 147.88 148.94 149.96 150.91 151.87 152.82 153.54 154.30 155.26 156.14 157.07 157.98 158.91 159.85 160.71
76.51 77.73 79.00 80.25 81.57 82.94 84.27 85.53 86.78 88.01 89.25 90.56 91.80 93.03 94.23 95.49 96.64 97.84 98.97 100.09 101.19 102.24 103.39 104.53 105.69 106.82 107.95 109.13 110.22 111.34 112.49 113.64 114.77 115.86 116.91 118.03 119.13 120.23 121.33 122.37 123.44 124.49 125.80 127.21 128.34 129.38 130.51 131.58 132.64 133.68 134.88 136.05 137.15 138.25 139.34 140.47 141.53 142.57 143.50 144.42 145.41 146.50 147.54 148.52 149.51 150.54 151.46 152.37 153.08 153.94 154.79 155.74 156.65 157.58 158.55 159.44 160.39
76.53 77.74 79.01 80.25 81.50 82.89 84.23 85.46 86.61 87.85 89.09 90.37 91.62 92.79 94.05 95.21 96.44 97.60 98.72 99.83 100.87 101.96 103.12 104.27 105.40 106.55 107.70 108.83 109.97 111.08 112.18 113.33 114.46 115.51 116.56 117.62 118.76 119.83 120.95 122.00 123.10 124.15 125.43 126.86 127.95 129.00 130.18 131.23 132.36 133.54 134.65 135.78 136.80 138.00 139.04 140.10 141.13 142.10 143.01 144.01 145.06 146.15 147.19 148.19 149.12 150.08 150.97 151.96 152.65 153.47 154.39 155.33 156.28 157.25 158.20 159.13 160.07
76.58 77.80 78.94 80.16 81.45 82.79 84.08 85.28 86.54 87.71 88.88 90.11 91.31 92.57 93.80 94.99 96.11 97.29 98.42 99.53 100.56 101.64 102.75 103.92 105.12 106.28 107.45 108.58 109.68 110.77 111.91 113.00 114.04 115.10 116.21 117.29 118.38 119.49 120.55 121.67 122.72 123.83 125.10 126.47 127.59 128.71 129.89 131.05 132.18 133.27 134.34 135.36 136.46 137.58 138.68 139.71 140.64 141.63 142.63 143.73 144.80 145.85 146.83 147.75 148.70 149.66 150.59 151.59 152.26 153.10 154.01 155.03 155.97 156.91 157.87 158.81 159.72
