project/src/data/BOM_climate/monthly_mean_rainfall/rainnov.txt
ncols 886
nrows 691
xllcenter 112.0000
yllcenter -44.5000
cellsize 0.0500
nodata_value 99999.90
[rows 510 to 543 of 691, columns 780 to 857 of 886]
102.53 103.07 103.56 104.28 104.82 105.39 106.10 106.83 107.43 108.03 108.73 109.23 109.93 110.40 111.06 111.56 112.18 112.67 113.28 113.80 114.45 115.40 116.05 116.59 117.18 117.74 118.27 118.76 119.27 119.82 120.32 120.87 121.45 122.09 122.68 123.28 123.85 124.39 124.82 125.34 125.74 126.31 126.89 127.49 127.99 128.46 128.97 129.54 130.09 130.75 131.37 131.89 132.43 132.92 133.46 133.98 134.49 134.95 135.35 135.84 136.41 136.98 137.69 138.15 138.62 139.07 139.58 140.05 140.53 0.00 0.00 0.00 0.00 0.00 0.00 0.00 0.00 0.00
102.38 102.83 103.38 103.89 104.54 105.10 105.72 106.41 107.16 107.67 108.39 109.06 109.54 110.24 110.77 111.39 112.05 112.68 113.16 113.73 114.34 115.30 115.90 116.46 117.06 117.55 118.05 118.56 119.12 119.70 120.15 120.71 121.29 122.00 122.54 123.06 123.63 124.12 124.58 125.10 125.61 126.14 126.78 127.30 127.80 128.29 128.82 129.39 129.98 130.63 131.21 131.75 132.26 132.80 133.32 133.82 134.33 134.74 135.16 135.69 136.20 136.84 137.51 137.95 138.40 138.89 139.38 139.87 140.33 0.00 0.00 0.00 0.00 0.00 0.00 0.00 0.00 0.00
102.18 102.64 103.00 103.64 104.14 104.80 105.35 106.25 106.73 107.50 108.00 108.81 109.42 110.12 110.66 111.29 111.88 112.51 113.06 113.69 114.24 115.21 115.79 116.36 116.83 117.40 117.88 118.41 118.98 119.48 120.03 120.52 121.21 121.77 122.32 122.78 123.44 123.84 124.43 124.85 125.47 126.03 126.64 127.11 127.64 128.09 128.66 129.26 129.90 130.46 131.04 131.53 132.10 132.67 133.17 133.68 134.09 134.54 135.01 135.52 136.00 136.64 137.26 137.77 138.21 138.73 139.23 139.67 140.09 0.00 0.00 0.00 0.00 0.00 0.00 0.00 0.00 0.00
101.89 102.31 102.85 103.27 103.88 104.40 105.09 105.83 106.49 107.14 107.83 108.55 109.17 109.82 110.50 111.20 111.72 112.40 112.95 113.54 114.11 115.01 115.55 116.13 116.61 117.14 117.67 118.19 118.78 119.35 119.83 120.36 120.95 121.56 122.07 122.56 123.16 123.67 124.19 124.74 125.35 125.92 126.45 126.93 127.45 127.94 128.52 129.15 129.69 130.31 130.83 131.37 131.96 132.52 133.02 133.46 133.89 134.38 134.79 135.31 135.82 136.44 137.08 137.56 138.01 138.54 138.99 139.45 139.91 0.00 0.00 0.00 0.00 0.00 0.00 0.00 0.00 0.00
101.58 101.93 102.44 102.98 103.57 104.16 104.81 105.46 106.23 106.88 107.66 108.30 109.09 109.64 110.32 110.91 111.64 112.16 112.77 113.33 113.90 114.83 115.35 115.91 116.38 116.91 117.48 118.10 118.58 119.16 119.66 120.20 120.71 121.32 121.80 122.32 122.93 123.52 124.05 124.68 125.24 125.79 126.27 126.77 127.26 127.83 128.38 128.99 129.56 130.15 130.61 131.25 131.83 132.39 132.82 133.24 133.69 134.15 134.59 135.10 135.62 136.23 136.89 137.37 137.86 138.34 138.83 139.28 139.75 0.00 0.00 0.00 0.00 0.00 0.00 0.00 0.00 0.00
101.27 101.59 102.23 102.72 103.26 103.84 104.47 105.35 106.02 106.64 107.43 108.13 108.76 109.45 110.15 110.73 111.38 111.96 112.54 113.16 113.71 114.53 115.11 115.65 116.19 116.73 117.27 117.89 118.44 118.93 119.44 119.91 120.43 121.06 121.57 122.10 122.76 123.32 123.91 124.51 125.06 125.54 126.05 126.59 127.09 127.61 128.20 128.81 129.33 129.91 130.45 131.05 131.59 132.12 132.54 132.96 133.43 133.88 134.35 134.85 135.37 135.96 136.64 137.09 137.61 138.08 138.59 139.06 139.56 0.00 0.00 0.00 0.00 0.00 0.00 0.00 0.00 0.00
100.72 101.26 101.73 102.37 102.98 103.53 104.22 104.93 105.73 106.45 107.17 107.87 108.55 109.18 109.81 110.48 111.10 111.73 112.26 112.80 113.42 114.27 114.88 115.42 115.95 116.52 117.08 117.61 118.16 118.68 119.14 119.60 120.15 120.78 121.30 121.90 122.52 123.11 123.70 124.24 124.77 125.27 125.79 126.35 126.81 127.36 127.90 128.50 129.02 129.57 130.14 130.69 131.22 131.68 132.10 132.56 133.02 133.56 134.01 134.51 135.02 135.59 136.27 136.75 137.24 137.75 138.30 138.76 139.20 0.00 0.00 0.00 0.00 0.00 0.00 0.00 0.00 0.00
100.26 100.90 101.38 102.02 102.62 103.24 103.91 104.79 105.45 106.18 106.88 107.58 108.26 108.92 109.55 110.19 110.84 111.49 112.02 112.58 113.23 114.11 114.62 115.21 115.72 116.31 116.82 117.40 117.92 118.44 118.87 119.37 119.92 120.56 121.12 121.74 122.41 122.95 123.47 124.07 124.53 125.13 125.62 126.09 126.59 127.15 127.72 128.30 128.79 129.40 129.94 130.50 130.97 131.40 131.89 132.34 132.83 133.35 133.87 134.35 134.82 135.41 136.07 136.56 137.09 137.64 138.14 138.64 139.04 0.00 0.00 0.00 0.00 0.00 0.00 0.00 0.00 0.00
99.75 100.45 101.04 101.72 102.33 103.03 103.64 104.53 105.25 105.97 106.65 107.39 107.99 108.75 109.32 110.07 110.65 111.32 111.85 112.47 112.98 113.97 114.47 115.04 115.60 116.16 116.66 117.24 117.75 118.27 118.78 119.25 119.84 120.52 121.07 121.66 122.27 122.84 123.37 123.93 124.49 124.99 125.46 125.95 126.47 127.01 127.59 128.16 128.73 129.30 129.84 130.34 130.80 131.29 131.78 132.28 132.79 133.35 133.79 134.30 134.72 135.36 135.96 136.55 137.07 137.66 138.14 138.59 139.01 0.00 0.00 0.00 0.00 0.00 0.00 0.00 0.00 0.00
99.39 100.03 100.77 101.38 102.12 102.74 103.41 104.34 105.00 105.71 106.46 107.12 107.78 108.42 109.12 109.74 110.51 111.10 111.70 112.21 112.78 113.65 114.27 114.82 115.37 115.95 116.47 117.06 117.58 118.12 118.59 119.16 119.70 120.35 120.90 121.52 122.13 122.75 123.22 123.82 124.27 124.79 125.24 125.80 126.29 126.92 127.43 128.04 128.57 129.16 129.68 130.20 130.65 131.17 131.68 132.22 132.74 133.28 133.70 134.14 134.59 135.19 135.93 136.47 137.07 137.59 138.02 138.49 138.95 0.00 0.00 0.00 0.00 0.00 0.00 0.00 0.00 0.00
98.84 99.57 100.31 101.07 101.72 102.41 103.08 103.94 104.68 105.40 105.95 106.80 107.39 108.14 108.75 109.45 110.10 110.74 111.27 111.85 112.43 113.28 113.90 114.50 115.07 115.64 116.21 116.77 117.34 117.85 118.34 118.92 119.51 120.14 120.75 121.31 122.01 122.55 123.03 123.50 124.05 124.51 125.04 125.56 126.20 126.66 127.27 127.86 128.45 129.00 129.48 129.96 130.47 131.00 131.53 132.04 132.60 133.11 133.54 133.97 134.44 135.08 135.82 136.42 136.95 137.46 137.89 138.37 138.85 0.00 0.00 0.00 0.00 0.00 0.00 0.00 0.00 0.00
98.26 99.12 99.79 100.56 101.27 101.99 102.67 103.52 104.24 104.93 105.67 106.33 107.03 107.69 108.35 109.01 109.61 110.20 110.83 111.40 112.03 112.97 113.57 114.19 114.76 115.32 115.93 116.51 117.05 117.57 118.11 118.65 119.31 119.94 120.51 121.12 121.77 122.28 122.78 123.27 123.77 124.33 124.88 125.41 125.98 126.51 127.09 127.75 128.26 128.81 129.27 129.76 130.32 130.82 131.39 131.92 132.47 132.92 133.39 133.84 134.41 135.04 135.76 136.31 136.85 137.29 137.78 138.23 138.75 0.00 0.00 0.00 0.00 0.00 0.00 0.00 0.00 0.00
97.89 98.68 99.44 100.22 100.97 101.67 102.38 103.17 103.85 104.61 105.34 105.98 106.67 107.29 107.97 108.52 109.21 109.83 110.50 111.10 111.73 112.66 113.28 113.90 114.52 115.09 115.71 116.28 116.82 117.38 117.95 118.47 119.12 119.79 120.34 120.91 121.55 122.06 122.55 123.06 123.59 124.14 124.71 125.25 125.79 126.34 126.95 127.53 128.06 128.53 129.05 129.53 130.07 130.60 131.20 131.73 132.25 132.74 133.21 133.74 134.31 134.97 135.63 136.19 136.65 137.13 137.58 138.12 138.55 0.00 0.00 0.00 0.00 0.00 0.00 0.00 0.00 0.00
97.38 98.25 99.04 99.81 100.57 101.25 102.03 102.86 103.54 104.27 104.91 105.58 106.28 106.85 107.54 108.19 108.83 109.48 110.13 110.77 111.48 112.36 113.02 113.60 114.27 114.85 115.49 116.03 116.67 117.14 117.79 118.29 118.93 119.59 120.17 120.66 121.31 121.84 122.36 122.87 123.45 123.95 124.52 125.05 125.61 126.19 126.75 127.32 127.77 128.34 128.80 129.33 129.82 130.47 130.99 131.55 132.06 132.57 133.10 133.66 134.18 134.84 135.51 135.99 136.47 136.93 137.46 137.91 138.38 0.00 0.00 0.00 0.00 0.00 0.00 0.00 0.00 0.00
97.05 97.82 98.69 99.40 100.19 100.85 101.65 102.46 103.15 103.78 104.51 105.17 105.74 106.44 107.12 107.77 108.49 109.15 109.82 110.44 111.09 112.11 112.70 113.39 114.00 114.65 115.22 115.89 116.40 116.99 117.50 118.11 118.71 119.38 119.88 120.44 121.12 121.64 122.15 122.69 123.20 123.77 124.35 124.87 125.38 125.88 126.47 126.99 127.50 128.01 128.59 129.07 129.68 130.21 130.82 131.32 131.91 132.40 133.01 133.53 134.08 134.68 135.33 135.77 136.24 136.76 137.26 137.74 138.17 0.00 0.00 0.00 0.00 0.00 0.00 0.00 0.00 0.00
96.47 97.38 98.22 99.00 99.77 100.46 101.13 102.07 102.72 103.39 104.04 104.77 105.35 106.15 106.71 107.50 108.12 108.88 109.47 110.18 110.82 111.89 112.45 113.15 113.81 114.44 115.01 115.62 116.17 116.75 117.27 117.85 118.47 119.10 119.68 120.23 120.90 121.41 121.98 122.46 123.07 123.61 124.18 124.64 125.14 125.61 126.15 126.66 127.23 127.81 128.37 128.86 129.49 129.99 130.59 131.16 131.72 132.27 132.82 133.41 133.92 134.49 135.07 135.55 136.05 136.60 137.07 137.53 137.94 0.00 0.00 0.00 0.00 0.00 0.00 0.00 0.00 0.00
96.13 96.99 97.78 98.58 99.28 100.00 100.70 101.56 102.27 102.96 103.71 104.39 105.08 105.77 106.48 107.21 107.89 108.54 109.24 109.95 110.57 111.63 112.30 112.93 113.56 114.19 114.76 115.37 115.95 116.46 117.03 117.62 118.26 118.89 119.45 120.02 120.70 121.22 121.77 122.35 122.90 123.42 123.93 124.41 124.86 125.34 125.87 126.44 127.03 127.61 128.17 128.70 129.25 129.83 130.41 131.00 131.58 132.09 132.70 133.24 133.73 134.28 134.86 135.31 135.87 136.39 136.84 137.25 137.66 0.00 0.00 0.00 0.00 0.00 0.00 0.00 0.00 0.00
95.55 96.47 97.28 98.08 98.81 99.59 100.32 101.15 101.92 102.65 103.40 104.06 104.85 105.54 106.29 106.88 107.64 108.30 108.99 109.62 110.37 111.35 112.05 112.66 113.30 113.89 114.49 115.04 115.68 116.27 116.82 117.43 117.99 118.76 119.26 119.84 120.49 121.11 121.59 122.16 122.65 123.22 123.66 124.16 124.60 125.06 125.64 126.20 126.82 127.41 127.96 128.46 129.04 129.64 130.23 130.83 131.45 131.95 132.54 133.04 133.54 134.03 134.61 135.12 135.64 136.12 136.57 136.97 137.38 0.00 0.00 0.00 0.00 0.00 0.00 0.00 0.00 0.00
95.18 95.99 96.86 97.68 98.48 99.15 99.98 100.80 101.60 102.32 103.17 103.83 104.54 105.28 106.00 106.68 107.35 108.08 108.76 109.45 110.09 111.10 111.77 112.35 112.97 113.61 114.23 114.80 115.39 116.04 116.62 117.22 117.90 118.49 119.06 119.66 120.31 120.88 121.42 121.93 122.42 122.87 123.41 123.86 124.33 124.83 125.37 126.01 126.59 127.16 127.69 128.25 128.83 129.44 130.09 130.66 131.22 131.75 132.31 132.79 133.22 133.74 134.35 134.87 135.36 135.83 136.28 136.65 137.09 0.00 0.00 0.00 0.00 0.00 0.00 0.00 0.00 0.00
94.73 95.66 96.49 97.30 98.09 98.85 99.67 100.54 101.29 102.00 102.81 103.54 104.29 105.00 105.71 106.47 107.07 107.79 108.43 109.15 109.80 110.84 111.42 112.08 112.66 113.30 113.94 114.56 115.22 115.82 116.44 117.00 117.68 118.31 118.88 119.43 120.07 120.62 121.17 121.62 122.11 122.61 123.09 123.63 124.10 124.63 125.19 125.80 126.35 126.95 127.50 128.12 128.65 129.31 129.86 130.47 131.03 131.52 132.06 132.49 132.95 133.45 134.15 134.61 135.13 135.55 136.02 136.43 136.83 0.00 0.00 0.00 0.00 0.00 0.00 0.00 0.00 0.00
94.29 95.07 95.94 96.82 97.55 98.37 99.11 100.10 100.83 101.66 102.41 103.23 103.90 104.62 105.30 106.02 106.68 107.35 108.07 108.77 109.44 110.41 111.14 111.68 112.34 112.97 113.65 114.23 114.93 115.55 116.21 116.74 117.32 117.96 118.53 119.12 119.73 120.31 120.77 121.31 121.72 122.31 122.83 123.34 123.80 124.31 124.88 125.46 126.07 126.69 127.24 127.80 128.41 128.95 129.60 130.13 130.69 131.13 131.60 132.08 132.52 133.16 133.83 134.34 134.77 135.24 135.67 136.09 136.48 0.00 0.00 0.00 0.00 0.00 0.00 0.00 0.00 0.00
93.96 94.82 95.61 96.48 97.23 98.09 98.83 99.82 100.59 101.35 102.12 102.97 103.63 104.35 105.03 105.65 106.39 107.05 107.76 108.44 109.19 110.12 110.82 111.42 112.16 112.76 113.44 114.08 114.71 115.31 115.92 116.50 117.08 117.78 118.32 118.88 119.50 120.05 120.53 121.03 121.55 122.05 122.57 123.09 123.59 124.06 124.67 125.27 125.87 126.48 127.06 127.61 128.19 128.74 129.33 129.85 130.36 130.83 131.34 131.80 132.34 132.97 133.66 134.10 134.54 134.99 135.40 135.79 136.22 0.00 0.00 0.00 0.00 0.00 0.00 0.00 0.00 0.00
93.79 94.57 95.41 96.22 97.02 97.76 98.57 99.54 100.31 101.11 101.89 102.68 103.40 104.08 104.74 105.44 106.06 106.74 107.45 108.18 108.92 109.92 110.64 111.27 111.98 112.60 113.26 113.86 114.49 115.06 115.63 116.25 116.94 117.54 118.13 118.65 119.25 119.83 120.34 120.88 121.32 121.89 122.33 122.89 123.36 123.92 124.47 125.12 125.69 126.28 126.91 127.39 128.01 128.53 129.12 129.58 130.13 130.59 131.15 131.65 132.16 132.82 133.45 133.91 134.28 134.73 135.08 135.53 135.96 0.00 0.00 0.00 0.00 0.00 0.00 0.00 0.00 0.00
93.54 94.29 95.16 95.85 96.76 97.48 98.34 99.22 100.03 100.81 101.59 102.39 103.05 103.83 104.36 105.19 105.77 106.55 107.18 107.93 108.65 109.74 110.48 111.12 111.82 112.43 113.10 113.62 114.35 114.85 115.56 116.15 116.82 117.45 117.95 118.57 119.15 119.74 120.23 120.83 121.23 121.76 122.29 122.80 123.33 123.82 124.46 125.00 125.64 126.19 126.84 127.33 127.89 128.46 128.98 129.51 129.96 130.50 131.12 131.66 132.13 132.69 133.22 133.65 134.02 134.43 134.84 135.31 135.82 0.00 0.00 0.00 0.00 0.00 0.00 0.00 0.00 0.00
93.31 94.04 94.88 95.69 96.46 97.27 98.00 98.99 99.72 100.55 101.28 102.07 102.79 103.47 104.19 104.90 105.59 106.25 106.99 107.70 108.43 109.52 110.25 110.91 111.59 112.23 112.81 113.47 114.14 114.75 115.42 115.97 116.64 117.25 117.82 118.36 119.01 119.59 120.10 120.64 121.10 121.64 122.14 122.69 123.16 123.75 124.29 124.94 125.45 126.11 126.72 127.19 127.81 128.28 128.86 129.31 129.88 130.36 131.06 131.60 132.04 132.54 132.99 133.41 133.77 134.20 134.66 135.20 135.74 0.00 0.00 0.00 0.00 0.00 0.00 0.00 0.00 0.00
93.15 93.94 94.69 95.47 96.24 97.08 97.83 98.75 99.54 100.28 101.09 101.82 102.59 103.30 103.97 104.69 105.44 106.10 106.80 107.52 108.23 109.32 109.99 110.68 111.28 111.94 112.64 113.29 113.97 114.63 115.18 115.78 116.41 117.00 117.63 118.14 118.81 119.37 119.90 120.39 120.93 121.44 121.93 122.52 122.99 123.57 124.13 124.76 125.33 125.92 126.51 127.02 127.56 128.08 128.63 129.13 129.67 130.19 130.85 131.34 131.77 132.24 132.70 133.09 133.49 133.99 134.47 135.06 135.62 0.00 0.00 0.00 0.00 0.00 0.00 0.00 0.00 0.00
93.08 93.81 94.54 95.31 96.08 96.86 97.63 98.56 99.32 100.11 100.90 101.64 102.42 103.10 103.82 104.52 105.23 105.92 106.64 107.23 107.96 109.06 109.70 110.43 111.06 111.75 112.41 113.10 113.74 114.37 114.96 115.54 116.15 116.82 117.37 117.97 118.59 119.16 119.67 120.20 120.73 121.24 121.80 122.30 122.89 123.37 124.00 124.56 125.10 125.72 126.26 126.78 127.32 127.87 128.41 128.93 129.42 129.94 130.58 131.06 131.47 131.92 132.36 132.78 133.31 133.77 134.33 134.88 135.48 0.00 0.00 0.00 0.00 0.00 0.00 0.00 0.00 0.00
93.06 93.65 94.49 95.14 95.95 96.71 97.47 98.36 99.16 99.95 100.73 101.56 102.18 102.97 103.64 104.31 104.99 105.68 106.35 106.98 107.71 108.79 109.54 110.19 110.86 111.54 112.18 112.86 113.49 114.11 114.69 115.34 115.99 116.66 117.19 117.76 118.45 118.90 119.50 120.03 120.56 121.11 121.67 122.22 122.72 123.29 123.81 124.40 124.90 125.52 126.05 126.59 127.15 127.67 128.21 128.69 129.23 129.68 130.30 130.77 131.20 131.64 132.14 132.64 133.12 133.65 134.19 134.76 135.36 0.00 0.00 0.00 0.00 0.00 0.00 0.00 0.00 0.00
92.99 93.67 94.41 95.08 95.83 96.57 97.30 98.25 98.93 99.77 100.52 101.36 101.98 102.72 103.43 104.05 104.74 105.42 106.10 106.74 107.44 108.55 109.31 109.97 110.64 111.25 111.92 112.62 113.23 113.91 114.49 115.14 115.77 116.48 117.01 117.56 118.26 118.78 119.32 119.85 120.47 120.98 121.58 122.03 122.57 123.10 123.62 124.19 124.72 125.32 125.82 126.42 126.92 127.46 127.98 128.48 128.99 129.43 130.04 130.52 130.97 131.42 131.96 132.47 132.97 133.52 134.02 134.65 135.22 0.00 0.00 0.00 0.00 0.00 0.00 0.00 0.00 0.00
92.97 93.57 94.28 94.92 95.66 96.39 97.14 98.03 98.75 99.53 100.31 101.08 101.74 102.49 103.12 103.83 104.45 105.16 105.85 106.49 107.25 108.32 109.07 109.73 110.44 111.04 111.74 112.37 113.03 113.70 114.29 114.90 115.54 116.22 116.80 117.37 118.09 118.62 119.13 119.71 120.30 120.90 121.36 121.86 122.33 122.86 123.40 123.95 124.48 125.09 125.65 126.18 126.69 127.23 127.71 128.20 128.72 129.19 129.77 130.27 130.72 131.23 131.78 132.31 132.83 133.34 133.94 134.52 135.13 0.00 0.00 0.00 0.00 0.00 0.00 0.00 0.00 0.00
92.86 93.46 94.13 94.82 95.46 96.20 96.93 97.83 98.52 99.25 100.06 100.79 101.52 102.15 102.94 103.58 104.25 104.97 105.67 106.31 107.01 108.16 108.82 109.56 110.22 110.92 111.53 112.22 112.87 113.45 114.10 114.67 115.35 116.02 116.63 117.19 117.86 118.48 119.03 119.61 120.19 120.69 121.19 121.63 122.14 122.60 123.14 123.76 124.29 124.92 125.42 125.94 126.44 126.93 127.44 127.95 128.43 128.96 129.53 130.03 130.55 131.06 131.63 132.16 132.67 133.29 133.85 134.45 134.96 0.00 0.00 0.00 0.00 0.00 0.00 0.00 0.00 0.00
92.75 93.33 93.97 94.60 95.29 96.04 96.70 97.55 98.29 98.97 99.83 100.55 101.29 102.03 102.69 103.42 104.04 104.78 105.48 106.16 106.85 107.96 108.71 109.34 110.05 110.75 111.33 112.01 112.62 113.28 113.84 114.48 115.15 115.84 116.47 117.04 117.75 118.31 118.89 119.46 120.00 120.51 120.92 121.41 121.87 122.38 122.98 123.58 124.12 124.68 125.18 125.66 126.17 126.66 127.18 127.69 128.23 128.71 129.33 129.89 130.37 130.92 131.49 132.04 132.62 133.19 133.78 134.26 134.79 0.00 0.00 0.00 0.00 0.00 0.00 0.00 0.00 0.00
92.58 93.26 93.79 94.43 95.07 95.76 96.53 97.28 98.08 98.82 99.57 100.41 101.05 101.84 102.51 103.20 103.84 104.57 105.32 106.01 106.71 107.80 108.52 109.18 109.84 110.52 111.18 111.77 112.37 113.09 113.61 114.27 114.97 115.68 116.29 116.84 117.61 118.15 118.74 119.21 119.77 120.26 120.67 121.21 121.65 122.26 122.82 123.37 123.91 124.40 124.92 125.37 125.89 126.37 126.94 127.49 127.98 128.57 129.17 129.73 130.22 130.80 131.39 131.95 132.56 133.07 133.58 134.02 134.53 0.00 0.00 0.00 0.00 0.00 0.00 0.00 0.00 0.00
92.51 93.12 93.71 94.35 95.00 95.64 96.40 97.15 97.96 98.65 99.44 100.22 100.90 101.71 102.31 103.05 103.73 104.43 105.22 105.87 106.61 107.61 108.34 109.00 109.64 110.29 110.92 111.55 112.17 112.80 113.45 114.06 114.78 115.49 116.11 116.67 117.38 117.96 118.48 118.98 119.51 120.01 120.46 120.96 121.60 122.08 122.62 123.12 123.60 124.16 124.61 125.11 125.65 126.20 126.77 127.28 127.86 128.38 129.02 129.57 130.06 130.66 131.28 131.85 132.37 132.85 133.34 133.81 134.27 0.00 0.00 0.00 0.00 0.00 0.00 0.00 0.00 0.00
