project/src/data/BOM_climate/monthly_mean_rainfall/rainapr.txt
ncols 886
nrows 691
xllcenter 112.0000
yllcenter -44.5000
cellsize 0.0500
nodata_value 99999.90
[rows 140 to 174 of 691, columns 390 to 467 of 886]
22.10 22.25 22.35 22.27 22.10 21.98 21.83 21.76 21.47 21.06 20.90 20.45 20.27 19.94 19.64 19.33 19.04 18.80 18.55 18.35 18.30 18.24 18.11 17.94 17.83 17.64 17.45 17.27 17.08 16.92 16.73 16.45 16.23 16.07 15.95 15.82 15.74 15.73 15.64 15.65 15.69 15.66 15.75 15.86 16.01 16.25 16.35 16.44 16.64 16.68 16.64 16.83 16.97 17.07 17.24 17.51 17.53 17.45 17.42 17.49 17.67 17.84 18.01 17.89 17.86 17.76 17.80 17.95 18.11 18.33 18.46 18.52 18.49 18.62 18.85 18.83 18.67 18.53
21.73 21.77 21.69 21.61 21.50 21.46 21.36 21.23 21.14 20.80 20.63 20.23 20.00 19.73 19.51 19.16 18.85 18.63 18.47 18.43 18.42 18.30 18.15 17.99 17.86 17.69 17.59 17.45 17.22 16.98 16.75 16.64 16.48 16.30 16.16 16.05 15.99 15.96 15.96 15.99 16.05 16.03 16.11 16.19 16.31 16.44 16.49 16.60 16.67 16.61 16.56 16.64 16.74 16.90 17.06 17.20 17.19 17.18 17.21 17.36 17.53 17.58 17.55 17.44 17.37 17.37 17.50 17.58 17.63 17.83 18.13 18.30 18.39 18.33 18.66 18.81 18.39 18.17
20.99 21.06 21.24 21.30 21.30 21.19 21.02 20.84 20.68 20.47 20.28 19.98 19.75 19.49 19.26 19.06 18.83 18.62 18.57 18.52 18.34 18.24 18.05 17.95 17.92 17.69 17.61 17.47 17.27 17.11 16.83 16.79 16.74 16.60 16.44 16.31 16.25 16.26 16.26 16.32 16.38 16.39 16.40 16.49 16.63 16.67 16.63 16.62 16.61 16.55 16.64 16.69 16.73 16.78 16.86 16.92 16.98 17.01 17.03 17.12 17.23 17.19 17.09 17.04 17.04 17.10 17.29 17.30 17.38 17.51 17.69 17.98 18.13 18.13 18.23 18.50 18.40 18.52
20.58 20.94 21.20 21.16 21.20 21.08 20.88 20.62 20.45 20.31 20.16 20.03 19.81 19.52 19.34 19.07 18.89 18.69 18.53 18.38 18.16 18.09 17.94 17.98 18.01 17.78 17.61 17.49 17.37 17.28 17.14 17.01 16.90 16.86 16.72 16.58 16.56 16.59 16.53 16.56 16.69 16.69 16.70 16.78 16.81 16.84 16.75 16.66 16.66 16.68 16.77 16.92 16.88 16.83 16.84 16.85 16.86 16.93 16.99 16.93 16.87 16.83 16.78 16.75 16.81 16.94 17.14 17.22 17.26 17.35 17.44 17.44 17.54 17.44 17.61 17.83 17.93 17.94
20.32 20.70 20.85 20.87 20.90 20.87 20.73 20.45 20.38 20.27 20.10 20.04 19.82 19.50 19.22 19.00 18.75 18.62 18.52 18.27 18.11 18.04 18.04 18.07 18.01 17.81 17.63 17.46 17.46 17.43 17.32 17.06 16.95 16.99 16.92 16.86 16.87 16.97 16.89 16.90 17.08 17.05 17.08 17.06 17.02 16.99 16.92 16.97 16.96 16.90 17.02 17.14 17.08 16.94 16.87 16.82 16.78 16.76 16.77 16.67 16.63 16.63 16.58 16.60 16.77 16.78 16.89 16.91 16.95 16.96 16.99 16.96 16.90 16.91 17.02 17.17 17.37 17.58
19.90 20.31 20.54 20.52 20.60 20.52 20.44 20.28 20.18 20.09 20.01 19.77 19.58 19.25 19.14 18.90 18.77 18.47 18.32 18.29 18.12 18.02 18.04 17.97 17.93 17.81 17.57 17.44 17.50 17.58 17.44 17.23 17.17 17.17 17.16 17.13 17.15 17.28 17.30 17.27 17.43 17.44 17.54 17.50 17.47 17.36 17.33 17.41 17.40 17.24 17.27 17.29 17.27 17.22 17.07 16.87 16.76 16.67 16.58 16.51 16.50 16.45 16.42 16.54 16.67 16.65 16.57 16.48 16.45 16.48 16.54 16.50 16.57 16.65 16.72 16.83 17.14 17.48
19.54 19.77 20.01 20.07 20.07 20.14 20.07 19.99 19.88 19.79 19.63 19.40 19.30 19.12 18.93 18.85 18.56 18.39 18.33 18.19 18.00 17.96 17.93 17.86 17.81 17.71 17.60 17.52 17.57 17.58 17.45 17.34 17.34 17.34 17.36 17.42 17.46 17.53 17.59 17.90 17.92 18.10 18.17 18.16 18.13 17.95 17.75 17.77 17.66 17.43 17.36 17.30 17.26 17.32 17.27 17.06 16.81 16.65 16.53 16.39 16.35 16.29 16.29 16.39 16.35 16.23 16.09 16.07 16.07 16.07 16.17 16.40 16.43 16.61 16.65 16.65 16.90 17.26
19.30 19.34 19.66 19.71 19.75 19.89 19.85 19.78 19.71 19.59 19.47 19.31 19.16 19.04 18.77 18.71 18.50 18.49 18.44 18.12 18.05 17.98 17.93 17.92 17.86 17.78 17.76 17.71 17.68 17.69 17.59 17.55 17.56 17.60 17.67 17.75 17.86 17.91 17.97 18.45 18.60 18.79 18.95 18.86 18.76 18.60 18.33 18.09 17.91 17.73 17.50 17.38 17.28 17.18 17.14 17.12 16.94 16.60 16.46 16.32 16.23 16.26 16.14 16.02 15.96 15.90 15.90 15.96 15.94 15.94 16.03 16.20 16.26 16.23 16.13 16.25 16.47 16.80
19.06 19.23 19.36 19.38 19.40 19.53 19.64 19.62 19.55 19.47 19.34 19.18 19.03 18.91 18.73 18.60 18.44 18.42 18.29 18.11 17.98 17.93 17.88 17.87 17.89 17.91 17.91 17.88 17.80 17.81 17.75 17.80 17.81 17.82 17.96 18.09 18.24 18.42 18.50 19.06 19.30 19.48 19.63 19.53 19.34 19.07 18.75 18.47 18.22 17.94 17.73 17.50 17.35 17.19 17.12 17.08 16.96 16.67 16.40 16.27 16.12 16.08 15.99 15.90 15.77 15.75 15.88 15.87 15.75 15.82 15.88 15.85 15.87 15.75 15.75 15.79 15.95 16.19
18.90 18.97 19.06 19.05 19.13 19.22 19.43 19.43 19.40 19.31 19.22 19.12 19.00 18.82 18.62 18.53 18.42 18.35 18.20 18.11 18.07 18.02 17.93 17.89 17.96 17.98 18.02 17.99 17.98 18.00 17.90 17.95 17.98 18.08 18.22 18.40 18.68 18.97 19.19 19.90 20.14 20.19 20.25 20.09 19.78 19.48 19.06 18.72 18.42 18.14 17.86 17.62 17.42 17.22 17.07 17.03 16.89 16.54 16.28 16.16 16.12 15.93 15.84 15.75 15.66 15.55 15.51 15.45 15.46 15.51 15.44 15.41 15.36 15.35 15.37 15.44 15.63 15.80
18.67 18.62 18.76 18.76 18.82 18.96 19.23 19.31 19.22 19.16 19.02 19.00 18.93 18.78 18.58 18.46 18.33 18.23 18.17 18.15 18.09 18.04 17.99 17.95 17.96 17.99 18.10 18.06 18.07 18.06 18.04 18.10 18.17 18.29 18.45 18.77 19.10 19.32 19.64 20.40 21.01 20.98 20.79 20.46 20.05 19.68 19.27 18.88 18.51 18.17 17.88 17.65 17.45 17.26 17.08 16.92 16.85 16.63 16.38 16.25 16.12 15.81 15.70 15.58 15.47 15.38 15.27 15.20 15.15 15.14 15.09 15.05 15.06 15.12 15.15 15.19 15.41 15.54
18.46 18.34 18.45 18.52 18.59 18.72 18.89 19.05 18.95 18.94 18.87 18.87 18.83 18.65 18.42 18.30 18.21 18.25 18.19 18.12 18.08 18.10 18.04 17.99 18.00 18.05 18.05 18.05 18.15 18.13 18.09 18.21 18.37 18.49 18.70 19.06 19.19 19.52 20.02 20.72 21.54 21.74 21.21 20.68 20.20 19.75 19.36 18.94 18.49 18.15 17.88 17.70 17.54 17.32 17.05 16.87 16.70 16.65 16.46 16.30 16.04 15.67 15.53 15.42 15.32 15.18 15.08 15.09 14.97 14.89 14.93 14.95 14.90 14.86 14.86 14.84 15.02 14.95
18.32 18.14 18.24 18.33 18.40 18.48 18.59 18.72 18.67 18.64 18.75 18.79 18.64 18.42 18.25 18.22 18.16 18.18 18.17 18.10 18.04 18.07 18.08 18.04 18.04 18.08 18.10 18.05 18.14 18.20 18.22 18.31 18.49 18.62 18.93 19.13 19.35 19.75 20.24 20.73 21.31 21.61 21.45 20.80 20.25 19.82 19.37 18.91 18.49 18.14 17.86 17.60 17.45 17.27 17.02 16.76 16.55 16.44 16.36 16.25 16.08 15.71 15.46 15.23 15.08 14.99 14.91 14.83 14.80 14.71 14.66 14.65 14.65 14.65 14.51 14.44 14.54 14.53
18.24 18.13 18.21 18.23 18.23 18.32 18.43 18.50 18.47 18.46 18.47 18.63 18.45 18.37 18.30 18.24 18.15 18.18 18.15 18.12 18.06 18.06 18.05 18.04 18.06 18.03 18.07 18.13 18.20 18.24 18.27 18.38 18.52 18.77 19.03 19.12 19.46 19.86 20.25 20.63 20.90 21.06 21.20 20.87 20.13 19.68 19.23 18.76 18.36 18.06 17.84 17.54 17.35 17.16 16.92 16.66 16.43 16.24 16.18 16.04 16.00 15.88 15.51 15.12 14.93 14.78 14.68 14.57 14.55 14.46 14.31 14.32 14.33 14.31 14.21 14.08 14.07 14.09
18.20 18.17 18.19 18.20 18.21 18.27 18.34 18.36 18.36 18.39 18.38 18.48 18.37 18.41 18.40 18.32 18.19 18.19 18.20 18.20 18.12 18.06 18.02 18.03 18.03 18.03 18.06 18.11 18.16 18.24 18.31 18.39 18.62 18.92 18.94 19.10 19.43 19.74 20.01 20.35 20.55 20.60 20.78 20.73 20.01 19.43 19.00 18.61 18.25 17.93 17.72 17.47 17.23 17.01 16.74 16.48 16.25 16.09 15.96 15.89 15.84 15.62 15.27 14.95 14.73 14.58 14.52 14.44 14.35 14.31 14.18 14.13 14.10 14.00 13.92 13.76 13.76 13.77
18.24 18.22 18.21 18.25 18.29 18.34 18.40 18.40 18.39 18.37 18.31 18.29 18.24 18.24 18.24 18.20 18.21 18.14 18.14 18.13 18.12 18.14 18.07 18.05 18.08 18.11 18.15 18.13 18.20 18.26 18.35 18.45 18.72 18.92 18.86 19.03 19.30 19.52 19.77 20.00 20.12 20.11 20.20 20.29 19.74 19.16 18.76 18.40 18.11 17.82 17.61 17.33 17.08 16.87 16.60 16.29 16.10 15.96 15.83 15.75 15.57 15.28 15.01 14.75 14.51 14.42 14.44 14.36 14.23 14.20 14.04 13.96 13.90 13.71 13.56 13.48 13.43 13.39
18.30 18.27 18.24 18.35 18.48 18.46 18.53 18.54 18.51 18.48 18.36 18.25 18.18 18.06 17.97 17.89 17.92 17.95 17.99 17.94 18.01 18.04 18.01 18.04 18.06 18.10 18.16 18.19 18.21 18.30 18.36 18.57 18.83 18.81 18.75 18.92 19.09 19.27 19.46 19.62 19.68 19.64 19.61 19.53 19.32 18.79 18.44 18.16 17.96 17.66 17.33 17.02 16.80 16.69 16.44 16.19 15.91 15.76 15.61 15.38 15.29 15.01 14.80 14.52 14.34 14.33 14.30 14.21 14.12 13.99 13.80 13.66 13.56 13.38 13.24 13.14 13.12 13.05
18.33 18.31 18.28 18.37 18.62 18.69 18.69 18.80 18.71 18.71 18.54 18.34 18.18 18.04 18.00 17.86 17.81 17.81 17.77 17.78 17.85 17.81 17.82 17.91 18.04 18.15 18.19 18.13 18.17 18.26 18.32 18.49 18.79 18.56 18.61 18.75 18.91 19.02 19.11 19.20 19.24 19.16 19.02 19.07 19.01 18.45 18.08 17.81 17.59 17.32 17.04 16.77 16.62 16.46 16.25 15.98 15.72 15.53 15.37 15.14 15.00 14.82 14.63 14.43 14.17 14.10 14.07 14.01 13.94 13.75 13.61 13.37 13.21 13.04 12.88 12.81 12.75 12.69
18.40 18.40 18.32 18.32 18.51 18.65 18.84 18.89 18.90 18.88 18.71 18.54 18.42 18.27 18.19 18.08 17.87 17.83 17.72 17.67 17.69 17.70 17.72 17.81 17.96 18.06 18.10 18.03 18.07 18.17 18.22 18.41 18.59 18.42 18.48 18.58 18.67 18.76 18.82 18.88 18.84 18.74 18.62 18.59 18.73 18.24 17.75 17.45 17.19 16.94 16.80 16.55 16.36 16.21 15.94 15.74 15.62 15.44 15.17 14.97 14.92 14.71 14.41 14.25 14.06 13.92 13.90 13.81 13.63 13.50 13.43 13.17 12.96 12.80 12.66 12.54 12.43 12.34
18.46 18.41 18.33 18.27 18.26 18.50 18.73 18.87 18.88 18.87 18.82 18.69 18.53 18.46 18.31 18.19 17.90 17.79 17.73 17.63 17.69 17.82 17.86 17.73 17.77 17.89 17.99 17.91 18.02 18.04 18.07 18.23 18.43 18.40 18.37 18.43 18.44 18.47 18.50 18.49 18.44 18.33 18.25 18.32 18.40 18.01 17.45 17.09 16.81 16.59 16.41 16.26 16.05 15.83 15.58 15.50 15.42 15.25 15.06 14.79 14.68 14.57 14.29 14.06 13.86 13.73 13.68 13.53 13.37 13.27 13.19 12.98 12.78 12.65 12.49 12.34 12.21 12.12
18.46 18.41 18.34 18.25 18.22 18.32 18.52 18.77 18.82 18.82 18.84 18.70 18.59 18.52 18.41 18.22 17.99 17.84 17.85 17.70 17.72 17.80 17.80 17.76 17.70 17.71 17.81 17.81 17.87 17.91 17.96 18.04 18.18 18.29 18.22 18.22 18.19 18.21 18.17 18.14 18.03 17.92 17.88 18.08 18.16 17.66 17.07 16.69 16.44 16.22 15.96 15.90 15.72 15.53 15.31 15.13 14.99 14.90 14.82 14.56 14.41 14.24 14.05 13.87 13.66 13.52 13.44 13.30 13.20 13.14 12.95 12.74 12.63 12.50 12.35 12.19 12.08 11.97
18.42 18.38 18.32 18.25 18.20 18.26 18.37 18.61 18.71 18.75 18.74 18.66 18.54 18.46 18.42 18.25 18.05 17.91 18.01 17.96 17.96 17.91 17.96 17.95 17.91 17.71 17.72 17.70 17.75 17.84 17.92 17.95 18.03 18.12 18.15 18.08 18.01 17.97 17.91 17.83 17.70 17.59 17.56 17.53 17.65 17.28 16.76 16.36 16.07 15.86 15.63 15.49 15.35 15.21 15.02 14.83 14.71 14.57 14.42 14.30 14.25 14.06 13.82 13.64 13.50 13.35 13.23 13.14 13.10 13.00 12.73 12.57 12.49 12.36 12.22 12.06 11.92 11.82
18.36 18.34 18.28 18.22 18.16 18.36 18.62 18.71 18.71 18.70 18.68 18.63 18.51 18.39 18.30 18.17 18.04 17.88 17.92 17.99 18.02 18.04 18.06 18.06 18.07 17.90 17.76 17.66 17.74 17.77 17.81 17.86 17.92 17.93 17.94 17.97 17.87 17.74 17.62 17.53 17.37 17.27 17.19 17.29 17.20 16.95 16.45 16.03 15.70 15.51 15.32 15.13 14.99 14.87 14.72 14.59 14.47 14.31 14.23 14.16 14.02 13.83 13.62 13.46 13.33 13.20 13.08 12.97 12.89 12.81 12.57 12.46 12.40 12.27 12.13 11.98 11.86 11.81
18.27 18.26 18.20 18.15 18.12 18.24 18.49 18.67 18.67 18.63 18.56 18.49 18.40 18.25 18.13 18.04 17.94 17.82 17.74 17.73 17.85 17.96 17.82 17.87 18.04 18.09 17.84 17.61 17.78 17.69 17.68 17.69 17.72 17.71 17.73 17.73 17.63 17.49 17.33 17.18 17.03 16.92 16.96 17.08 16.89 16.71 16.10 15.72 15.43 15.19 15.02 14.80 14.70 14.60 14.48 14.37 14.27 14.13 14.06 13.96 13.78 13.61 13.44 13.29 13.17 13.07 12.95 12.85 12.73 12.64 12.47 12.38 12.29 12.18 12.06 11.99 11.95 11.96
18.23 18.12 18.07 18.03 18.06 18.18 18.32 18.55 18.52 18.45 18.40 18.26 18.15 18.11 17.95 17.87 17.66 17.60 17.47 17.59 17.67 17.66 17.64 17.91 18.00 18.09 17.86 17.52 17.68 17.57 17.52 17.53 17.52 17.48 17.49 17.40 17.30 17.24 17.03 16.87 16.71 16.59 16.69 16.91 16.68 16.39 15.76 15.42 15.07 14.84 14.70 14.53 14.41 14.32 14.22 14.16 14.07 13.96 13.82 13.67 13.54 13.40 13.27 13.12 13.02 12.90 12.79 12.69 12.58 12.51 12.43 12.30 12.18 12.11 12.12 12.15 12.14 12.15
18.19 18.01 17.94 17.90 17.96 18.06 18.12 18.23 18.22 18.02 18.03 17.96 17.89 17.97 17.75 17.54 17.41 17.35 17.30 17.46 17.49 17.49 17.57 17.66 17.78 17.91 17.72 17.53 17.51 17.42 17.41 17.42 17.34 17.27 17.24 17.12 17.01 16.93 16.69 16.57 16.45 16.34 16.32 16.62 16.57 15.96 15.47 15.07 14.72 14.51 14.37 14.23 14.12 14.06 13.99 13.92 13.85 13.82 13.67 13.52 13.39 13.27 13.13 13.01 12.87 12.75 12.65 12.54 12.46 12.41 12.33 12.20 12.14 12.09 12.22 12.29 12.37 12.34
17.95 17.86 17.83 17.80 17.81 17.96 18.02 18.00 17.93 17.81 17.72 17.71 17.60 17.62 17.56 17.36 17.30 17.24 17.24 17.24 17.27 17.30 17.43 17.48 17.52 17.71 17.56 17.46 17.34 17.30 17.41 17.41 17.20 17.06 17.01 16.90 16.79 16.69 16.44 16.32 16.21 16.10 16.05 16.14 16.14 15.80 15.15 14.71 14.47 14.22 14.09 14.00 13.91 13.86 13.81 13.75 13.74 13.71 13.60 13.42 13.26 13.12 13.01 12.89 12.72 12.61 12.53 12.46 12.37 12.25 12.18 12.15 12.11 12.08 12.20 12.28 12.38 12.39
17.80 17.85 17.76 17.70 17.65 17.74 17.87 17.86 17.70 17.60 17.54 17.53 17.48 17.39 17.30 17.25 17.19 17.15 17.24 17.31 17.24 17.16 17.20 17.21 17.24 17.30 17.35 17.26 17.31 17.36 17.43 17.40 17.21 16.95 16.81 16.69 16.58 16.46 16.28 16.14 15.98 15.86 15.80 15.93 15.59 15.50 14.87 14.57 14.24 14.02 13.94 13.81 13.77 13.76 13.75 13.70 13.64 13.61 13.53 13.37 13.16 13.03 12.91 12.78 12.62 12.52 12.42 12.36 12.29 12.22 12.15 12.09 12.08 12.10 12.13 12.20 12.32 12.39
17.81 17.75 17.73 17.66 17.54 17.50 17.52 17.58 17.52 17.43 17.43 17.40 17.37 17.25 17.17 17.20 17.15 17.14 17.10 17.25 17.31 17.25 17.18 17.23 17.23 17.18 17.20 17.24 17.22 17.33 17.33 17.38 17.26 16.98 16.68 16.50 16.38 16.20 16.06 15.95 15.76 15.62 15.50 15.42 15.24 15.19 14.87 14.51 14.03 14.02 13.87 13.76 13.71 13.71 13.70 13.63 13.60 13.54 13.48 13.33 13.12 12.98 12.86 12.71 12.57 12.45 12.34 12.30 12.24 12.17 12.14 12.09 12.12 12.16 12.19 12.23 12.33 12.39
17.98 17.66 17.66 17.54 17.40 17.33 17.36 17.31 17.31 17.30 17.31 17.29 17.25 17.16 17.24 17.23 17.05 17.19 17.02 17.00 17.09 17.41 17.30 17.24 17.13 17.04 17.02 17.13 17.02 17.10 17.13 17.18 17.22 17.09 16.74 16.42 16.16 15.99 15.86 15.74 15.57 15.40 15.26 15.28 15.15 15.07 14.99 14.57 14.09 14.12 13.99 13.88 13.76 13.72 13.66 13.59 13.57 13.51 13.43 13.29 13.12 12.94 12.83 12.69 12.49 12.39 12.29 12.27 12.20 12.14 12.12 12.11 12.17 12.21 12.25 12.27 12.32 12.43
17.69 17.47 17.44 17.37 17.24 17.21 17.20 17.15 17.15 17.15 17.18 17.18 17.17 17.07 17.20 17.12 16.94 17.10 17.03 16.93 16.92 17.17 17.26 17.17 17.07 16.92 16.88 16.91 16.95 16.86 17.00 17.04 16.97 16.85 16.71 16.33 16.00 15.83 15.70 15.56 15.41 15.28 15.12 15.13 15.14 14.85 14.72 14.62 14.54 14.48 14.42 14.12 13.89 13.83 13.74 13.64 13.58 13.49 13.38 13.23 13.04 12.91 12.81 12.63 12.44 12.35 12.27 12.24 12.18 12.14 12.08 12.10 12.21 12.29 12.32 12.31 12.35 12.44
17.47 17.38 17.30 17.25 17.33 17.20 17.09 17.05 17.06 17.05 17.08 17.13 17.10 17.07 17.16 17.06 17.00 17.03 16.98 16.83 16.82 16.89 17.04 17.14 17.13 16.89 16.79 16.74 16.78 16.67 16.74 16.79 16.79 16.54 16.37 16.26 16.07 15.86 15.68 15.49 15.34 15.23 15.09 15.04 15.04 14.79 14.66 14.69 14.79 14.85 14.88 14.59 14.31 14.09 13.87 13.78 13.62 13.47 13.34 13.21 13.03 12.89 12.83 12.66 12.45 12.33 12.26 12.22 12.18 12.12 12.11 12.14 12.18 12.19 12.27 12.37 12.43 12.48
17.54 17.43 17.41 17.39 17.33 17.10 16.99 16.96 16.92 16.91 16.98 17.06 17.05 16.96 17.09 16.97 17.04 17.11 16.81 16.69 16.72 16.83 16.92 17.05 17.14 16.96 16.75 16.63 16.57 16.59 16.47 16.47 16.48 16.40 16.19 16.12 16.04 15.85 15.68 15.70 15.38 15.26 15.17 15.17 15.00 15.03 14.97 14.94 14.89 15.03 15.16 15.24 14.84 14.28 14.07 13.89 13.70 13.52 13.36 13.22 13.06 12.90 12.78 12.61 12.45 12.30 12.24 12.21 12.16 12.13 12.12 12.16 12.19 12.19 12.21 12.34 12.41 12.46
17.58 17.45 17.58 17.48 17.15 16.98 16.92 16.86 16.86 16.81 16.82 16.95 17.02 16.87 16.84 16.93 17.00 16.95 16.73 16.61 16.60 16.76 16.88 16.93 16.98 16.88 16.61 16.48 16.45 16.41 16.33 16.17 16.19 16.35 16.22 16.02 16.04 15.81 15.60 15.65 15.72 15.52 15.40 15.29 15.18 15.24 15.24 15.40 15.23 15.25 15.49 15.57 15.16 14.52 14.23 14.01 13.79 13.59 13.42 13.28 13.11 12.92 12.80 12.59 12.41 12.30 12.24 12.18 12.16 12.18 12.13 12.17 12.17 12.19 12.23 12.31 12.40 12.52
17.51 17.44 17.38 17.27 17.07 16.98 16.83 16.74 16.78 16.76 16.72 16.81 16.90 16.80 16.76 16.85 16.86 16.71 16.59 16.56 16.57 16.70 16.87 16.89 16.79 16.66 16.47 16.37 16.35 16.30 16.24 16.08 16.01 16.07 16.15 15.93 15.79 15.78 15.64 15.49 15.59 15.73 15.66 15.41 15.46 15.60 15.37 15.59 15.79 15.74 15.63 15.60 15.16 14.72 14.38 14.14 13.92 13.72 13.54 13.36 13.14 12.97 12.86 12.67 12.48 12.36 12.26 12.16 12.16 12.17 12.15 12.13 12.17 12.19 12.25 12.33 12.42 12.61
