project/src/data/BOM_climate/monthly_mean_rainfall/rainjan.txt
ncols 886
nrows 691
xllcenter 112.0000
yllcenter -44.5000
cellsize 0.0500
nodata_value 99999.90
[rows 510 to 543 of 691, columns 616 to 692 of 886]
20.65 20.29 20.15 19.86 19.92 19.98 20.23 20.66 21.16 21.54 22.01 22.35 22.54 22.94 23.05 22.97 23.26 23.74 24.33 24.96 25.52 26.03 26.47 26.82 27.07 27.20 27.23 27.30 27.37 27.48 27.61 27.82 28.06 28.26 28.49 28.69 28.72 28.46 28.12 27.74 27.40 27.22 27.02 26.87 26.78 26.73 26.62 26.48 26.30 26.16 25.95 25.78 25.58 25.39 25.22 25.13 25.07 25.08 25.21 25.43 25.85 26.29 26.67 27.12 27.53 27.85 28.17 28.52 28.99 29.02 29.17 29.53 29.93 30.45 31.01 32.03 33.15
21.06 20.71 20.37 20.15 20.02 20.16 20.32 20.67 21.12 21.59 21.90 22.17 22.47 22.84 22.85 22.83 23.20 23.81 24.42 25.15 25.84 26.33 26.82 27.19 27.40 27.52 27.61 27.64 27.78 27.74 27.83 27.94 28.06 28.21 28.34 28.42 28.34 28.09 27.76 27.44 27.15 27.04 26.89 26.75 26.60 26.62 26.52 26.48 26.37 26.20 26.03 25.87 25.69 25.53 25.40 25.32 25.32 25.41 25.57 25.84 26.31 26.68 27.11 27.46 27.85 28.23 28.65 29.19 29.30 29.45 29.69 29.97 30.39 30.86 31.29 31.90 32.61
21.56 21.10 20.76 20.42 20.28 20.38 20.60 21.03 21.35 21.74 21.98 22.22 22.45 23.26 23.17 23.05 23.45 23.97 24.60 25.35 26.06 26.62 27.01 27.42 27.68 27.81 27.91 27.94 27.92 28.00 27.97 28.02 28.07 28.15 28.14 28.12 27.93 27.67 27.38 27.05 26.88 26.91 26.82 26.59 26.46 26.49 26.51 26.51 26.47 26.31 26.14 26.04 25.85 25.75 25.66 25.62 25.67 25.81 26.03 26.33 26.79 27.17 27.65 28.05 28.39 28.66 28.99 29.61 30.02 30.07 30.22 30.58 30.98 31.30 31.79 32.36 33.13
22.20 21.68 21.30 20.97 20.70 20.77 20.94 21.28 21.48 21.77 22.00 22.30 22.78 23.59 23.40 23.30 23.73 24.25 24.82 25.55 26.22 26.79 27.31 27.71 27.87 27.94 28.06 28.07 28.07 28.13 28.14 28.12 28.01 27.96 27.89 27.80 27.60 27.30 27.04 26.76 26.58 26.55 26.53 26.38 26.38 26.42 26.40 26.44 26.48 26.44 26.33 26.21 26.11 26.05 26.06 25.98 26.13 26.32 26.59 26.93 27.42 27.77 28.18 28.61 28.99 29.38 29.75 30.11 30.36 30.63 30.82 31.37 31.78 31.93 32.37 32.87 33.49
22.72 22.23 21.88 21.61 21.38 21.36 21.35 21.58 21.76 21.94 22.17 22.43 23.13 23.77 23.63 23.72 24.13 24.68 25.15 25.80 26.40 26.92 27.55 27.81 27.90 27.96 28.02 28.09 28.16 28.21 28.22 28.17 28.05 27.85 27.71 27.58 27.33 27.02 26.74 26.48 26.24 26.33 26.35 26.28 26.35 26.42 26.47 26.53 26.51 26.59 26.57 26.53 26.46 26.47 26.52 26.55 26.74 26.94 27.16 27.51 28.02 28.50 28.81 29.27 29.79 30.16 30.54 30.92 31.26 31.54 31.71 32.27 33.17 32.81 33.14 33.70 34.81
23.14 22.66 22.46 22.10 21.94 21.92 21.76 21.88 22.01 22.20 22.46 22.76 23.22 24.01 23.90 24.22 24.61 25.02 25.56 26.10 26.45 26.89 27.37 27.63 27.73 27.76 27.90 28.08 28.13 28.16 28.16 28.08 27.88 27.65 27.57 27.44 27.18 26.87 26.60 26.36 26.18 26.30 26.30 26.28 26.41 26.50 26.61 26.69 26.75 26.79 26.84 26.89 26.91 26.97 27.04 27.17 27.40 27.61 27.81 28.19 28.70 29.03 29.50 30.37 30.45 30.94 31.40 31.88 32.25 32.52 32.70 33.02 33.59 33.77 33.79 34.36 35.40
23.55 23.07 22.94 22.57 22.48 22.37 22.25 22.23 22.31 22.53 22.78 23.14 23.69 24.30 24.35 24.67 25.04 25.46 26.03 26.34 26.40 26.77 27.06 27.33 27.48 27.58 27.74 27.91 28.08 28.07 28.04 27.90 27.77 27.51 27.38 27.34 27.13 26.90 26.59 26.40 26.25 26.40 26.35 26.38 26.55 26.71 26.81 26.92 26.99 27.08 27.16 27.26 27.36 27.49 27.58 27.74 27.92 28.26 28.34 28.76 30.21 30.00 29.99 30.97 31.29 31.71 32.28 32.89 33.36 33.55 33.70 33.89 34.03 34.17 34.39 35.22 35.61
23.53 23.44 23.25 23.04 22.88 22.77 22.64 22.57 22.66 22.81 23.16 23.51 24.04 24.45 24.73 25.18 25.61 26.01 26.48 26.42 26.23 26.46 26.72 26.94 27.07 27.21 27.43 27.65 27.79 27.85 27.85 27.69 27.57 27.32 27.29 27.20 27.05 26.80 26.58 26.45 26.45 26.54 26.57 26.51 26.60 26.81 26.97 27.11 27.24 27.39 27.53 27.64 27.82 27.93 28.14 28.30 28.56 28.73 29.01 29.36 29.96 30.71 30.65 31.09 32.02 32.39 33.03 33.55 34.09 34.36 34.62 34.70 34.83 34.85 34.97 35.58 35.41
23.59 23.73 23.60 23.50 23.34 23.20 23.02 22.96 23.06 23.20 23.49 23.81 24.22 24.82 25.11 25.76 26.36 26.70 26.81 26.41 25.97 26.14 26.38 26.59 26.74 26.90 27.04 27.20 27.39 27.54 27.57 27.52 27.39 27.15 27.11 27.08 26.95 26.83 26.69 26.65 26.64 26.73 26.78 26.71 26.86 27.05 27.22 27.37 27.55 27.72 27.91 28.10 28.25 28.43 28.67 28.87 29.05 29.28 29.61 30.04 30.23 30.73 31.71 31.62 32.21 32.90 33.56 34.16 34.67 35.04 35.42 35.54 35.45 35.44 35.38 35.40 35.63
23.69 23.96 23.99 23.90 23.74 23.57 23.40 23.36 23.40 23.49 23.77 24.10 24.46 24.98 25.37 26.05 27.19 27.37 26.79 26.05 25.53 25.71 26.02 26.30 26.41 26.59 26.79 26.97 27.11 27.19 27.17 27.28 27.18 27.08 27.03 27.04 26.98 26.92 26.89 26.83 26.84 27.01 27.02 26.96 27.20 27.43 27.59 27.71 27.88 28.07 28.29 28.47 28.64 28.80 29.10 29.34 29.55 29.77 30.04 30.31 30.66 31.00 31.46 32.00 32.65 33.33 34.00 34.72 35.30 35.69 36.11 36.48 36.00 35.79 35.68 35.77 35.97
23.64 23.99 24.08 24.08 23.99 23.85 23.66 23.59 23.62 23.67 23.86 24.11 24.48 24.85 25.50 26.05 26.93 27.04 26.42 25.84 25.37 25.62 25.85 25.98 26.13 26.37 26.59 26.74 27.41 27.12 27.03 27.16 27.18 27.07 27.03 27.06 27.02 27.09 27.13 27.13 27.21 27.34 27.42 27.47 27.66 27.87 28.00 28.14 28.31 28.52 28.73 28.92 29.12 29.32 29.50 29.82 30.00 30.21 30.44 30.65 30.93 31.38 31.88 32.33 33.02 33.65 34.35 35.08 35.79 36.20 36.50 36.55 36.33 36.36 36.25 36.31 36.73
23.72 23.97 24.15 24.21 24.19 24.05 23.87 23.81 23.77 23.79 23.90 24.06 24.34 24.86 25.46 25.81 26.14 25.97 25.59 25.54 25.44 25.56 25.64 25.63 25.82 26.11 26.33 26.55 27.23 26.86 26.95 27.03 27.10 27.14 27.11 27.16 27.08 27.21 27.31 27.35 27.40 27.56 27.67 27.93 28.06 28.24 28.36 28.47 28.71 28.89 29.08 29.27 29.47 29.67 29.88 30.11 30.32 30.57 30.78 31.05 31.40 31.86 32.31 32.83 33.49 34.13 34.96 35.55 36.19 36.82 36.99 36.96 36.95 37.20 36.95 37.38 38.24
23.79 24.10 24.30 24.39 24.38 24.35 24.25 24.14 24.02 23.94 23.99 24.06 24.44 24.86 25.37 25.59 25.72 25.58 25.51 25.36 25.21 25.17 25.24 25.32 25.42 25.71 25.82 26.03 26.37 26.69 26.67 26.82 26.97 27.07 27.16 27.29 27.32 27.43 27.48 27.59 27.61 27.75 27.94 28.15 28.38 28.53 28.70 28.87 29.10 29.30 29.45 29.63 29.86 30.03 30.27 30.49 30.70 31.00 31.22 31.52 31.89 32.36 32.92 33.39 33.86 34.46 35.50 36.28 37.00 37.83 37.92 37.75 37.70 37.79 37.74 38.88 40.23
23.79 24.10 24.37 24.60 24.66 24.71 24.63 24.48 24.29 24.14 24.05 24.03 24.49 24.91 25.15 25.39 25.34 25.42 25.32 25.27 25.11 24.94 24.89 24.97 25.07 25.26 25.37 25.58 26.22 27.10 26.42 26.65 26.90 27.17 27.33 27.53 27.66 27.77 27.90 27.91 28.01 28.11 28.18 28.39 28.67 28.91 29.13 29.35 29.56 29.72 29.93 30.08 30.21 30.48 30.71 30.99 31.24 31.58 31.91 32.28 32.61 32.66 33.25 33.58 34.05 35.00 36.02 36.74 37.53 38.25 38.34 38.35 38.46 38.62 39.19 40.17 41.64
23.77 24.02 24.22 24.39 24.69 24.76 24.77 24.62 24.49 24.32 24.41 24.41 24.80 25.17 25.82 25.53 25.49 25.44 25.15 25.09 25.01 24.80 24.73 24.74 24.74 24.82 24.93 25.18 25.46 25.97 26.23 26.62 26.96 27.31 27.54 27.80 28.02 28.18 28.31 28.37 28.48 28.54 28.68 28.85 29.12 29.45 29.65 29.81 30.01 30.26 30.43 30.61 30.77 30.97 31.24 31.48 31.71 32.23 32.53 33.16 33.50 33.16 33.41 33.99 34.65 35.60 36.61 37.34 37.86 38.01 38.47 38.61 39.00 40.01 42.16 43.80 42.81
23.74 24.00 24.18 24.36 24.60 24.79 25.06 25.03 24.57 24.65 25.21 25.50 25.23 25.54 26.88 26.08 25.93 25.91 25.49 25.47 25.35 24.89 24.68 24.62 24.68 24.65 24.63 24.73 25.10 25.63 26.11 26.56 27.07 27.49 27.83 28.13 28.40 28.60 28.82 28.95 29.07 29.06 29.08 29.31 29.61 29.94 30.22 30.42 30.59 30.79 30.99 31.16 31.30 31.48 31.68 31.86 32.27 32.61 32.94 33.19 33.44 33.59 33.82 34.33 35.48 36.73 37.30 38.49 39.58 37.99 38.48 38.88 39.52 41.37 44.18 46.51 46.67
23.67 24.03 24.26 24.37 24.67 24.94 25.32 25.76 25.09 25.56 25.48 25.26 25.82 25.93 26.66 28.40 27.84 27.30 26.69 25.75 25.44 25.04 24.76 24.68 24.68 24.59 24.43 24.51 24.94 25.47 26.07 26.64 27.14 27.73 28.13 28.54 28.89 29.20 29.43 29.66 29.69 29.70 29.77 30.00 30.27 30.58 30.83 31.06 31.21 31.37 31.61 31.68 31.80 32.02 32.15 32.23 32.37 33.21 33.58 33.74 33.85 34.15 34.39 34.66 35.23 36.00 36.78 39.52 41.80 38.31 38.51 39.19 40.07 41.29 43.32 45.52 46.98
23.69 24.04 24.35 24.53 24.81 25.21 25.63 25.66 25.64 25.92 25.73 25.88 26.40 26.81 26.96 28.73 28.64 27.80 26.74 26.08 25.87 25.33 25.02 24.87 24.84 24.76 24.58 24.63 25.02 25.51 26.10 26.69 27.25 27.87 28.43 28.95 29.34 29.70 30.02 30.27 30.37 30.39 30.47 30.78 30.95 31.27 31.45 31.62 31.75 31.94 32.03 32.15 32.32 32.61 32.57 32.60 32.77 34.45 35.63 35.60 34.89 34.87 35.16 36.30 36.93 36.38 37.36 38.77 43.42 38.88 38.71 39.53 40.63 41.88 43.65 46.41 50.00
23.81 24.17 24.47 24.72 25.00 25.54 25.75 25.89 26.02 26.15 26.25 27.27 27.52 27.97 28.09 28.79 28.76 29.01 27.47 27.18 26.58 25.76 25.37 25.16 25.11 25.04 24.87 24.99 25.22 25.56 26.17 26.77 27.35 28.04 28.69 29.27 29.81 30.21 30.68 31.41 31.53 30.99 31.15 31.40 31.63 31.88 32.10 32.25 32.40 32.50 32.67 32.62 32.70 32.97 33.02 33.02 33.16 34.11 34.79 34.65 35.30 35.57 35.89 37.24 37.51 37.45 39.35 38.01 42.08 39.65 39.05 40.08 41.48 42.70 44.60 46.73 50.08
24.02 24.38 24.64 24.87 25.15 25.35 25.98 26.38 26.74 26.83 26.68 27.74 28.41 29.37 29.29 29.61 29.38 29.19 28.57 29.46 27.14 26.20 26.06 25.57 25.47 25.40 25.30 25.35 25.50 25.77 26.26 27.12 27.65 28.31 28.98 29.76 30.31 30.78 31.56 32.72 31.76 31.68 31.83 32.20 32.46 32.65 32.87 33.06 33.10 33.19 33.28 33.26 33.29 33.40 33.41 33.33 33.50 33.88 34.75 35.17 35.58 36.07 36.50 37.36 37.91 37.80 37.79 38.33 41.67 40.17 40.08 41.19 42.63 43.96 45.51 47.72 49.79
24.31 24.56 24.79 25.15 25.97 25.99 26.57 26.85 27.25 27.43 27.52 27.85 28.54 28.90 29.80 29.40 29.87 30.85 29.22 28.33 27.40 27.14 26.84 26.19 25.92 25.88 25.82 25.89 26.09 26.40 27.14 28.02 28.63 28.94 29.35 30.02 30.53 31.12 32.04 33.18 31.94 31.94 32.18 32.48 32.82 33.38 33.36 33.62 33.74 33.74 33.72 33.63 33.67 33.76 33.73 33.55 33.85 34.83 35.60 36.24 36.90 36.99 37.31 37.40 37.86 38.04 38.82 39.59 41.91 40.96 41.80 42.88 44.38 45.83 47.81 50.22 50.94
24.62 25.05 25.46 25.63 26.30 26.70 27.11 27.41 28.07 28.85 28.18 28.03 27.82 29.26 29.24 29.48 30.50 31.81 31.25 28.92 28.11 28.29 27.20 26.41 26.26 26.29 26.32 26.35 26.71 27.05 27.72 28.87 29.34 29.59 29.96 30.48 31.01 31.77 32.82 34.03 32.32 32.48 32.74 33.25 33.98 34.01 33.85 34.58 34.76 34.66 34.62 34.60 34.67 34.72 34.68 34.66 34.98 35.48 36.56 37.18 37.45 38.16 38.37 38.39 38.58 39.05 39.95 42.77 43.47 42.32 43.81 45.20 46.52 48.72 50.93 53.02 53.32
25.00 25.43 25.87 26.39 27.02 27.47 27.93 28.31 29.77 30.78 29.58 29.37 28.63 28.95 28.92 29.73 30.98 32.17 32.16 30.06 29.61 28.12 27.15 26.78 26.74 26.90 26.91 26.91 27.39 28.18 28.79 29.07 29.33 29.79 30.31 30.99 31.68 32.55 33.67 34.47 33.02 33.24 33.62 34.53 35.55 35.35 35.30 35.97 35.62 35.58 35.56 35.68 35.74 35.81 35.97 36.09 36.14 36.56 37.41 38.09 38.73 39.26 39.42 39.72 39.52 39.76 41.44 44.35 46.16 44.66 47.76 47.86 49.38 52.70 54.93 56.42 57.58
25.64 26.03 26.50 26.79 27.20 27.86 28.56 28.78 29.95 31.10 30.49 29.69 29.24 29.16 28.99 29.75 31.51 31.62 30.41 30.03 28.98 28.23 27.67 27.37 27.42 27.71 27.74 27.85 27.90 29.00 29.15 29.37 29.68 30.33 30.94 31.63 32.61 33.53 34.43 34.67 33.75 34.02 34.62 35.55 36.61 36.47 37.00 36.70 36.56 36.63 36.67 36.81 36.78 37.01 36.95 37.11 37.37 37.97 39.27 40.00 41.13 41.99 41.19 41.15 41.11 41.39 42.67 44.79 47.90 48.18 52.84 52.61 54.06 55.45 57.94 58.54 62.35
26.54 26.71 27.16 27.63 28.44 28.23 29.52 29.33 30.43 31.38 30.46 30.38 30.62 29.99 29.54 30.27 31.43 31.34 30.30 29.36 28.90 28.54 28.33 28.15 28.50 28.72 28.72 29.10 28.95 29.66 29.78 30.24 30.85 31.44 31.75 32.42 33.45 34.35 35.25 35.17 34.77 35.14 35.66 36.77 36.70 36.56 36.85 37.36 37.24 37.45 37.50 37.72 38.08 38.24 38.06 38.09 38.56 39.66 43.27 43.97 46.46 44.71 45.42 45.57 42.90 43.77 46.50 51.55 52.41 53.47 56.39 56.41 56.91 57.07 60.18 64.51 64.57
27.00 27.17 27.56 28.16 29.47 29.02 30.27 29.98 31.20 32.09 31.59 31.21 30.55 30.03 30.19 30.89 31.53 32.04 30.16 29.40 29.48 29.58 29.01 29.06 29.56 30.04 29.84 30.06 30.38 30.98 31.01 31.44 31.76 31.90 32.40 33.21 34.15 35.43 36.04 35.96 35.85 36.57 36.55 37.66 37.69 37.75 37.28 37.57 37.87 38.07 38.39 38.84 39.23 39.63 40.07 39.73 41.11 42.05 45.40 47.47 49.84 48.33 51.07 45.19 44.32 46.41 48.55 54.77 58.62 60.17 59.62 62.05 58.77 60.42 64.15 69.84 66.79
27.69 27.88 28.08 28.79 29.71 30.45 30.43 30.69 31.71 34.11 32.73 32.07 30.93 30.85 30.32 30.84 32.37 31.91 30.88 30.81 30.45 30.28 29.84 30.00 30.48 31.08 31.31 31.27 32.05 32.21 32.59 32.16 32.24 32.89 33.01 34.28 34.99 36.02 36.36 36.33 36.73 36.43 36.12 37.21 37.65 37.56 37.69 37.78 38.11 38.55 39.17 39.87 40.68 41.10 41.71 42.94 41.87 43.70 47.56 49.69 51.28 52.61 51.07 47.54 48.68 49.85 55.28 56.53 62.91 65.37 66.29 67.84 62.35 61.58 68.78 69.89 66.71
28.46 28.41 28.68 29.33 30.60 31.75 30.95 31.89 33.19 35.32 34.83 32.73 31.79 31.30 30.67 30.74 31.24 31.68 30.70 30.94 31.02 30.44 30.57 31.32 32.05 32.55 32.99 32.91 33.30 34.01 33.68 33.31 33.45 33.81 33.74 34.47 35.31 36.42 37.70 37.49 36.89 36.52 35.96 36.24 36.69 37.25 37.62 38.10 38.54 39.09 40.19 41.49 44.72 45.65 44.08 45.35 43.60 48.33 50.02 49.66 52.06 55.10 55.22 53.69 50.31 56.50 60.98 59.73 65.54 67.61 68.77 67.62 64.72 63.99 67.86 66.56 67.08
29.17 29.49 29.32 29.54 30.01 30.69 31.29 32.02 33.98 37.69 35.73 32.83 32.11 31.58 31.23 31.45 31.47 31.52 31.09 30.82 30.73 30.82 31.40 32.22 33.42 33.62 34.25 34.71 34.41 36.66 35.81 34.67 34.58 34.58 34.60 34.74 35.08 36.35 37.32 37.77 36.28 36.27 36.55 36.70 36.80 36.99 37.56 37.61 38.58 40.32 42.79 45.44 48.33 48.17 48.00 46.59 45.89 46.81 50.19 51.98 52.83 54.85 60.18 56.64 50.12 55.30 62.17 61.99 65.86 67.84 68.68 67.08 66.54 69.09 68.80 67.84 68.35
29.33 29.53 29.37 29.66 30.29 30.89 31.81 33.37 33.25 36.11 35.83 33.95 32.73 32.26 31.90 32.77 32.63 31.63 31.18 31.14 31.41 31.52 31.90 32.60 34.20 35.44 35.97 35.63 36.76 37.79 38.06 35.82 35.29 35.11 34.98 34.91 36.31 36.37 37.59 37.60 37.26 36.94 36.91 36.92 36.74 37.50 36.98 37.52 39.94 41.97 43.12 46.74 47.61 47.80 50.35 49.46 48.54 49.21 49.33 50.20 50.58 53.10 56.14 54.82 50.44 54.20 55.48 58.62 63.63 66.96 68.07 68.84 67.46 68.56 69.43 68.10 68.76
30.05 30.36 30.47 30.21 30.63 31.67 32.87 34.70 35.28 36.67 35.55 34.90 33.69 33.21 32.65 32.62 32.43 31.89 31.71 32.15 32.08 32.19 32.78 33.37 34.52 37.39 36.93 35.98 37.43 37.70 41.04 37.18 36.39 35.32 35.33 35.46 36.72 36.73 37.51 38.45 38.15 37.42 37.49 37.46 36.92 36.90 36.83 37.30 39.71 42.44 44.18 45.96 47.03 48.99 50.92 51.37 47.91 48.61 49.64 49.13 49.55 51.37 51.15 52.19 51.12 51.52 53.06 55.58 59.19 62.44 65.80 67.62 68.56 67.46 69.19 69.38 69.53
30.97 30.67 32.15 31.46 31.19 31.89 34.05 35.23 40.16 38.63 37.22 38.92 35.51 33.56 33.78 33.68 32.90 32.93 32.71 33.03 31.99 33.10 33.71 34.19 34.42 35.37 36.30 35.85 36.73 37.40 39.10 38.54 37.43 35.89 36.14 35.83 37.07 36.99 37.66 39.09 38.97 39.25 38.06 37.73 37.40 36.26 36.43 37.31 38.51 40.06 43.46 49.82 50.24 52.16 53.43 54.53 47.65 47.69 50.59 52.17 52.00 51.52 51.85 52.62 52.23 51.84 53.17 55.43 58.57 62.85 64.93 66.30 68.05 68.29 68.55 69.79 71.38
31.52 30.71 31.62 32.77 32.43 32.42 34.31 37.42 38.04 40.79 42.25 44.73 36.24 34.22 34.53 34.02 33.89 33.70 33.40 32.68 31.97 32.79 33.79 34.16 34.30 34.72 35.66 36.08 36.33 38.08 39.47 38.35 38.04 38.13 37.25 37.06 38.17 38.89 40.06 39.91 39.54 38.40 38.55 37.17 36.87 36.94 39.28 43.31 42.20 46.16 49.03 48.51 53.84 55.52 55.14 53.77 46.60 48.72 50.87 53.99 55.60 53.95 51.42 52.06 52.41 53.10 56.94 55.75 57.97 59.27 61.63 64.53 66.69 68.24 68.83 69.31 70.35
32.61 30.87 32.29 34.40 34.15 33.37 34.01 36.60 36.64 38.00 38.09 41.95 36.95 34.64 34.40 34.25 34.26 33.38 32.57 32.28 32.71 32.82 33.45 33.77 34.95 35.32 35.18 35.89 36.58 38.29 41.27 39.01 39.70 39.54 38.78 38.81 38.54 40.92 40.69 39.58 38.92 38.19 37.41 37.09 37.47 38.75 42.52 52.36 53.42 43.20 41.68 42.09 43.30 47.66 47.81 47.37 46.21 48.52 49.50 52.12 56.06 52.84 53.33 55.90 53.71 54.63 55.45 56.15 57.66 61.80 64.89 65.96 67.13 67.92 68.26 68.90 69.79
