project/src/data/BOM_climate/monthly_mean_rainfall/rainjun.txt
ncols 886
nrows 691
xllcenter 112.0000
yllcenter -44.5000
cellsize 0.0500
nodata_value 99999.90
[rows 105 to 139 of 691, columns 616 to 692 of 886]
1.87 1.90 1.94 1.97 1.98 2.00 2.04 2.26 2.21 2.88 3.44 3.46 3.39 2.20 2.09 2.10 3.62 5.14 4.16 3.25 3.26 3.46 4.60 5.08 4.78 4.47 4.91 5.19 4.92 5.40 5.36 5.56 6.54 7.07 7.97 9.24 10.66 11.95 13.56 15.34 17.89 22.60 27.91 32.81 37.17 37.97 35.15 36.72 39.70 44.23 45.11 50.09 53.18 57.39 61.52 65.68 69.81 73.82 77.58 81.34 84.62 87.69 90.81 93.67 96.29 98.75 100.96 103.07 105.09 106.84 108.60 110.07 111.37 112.61 113.67 114.60 115.53
1.86 1.88 1.91 1.93 1.95 1.98 2.00 2.01 2.03 2.12 2.42 2.26 2.52 2.44 2.13 2.10 2.93 6.39 4.23 3.26 3.78 4.00 5.13 5.55 5.03 5.07 5.07 5.02 4.85 5.10 5.16 5.45 6.24 6.84 7.75 9.22 10.34 11.86 14.08 17.28 17.67 20.88 25.35 30.71 35.12 33.66 34.80 36.01 39.12 42.82 45.45 49.41 53.89 58.43 63.05 67.40 71.67 75.79 79.61 83.30 86.91 90.13 93.23 95.75 98.53 100.85 103.07 105.17 107.17 108.81 110.55 111.99 113.26 114.47 115.54 116.31 117.32
1.85 1.87 1.89 1.91 1.93 1.95 1.97 1.99 2.00 2.02 2.03 2.04 2.06 2.13 3.23 2.56 2.76 6.46 4.16 3.63 3.63 4.11 5.15 5.33 5.07 5.56 5.30 4.70 4.78 5.14 5.14 5.40 5.87 6.38 7.37 9.09 10.93 11.44 13.27 16.69 17.92 19.91 25.50 30.59 31.57 33.26 38.94 41.18 38.52 46.89 47.60 50.08 55.00 59.73 64.42 69.10 73.56 77.84 81.96 85.82 89.20 92.47 95.42 98.29 100.77 103.20 105.39 107.24 109.20 111.01 112.46 113.98 115.26 116.40 117.30 118.15 119.02
1.83 1.85 1.87 1.89 1.91 1.92 1.94 1.95 1.99 1.98 1.98 1.98 2.03 2.21 2.78 2.90 3.71 6.68 3.91 3.45 3.67 4.03 5.08 5.22 4.78 5.64 4.98 4.53 4.74 5.27 5.45 5.40 5.57 5.92 6.92 8.69 10.82 12.72 13.08 15.93 18.79 19.61 24.46 30.46 31.05 27.97 32.23 33.86 37.91 44.11 46.10 51.05 56.19 61.34 66.32 71.17 75.81 80.20 84.38 88.03 91.71 95.00 98.08 100.75 103.33 105.52 107.71 109.44 111.31 113.08 114.51 115.96 117.06 118.18 119.10 120.04 120.67
1.81 1.83 1.85 1.86 1.88 1.89 1.91 1.92 1.92 1.93 1.93 1.93 1.94 1.98 2.34 3.48 5.49 5.71 4.08 3.93 3.79 4.11 4.85 5.21 4.71 6.25 4.89 4.35 4.62 5.33 5.42 4.86 4.88 5.51 6.56 8.29 10.81 14.12 14.09 17.44 22.90 21.05 23.83 24.07 26.69 37.37 30.34 32.07 36.09 41.26 46.61 52.11 57.75 63.08 68.43 73.52 78.27 82.76 86.92 90.88 94.32 97.53 100.36 103.20 105.61 107.91 110.03 111.87 113.52 115.22 116.50 117.77 118.94 120.03 120.92 121.55 122.18
1.80 1.82 1.83 1.84 1.86 1.87 1.88 1.89 1.89 1.89 1.90 1.87 1.86 1.91 2.11 4.22 7.78 6.15 4.91 4.41 4.56 4.52 4.91 4.99 4.81 6.06 4.50 3.86 4.60 5.49 4.99 4.32 4.65 5.18 6.44 7.59 9.72 12.77 14.02 17.22 22.53 19.50 24.31 23.74 25.51 30.20 30.80 34.17 37.75 44.11 48.19 53.96 59.71 65.52 70.90 76.16 81.07 85.69 89.77 93.45 96.96 100.00 102.92 105.48 108.07 110.23 112.18 114.01 115.63 117.19 118.58 119.77 120.78 121.79 122.58 123.25 123.96
1.79 1.80 1.82 1.83 1.84 1.85 1.86 1.86 1.85 1.85 1.84 1.82 1.81 1.79 2.21 5.47 7.89 7.29 5.99 5.84 5.65 4.88 4.95 5.04 4.90 4.50 4.18 4.40 4.80 4.89 4.07 4.10 4.33 4.81 6.59 7.87 10.92 13.96 18.30 18.22 21.41 21.53 21.14 25.58 25.80 28.00 30.99 34.38 39.12 44.32 50.15 55.96 62.15 68.10 74.08 79.34 84.31 88.81 92.90 96.64 99.74 103.10 105.63 108.08 110.30 112.47 114.37 116.14 117.61 119.09 120.42 121.70 122.69 123.53 124.31 124.84 125.58
1.78 1.79 1.81 1.82 1.83 1.83 1.83 1.84 1.83 1.81 1.79 1.78 1.86 2.07 3.58 6.17 6.49 6.38 6.58 7.32 6.19 5.39 5.02 4.56 4.19 5.63 7.01 5.58 4.31 4.11 4.15 4.15 4.26 4.79 6.87 9.29 10.64 13.54 17.98 21.45 22.08 25.17 22.23 25.79 27.74 31.59 34.05 37.73 41.55 47.82 53.01 58.70 65.02 71.40 77.12 82.73 87.77 92.46 96.34 99.83 102.94 105.59 108.25 110.58 112.73 114.63 116.35 117.94 119.61 120.82 122.19 123.32 124.08 125.10 125.91 126.39 126.96
1.77 1.78 1.80 1.81 1.81 1.81 1.82 1.81 1.80 1.78 1.76 1.78 2.89 3.98 3.92 4.17 4.22 4.21 4.99 5.95 6.12 5.92 5.19 4.64 4.72 5.55 7.88 7.49 4.78 4.27 4.40 4.46 4.69 5.67 6.42 8.33 8.56 11.96 16.06 21.93 23.04 27.54 20.64 22.42 26.65 31.42 36.45 39.38 43.75 50.21 56.95 61.60 68.25 74.93 81.21 86.75 91.81 96.12 99.93 103.28 106.03 108.82 111.01 113.08 114.84 116.70 118.27 119.92 121.17 122.74 123.91 124.71 125.59 126.56 127.43 127.90 128.42
1.77 1.78 1.79 1.80 1.80 1.81 1.81 1.80 1.78 1.77 1.74 2.17 2.81 3.13 3.61 3.05 2.77 2.87 3.54 4.43 5.91 6.61 5.14 5.31 5.88 5.86 6.62 8.07 5.64 5.06 4.93 5.43 5.95 6.86 6.86 9.32 7.89 10.79 11.42 14.36 22.87 26.34 21.57 22.18 25.45 30.01 35.13 38.82 44.61 54.74 70.74 66.94 72.05 79.03 85.11 91.10 95.93 100.19 103.79 106.83 109.31 111.41 113.40 115.36 117.13 118.54 119.97 121.38 122.87 123.93 125.14 126.36 127.21 127.86 128.62 129.20 129.72
1.76 1.78 1.79 1.79 1.80 1.80 1.79 1.79 1.77 1.75 1.75 2.13 1.91 2.61 3.01 2.85 2.37 3.52 4.29 4.52 5.81 6.03 4.73 5.50 5.87 5.47 7.46 8.45 7.31 5.69 6.49 7.29 7.76 7.94 7.49 8.84 8.18 9.35 10.17 12.20 16.05 20.36 19.25 21.60 25.26 30.06 35.92 40.12 45.93 53.09 63.60 74.86 76.24 83.56 90.31 95.73 100.56 104.35 107.51 109.92 112.12 114.15 115.70 117.27 118.71 120.08 121.54 122.77 123.94 125.18 126.59 127.59 128.31 129.06 129.77 130.25 130.85
1.76 1.77 1.78 1.78 1.79 1.79 1.79 1.78 1.77 1.78 1.74 1.90 1.90 2.26 1.94 2.13 2.52 4.06 5.70 5.13 5.65 5.38 4.88 5.89 7.11 6.27 7.78 8.62 8.23 7.38 6.99 8.68 11.20 10.82 9.63 10.66 11.07 9.96 10.07 12.06 15.48 18.30 18.55 21.66 25.75 30.10 35.74 43.73 50.35 58.63 72.21 74.28 81.19 89.01 95.59 101.13 105.54 109.03 111.41 113.57 114.97 116.25 117.78 118.94 120.16 121.38 122.50 123.86 125.16 126.26 127.45 128.72 129.41 130.21 131.08 131.36 132.03
1.76 1.77 1.77 1.78 1.79 1.79 1.78 1.77 1.76 1.76 1.78 1.89 1.73 1.91 1.72 2.04 2.93 4.63 6.23 5.43 5.35 4.88 5.44 6.40 8.15 8.60 9.51 11.38 10.90 10.58 9.57 10.05 13.05 14.13 14.04 15.57 17.31 16.20 10.33 11.69 14.54 17.09 19.30 22.03 26.23 31.93 36.39 45.01 57.43 60.49 72.42 78.24 86.97 95.41 102.49 107.36 111.31 113.74 115.51 116.49 117.44 118.40 119.50 120.15 121.13 122.25 123.35 124.51 125.89 127.09 128.37 129.38 130.13 131.16 132.01 132.44 133.14
1.77 1.76 1.77 1.77 1.78 1.78 1.77 1.77 1.76 1.81 1.83 1.75 1.76 1.93 2.06 2.17 3.13 4.61 5.44 4.82 4.84 4.32 4.69 5.10 6.03 8.70 8.42 9.45 9.02 10.57 9.97 11.26 12.66 13.45 14.39 14.81 16.57 19.04 17.50 15.03 13.80 17.12 19.63 22.54 26.53 32.77 39.23 49.42 60.92 68.38 72.04 83.83 94.03 102.86 109.61 114.55 117.37 118.62 119.07 119.62 119.61 119.73 120.40 121.10 121.96 122.92 123.95 125.03 126.45 127.30 128.70 130.14 130.87 131.72 132.92 133.44 134.15
2.05 1.83 1.77 1.78 1.78 1.86 1.77 1.80 1.88 1.84 1.80 1.83 2.18 2.30 2.85 3.18 2.93 3.17 4.22 3.95 4.17 4.26 4.69 4.82 5.10 5.30 7.81 6.32 7.52 7.91 9.72 10.64 10.17 11.75 14.43 16.56 16.44 15.19 13.75 15.82 17.09 17.91 19.70 24.83 27.36 33.05 42.31 51.55 56.13 65.74 77.62 90.29 101.22 111.77 118.33 121.41 123.07 123.02 122.35 121.33 120.97 120.57 120.81 121.40 122.16 123.16 124.13 125.09 126.35 127.67 129.03 130.42 131.27 132.35 133.44 134.23 134.99
2.17 2.10 1.95 1.80 1.79 1.78 1.78 1.88 1.89 1.78 1.75 1.77 2.34 2.64 2.92 3.61 4.18 3.68 3.53 3.86 4.43 4.80 5.50 6.14 6.12 5.75 6.17 5.63 5.96 7.99 6.76 7.54 9.22 11.27 13.28 13.33 11.75 10.71 12.12 15.05 18.21 19.82 20.47 25.88 34.48 33.90 40.99 48.86 58.08 69.15 80.25 89.72 101.50 121.00 127.20 128.91 128.00 126.15 124.25 122.66 121.27 120.85 120.56 120.99 121.72 123.04 123.83 125.02 126.37 127.52 129.05 130.53 131.62 132.55 134.03 134.78 135.75
1.98 1.85 1.89 1.82 1.79 1.76 1.75 1.76 1.83 1.98 2.08 2.42 3.30 3.41 3.56 4.06 4.86 4.61 4.19 4.65 4.59 5.04 6.05 6.21 7.09 5.78 7.27 7.26 5.25 5.39 5.50 6.59 7.82 7.97 6.90 8.14 9.18 10.57 11.42 13.11 16.64 21.09 22.53 27.21 30.49 34.53 42.07 50.22 59.78 70.87 83.03 89.44 101.08 124.92 135.29 133.60 130.53 127.32 124.41 121.93 120.46 119.29 119.30 120.10 120.94 121.82 123.34 124.71 126.07 127.46 128.93 130.27 131.66 133.21 134.20 135.32 136.33
2.03 2.14 2.22 2.13 2.15 2.01 2.19 2.10 2.21 2.55 2.45 2.89 3.32 3.78 4.16 4.70 5.10 5.47 4.97 5.06 5.42 5.77 6.82 6.30 6.44 6.35 7.53 8.12 5.45 5.57 5.43 5.44 6.18 6.63 7.30 7.81 8.78 11.11 10.38 11.85 15.41 21.70 24.11 29.80 34.54 37.33 42.93 50.50 61.06 72.73 83.23 95.41 101.54 128.29 139.11 134.24 129.41 125.06 121.96 119.35 117.69 117.76 117.44 118.15 119.16 120.69 122.22 124.01 125.37 126.98 128.92 130.56 131.80 133.44 134.86 135.98 137.18
2.17 2.13 2.28 2.26 2.29 2.39 2.38 2.34 2.32 2.59 2.88 3.12 3.61 3.74 3.98 4.40 5.34 5.64 6.02 6.04 6.14 5.44 6.43 5.73 6.17 6.45 8.92 9.69 6.81 5.36 5.90 6.31 7.24 6.80 8.05 7.86 8.27 9.48 10.05 11.22 14.22 19.37 25.68 53.48 60.97 49.53 46.71 50.19 60.26 72.16 86.26 102.80 110.14 128.41 130.08 127.26 123.15 119.61 116.75 115.00 114.04 113.64 114.50 115.89 117.17 118.78 120.66 122.59 124.51 126.50 128.48 130.50 132.02 133.73 135.05 136.61 137.78
2.53 2.42 2.21 2.06 2.13 2.12 2.26 2.42 2.64 2.86 3.14 3.50 3.61 3.94 4.42 4.78 5.10 5.92 6.18 6.15 5.71 4.94 4.94 5.06 5.76 5.94 8.21 10.51 7.53 5.84 6.80 9.06 8.63 6.76 10.35 11.44 7.85 7.87 8.61 11.99 14.83 20.73 35.76 68.89 83.32 72.65 63.18 50.76 58.48 69.37 78.97 95.51 105.82 114.28 116.70 115.66 113.18 110.80 109.16 108.33 108.50 109.97 110.77 112.69 114.58 116.71 118.87 121.36 123.63 125.57 127.84 130.20 131.96 133.53 135.63 137.04 138.34
2.58 2.58 2.59 2.52 2.19 2.26 2.59 2.83 2.96 3.13 3.37 3.67 3.91 4.16 4.33 4.64 5.16 5.76 5.40 5.53 5.58 4.89 4.36 4.54 4.77 4.21 6.26 8.70 7.72 6.54 7.58 9.49 11.26 9.31 9.67 20.07 10.62 8.60 8.46 23.14 18.35 21.14 26.38 63.81 84.49 76.27 64.55 49.34 55.27 65.47 71.17 81.48 93.31 103.44 100.93 101.40 100.28 99.97 100.09 100.99 102.49 104.14 106.69 109.29 111.43 114.25 117.10 119.77 122.55 125.03 127.43 129.97 131.83 133.92 135.61 137.45 138.89
2.82 2.85 2.86 2.87 2.60 2.47 2.72 2.97 3.05 3.33 3.57 3.70 4.04 4.20 4.28 4.59 5.33 5.22 5.30 5.02 4.91 4.66 3.98 3.95 3.95 3.55 4.28 5.99 7.27 7.71 7.29 6.64 8.10 8.77 9.34 12.41 10.63 8.91 8.93 29.80 29.04 25.08 29.13 49.68 73.45 64.96 49.84 51.29 82.74 61.57 65.25 78.82 80.92 83.92 85.77 85.71 86.55 87.98 90.03 92.52 95.33 98.75 101.86 105.11 108.40 111.50 114.52 118.12 121.26 124.12 127.02 129.60 131.83 134.15 136.05 137.94 139.53
2.91 3.08 3.06 3.12 3.14 2.69 2.84 3.10 3.13 3.31 3.56 3.84 4.16 3.86 4.20 4.85 5.56 5.09 5.03 5.12 4.84 3.95 3.66 3.56 3.49 3.33 4.30 6.69 6.15 6.05 7.10 5.53 7.73 8.47 10.32 9.72 6.02 6.98 8.55 22.53 33.89 27.02 31.14 35.68 32.96 38.99 35.94 56.01 95.49 76.27 61.76 68.89 72.07 71.38 71.01 70.19 72.34 76.46 80.24 84.40 88.46 92.77 97.02 101.06 104.89 108.74 112.32 116.03 119.89 123.10 126.47 129.66 132.03 134.44 136.54 138.44 140.20
3.29 3.26 3.33 3.34 3.44 3.36 3.02 2.94 3.18 3.38 3.52 3.59 3.80 3.89 4.20 4.67 5.30 4.97 4.80 4.57 3.86 3.81 4.00 4.19 3.69 3.18 3.72 5.29 3.97 3.43 4.33 4.87 4.44 7.08 6.80 6.12 4.03 5.70 7.87 9.42 14.70 21.67 23.74 23.67 22.91 25.37 31.84 50.80 100.56 98.01 85.35 59.55 61.04 59.64 58.62 57.36 61.19 66.28 71.40 76.52 81.63 87.06 91.99 96.86 101.62 105.87 109.83 114.42 118.75 122.23 125.87 129.29 131.84 134.58 137.06 138.97 141.11
3.45 3.49 3.44 3.48 3.55 3.60 3.63 3.41 3.25 3.21 3.28 3.51 3.71 3.97 4.21 4.62 4.71 4.48 4.65 4.28 3.87 4.23 4.21 4.31 4.52 3.55 3.58 3.89 3.23 2.81 2.41 2.91 2.69 3.00 3.84 3.70 3.89 5.38 6.98 8.40 10.93 13.82 16.18 21.27 18.94 22.63 29.66 52.48 89.27 102.92 73.38 51.22 51.51 49.00 48.63 50.03 53.32 58.59 63.99 69.79 75.92 81.64 87.34 92.84 98.17 103.14 108.03 112.72 117.33 121.47 125.49 129.15 132.23 135.05 137.69 139.89 141.65
3.65 3.69 3.59 3.62 3.68 3.72 3.80 3.86 4.05 4.08 3.78 3.70 3.73 3.82 3.98 4.13 4.24 4.55 4.43 4.34 4.30 4.41 4.70 4.45 4.72 4.76 3.92 3.22 2.76 3.06 2.77 2.03 2.08 2.43 2.84 3.63 4.62 7.02 7.88 8.80 10.25 11.05 11.85 13.26 15.84 18.85 23.21 41.98 49.42 94.62 80.36 44.80 43.49 40.79 40.45 42.78 46.90 51.77 57.77 64.23 70.45 76.75 83.24 89.30 95.08 100.75 105.77 111.09 116.43 120.80 124.75 129.13 132.60 135.44 138.34 140.89 142.58
3.56 3.71 3.76 3.87 4.10 4.20 4.24 4.38 4.32 4.64 4.52 4.16 4.50 4.60 4.58 4.45 4.52 4.86 4.68 4.43 4.27 4.45 4.38 4.64 4.94 5.36 6.64 4.61 3.10 3.37 3.54 2.92 2.49 2.36 2.32 3.47 4.34 4.83 5.11 5.92 7.29 8.29 9.93 11.94 13.85 16.00 19.60 22.52 27.04 54.59 69.94 45.03 43.11 38.10 34.67 37.00 40.99 46.56 52.56 59.29 66.06 72.84 79.54 85.97 92.44 98.78 104.58 110.11 115.64 120.28 124.78 129.19 132.70 136.05 139.24 141.52 143.62
3.80 3.94 4.10 4.21 4.46 4.56 4.61 4.63 4.72 4.92 5.07 4.51 4.82 5.07 5.29 5.46 5.46 5.05 5.14 4.88 4.69 4.49 4.51 4.72 4.87 4.95 5.30 6.06 4.81 4.48 4.18 4.42 4.02 3.06 2.20 2.61 3.03 3.52 4.21 5.22 6.36 7.56 9.13 12.01 14.58 16.75 17.28 19.88 21.63 43.79 58.13 35.20 37.67 37.84 38.99 31.73 35.65 41.53 48.19 55.12 62.26 69.28 76.29 83.04 89.94 96.78 103.07 109.31 115.35 120.28 124.82 129.35 133.36 136.47 139.89 142.78 144.67
4.09 4.09 4.35 4.58 4.80 4.93 4.99 5.05 5.08 5.24 5.47 5.14 4.70 5.24 5.72 6.00 5.69 5.79 5.44 5.44 5.13 4.83 4.72 4.95 5.18 4.86 5.10 6.19 6.25 5.09 5.59 5.21 4.54 3.10 2.75 2.98 2.80 3.21 3.93 4.87 6.01 7.92 9.62 12.14 16.86 16.67 23.32 22.85 20.33 29.10 41.63 29.70 36.41 40.71 54.37 33.13 30.90 37.57 44.45 51.81 59.02 66.32 73.50 80.61 87.90 95.25 102.17 108.67 115.21 120.62 125.59 129.83 133.86 137.55 140.88 143.59 145.52
4.35 4.38 4.42 4.63 4.89 5.01 5.18 5.37 5.64 5.68 5.68 5.75 5.05 5.54 5.87 6.41 6.28 6.38 6.09 5.73 5.65 5.08 5.05 5.16 5.27 5.14 5.42 5.95 6.49 6.37 4.79 5.10 4.50 4.48 4.15 4.14 3.93 3.83 4.49 4.20 4.82 6.08 6.93 9.55 13.03 13.93 19.50 28.46 15.62 19.32 21.58 25.23 39.95 42.60 42.34 47.22 42.99 35.81 41.83 49.10 56.53 64.00 71.40 78.87 86.53 94.06 101.40 108.69 115.24 121.18 126.40 130.96 134.90 138.60 141.89 144.42 146.40
4.62 4.77 4.70 4.85 5.09 5.15 5.39 5.68 5.76 6.04 6.30 6.30 5.56 5.48 5.98 6.20 6.53 6.63 6.58 5.97 5.90 5.40 5.32 5.33 5.29 5.48 5.93 6.67 7.34 7.36 6.51 7.09 8.92 7.12 5.25 5.17 4.28 4.12 6.58 6.47 5.32 5.94 6.97 7.98 9.45 14.30 19.73 19.92 14.79 14.36 16.25 20.89 31.42 34.80 40.72 45.03 58.07 50.06 39.72 46.83 54.28 62.21 69.91 77.60 85.64 93.73 101.46 109.01 116.25 122.23 127.76 132.19 136.11 139.94 143.12 145.54 147.93
4.89 5.02 5.06 5.13 5.41 5.46 5.61 5.87 6.08 6.21 6.58 6.76 6.35 5.54 5.93 6.13 6.36 6.93 6.89 6.23 6.14 5.65 5.81 5.00 5.43 5.86 6.21 6.31 6.12 6.52 7.19 8.04 7.96 7.49 6.08 6.75 6.06 7.32 8.74 8.07 13.21 7.22 6.37 8.46 9.50 13.28 18.32 20.44 15.92 11.37 13.35 16.11 20.49 24.85 31.81 38.13 48.66 52.37 39.15 45.12 52.73 60.81 68.87 76.90 85.26 93.80 102.13 110.21 117.59 123.58 129.34 134.15 137.85 141.50 145.00 147.13 148.75
5.20 5.37 5.45 5.44 5.66 5.92 6.14 6.12 6.37 6.72 6.88 6.98 7.17 6.02 6.18 6.60 6.58 6.59 6.84 6.64 6.57 6.20 5.99 5.28 5.47 5.78 6.40 6.41 6.35 6.14 6.66 8.24 8.17 8.11 8.92 9.39 8.94 13.99 18.51 15.26 14.00 14.63 5.46 9.10 9.87 10.10 12.42 16.78 24.27 11.37 11.78 12.34 16.12 20.13 26.78 38.53 47.78 46.01 39.23 43.52 51.32 59.89 68.33 76.77 85.63 94.81 103.41 112.05 119.65 126.10 131.54 136.22 139.95 143.24 146.58 148.78 150.04
5.70 5.73 5.79 5.77 5.79 6.14 6.37 6.61 6.63 6.71 7.07 7.27 7.53 6.39 6.16 6.62 6.78 6.69 6.96 7.10 6.67 6.68 6.23 5.49 5.56 6.07 6.27 6.66 6.88 5.86 6.39 6.83 7.94 11.67 10.85 10.43 13.43 15.64 23.00 21.81 13.28 12.42 4.80 6.02 9.98 10.53 13.88 13.28 28.07 28.76 12.68 9.74 12.12 17.55 25.90 34.52 47.14 54.47 40.34 45.29 52.05 66.21 69.77 80.48 87.30 96.79 106.16 114.74 122.20 128.94 134.61 138.65 142.38 145.71 148.03 150.15 151.76
6.05 6.21 6.18 6.30 6.05 6.30 6.36 6.57 6.96 7.14 7.00 7.33 7.82 7.22 6.29 6.85 6.97 7.21 6.97 7.24 6.86 7.09 6.54 6.23 5.55 5.96 6.19 6.30 6.76 6.11 6.14 7.08 7.94 11.30 11.18 11.23 12.20 16.22 19.68 21.53 10.86 7.75 6.47 5.59 6.26 7.72 11.12 14.66 12.66 21.05 13.90 8.61 10.84 15.88 24.85 34.36 47.80 59.54 48.96 45.36 53.06 83.75 72.03 80.48 91.51 100.42 109.72 118.48 126.29 132.65 137.50 141.96 145.23 147.54 149.80 152.01 152.91
