project/src/data/BOM_climate/monthly_mean_rainfall/rainaug.txt
ncols 886
nrows 691
xllcenter 112.0000
yllcenter -44.5000
cellsize 0.0500
nodata_value 99999.90
[rows 396 to 431 of 691, columns 405 to 485 of 886]
10.41 12.02 12.51 12.47 11.23 11.56 10.77 10.53 10.84 11.34 11.21 10.95 10.37 10.06 10.45 10.99 11.33 11.64 11.71 11.28 11.48 11.04 10.14 10.02 10.51 9.90 9.83 9.58 9.52 9.82 9.73 9.24 9.53 9.88 9.74 9.42 9.58 9.86 10.07 10.25 9.73 9.80 9.83 9.67 9.76 9.76 9.64 9.57 9.75 10.01 10.03 10.07 10.21 10.35 10.35 10.17 10.37 10.61 10.58 10.61 11.02 11.20 11.16 11.56 10.95 10.62 10.35 10.09 9.95 9.69 9.44 9.26 9.37 9.53 9.26 8.72 7.54 6.96 8.13 7.56 7.56
9.82 11.55 12.52 12.62 12.65 11.87 11.14 11.64 11.80 11.74 11.18 10.85 10.32 10.26 10.73 11.34 11.38 11.63 11.16 11.44 11.49 10.62 10.39 10.25 10.48 10.46 10.20 10.22 10.16 10.11 9.68 9.71 10.21 10.19 10.13 9.78 10.32 10.75 10.65 10.71 10.11 10.18 9.98 9.62 9.80 9.80 9.78 9.92 10.13 10.27 10.34 10.39 10.47 10.57 10.47 10.29 10.35 10.53 10.63 10.74 11.00 11.21 10.98 11.09 10.53 10.08 9.76 9.69 9.46 9.15 8.81 8.82 8.98 9.34 9.38 9.15 8.30 7.55 7.79 7.74 7.78
10.07 10.64 12.19 13.74 13.15 12.25 12.25 12.45 12.60 12.01 11.12 11.08 10.88 10.67 10.61 11.05 11.57 11.66 11.31 11.71 11.08 10.61 10.56 10.58 10.71 10.67 10.48 10.89 10.64 10.50 10.25 10.15 10.64 10.80 10.22 10.42 10.79 11.41 11.07 11.03 10.68 10.10 10.13 10.15 10.25 10.03 9.98 10.05 10.29 10.45 10.50 10.53 10.62 10.65 10.54 10.31 10.51 10.85 10.84 11.04 11.00 11.40 10.88 11.10 10.83 10.30 9.66 9.40 9.23 9.02 8.72 8.59 8.62 8.95 9.14 8.88 8.78 8.25 7.92 7.94 7.85
10.11 10.69 12.22 14.61 13.86 12.88 13.23 13.23 13.38 12.60 12.31 11.87 11.76 11.53 11.39 11.52 11.78 11.62 11.69 11.59 10.95 10.19 10.21 10.20 10.61 10.87 10.46 10.76 10.70 10.62 10.60 10.64 10.82 10.91 10.67 10.74 11.08 11.60 11.18 11.06 10.97 10.33 10.24 10.14 10.36 10.29 10.25 10.25 10.40 10.55 10.69 10.66 10.69 10.68 10.62 10.45 10.34 10.45 10.58 10.65 11.03 11.37 10.99 11.04 11.13 10.70 9.90 9.53 9.34 9.16 8.99 8.69 8.47 8.41 8.45 8.61 8.54 8.68 8.84 8.50 8.16
10.30 11.18 11.73 13.19 15.07 14.50 14.10 13.94 13.29 12.57 12.54 12.38 12.31 12.21 11.89 11.88 11.90 11.78 12.05 11.62 10.90 10.63 10.50 10.33 10.46 10.64 10.38 10.83 11.01 11.23 11.01 11.42 12.24 11.62 11.15 10.92 11.20 11.78 11.75 11.38 10.81 10.45 10.48 10.34 10.36 10.40 10.34 10.39 10.47 10.58 10.68 10.61 10.79 10.98 10.67 10.53 10.38 10.54 10.39 10.64 11.15 11.42 11.03 10.88 11.03 10.91 10.83 10.50 10.04 9.75 9.51 9.06 8.84 8.77 8.36 8.04 8.08 8.60 9.06 8.91 8.45
11.32 11.78 11.95 12.28 14.40 15.35 15.96 15.11 13.20 12.70 12.34 12.18 12.56 12.65 12.51 12.49 12.40 11.89 11.75 11.29 11.87 11.97 12.15 11.16 10.78 10.85 10.95 10.70 11.33 11.94 12.08 12.03 12.67 12.43 11.58 11.20 11.19 11.26 12.12 11.91 11.35 11.15 11.09 10.49 10.26 10.37 10.25 10.31 10.51 10.72 10.66 10.61 10.72 11.10 11.49 10.96 10.39 10.55 10.72 10.96 11.53 11.22 11.16 10.99 11.01 10.73 11.41 11.41 10.65 10.23 10.20 9.68 9.20 8.84 8.55 8.53 7.94 7.83 8.76 8.45 8.63
11.28 11.79 12.36 12.72 14.40 15.44 16.21 15.78 14.21 13.19 13.02 12.47 12.56 13.14 13.13 13.04 12.56 11.84 12.67 12.23 11.66 12.32 12.82 12.13 11.94 11.92 12.13 11.57 11.40 11.59 11.71 12.03 12.19 12.19 11.68 11.07 11.31 11.34 11.46 11.44 11.38 11.47 11.24 11.09 10.84 10.42 10.39 10.61 10.76 10.82 10.80 10.71 10.64 11.06 11.79 10.90 10.67 10.84 10.82 11.13 11.27 10.98 11.10 11.43 11.09 10.82 11.05 11.33 11.11 10.93 10.81 10.04 9.51 9.14 8.88 8.85 8.48 8.11 7.99 8.29 8.77
11.84 12.26 12.68 13.36 14.54 15.10 15.22 15.81 15.32 13.80 13.71 13.22 13.21 13.70 13.61 13.52 13.02 13.02 13.54 13.12 12.56 12.81 12.87 12.83 12.85 12.28 12.66 12.76 12.70 12.43 11.79 11.54 11.62 11.63 11.58 11.52 11.63 11.53 11.42 11.38 10.99 11.43 11.66 11.58 11.50 10.90 10.73 10.72 10.93 11.03 11.05 11.03 10.94 11.18 11.02 10.76 10.73 11.01 11.22 11.36 11.51 11.13 10.98 11.34 11.46 11.21 11.02 10.85 10.92 11.25 10.97 10.96 10.23 9.49 9.01 8.85 8.83 8.42 8.40 8.39 8.47
13.07 12.94 13.17 13.82 14.56 15.38 15.76 16.34 16.33 14.80 14.33 14.29 14.26 14.23 13.86 13.36 13.66 13.77 14.26 14.50 13.99 14.06 13.23 13.51 12.88 12.66 12.63 12.87 13.38 13.07 12.50 12.29 12.09 12.17 12.50 12.42 12.65 11.97 11.33 11.13 11.04 10.76 10.88 11.72 11.89 11.37 11.15 11.06 11.10 11.27 11.48 11.61 11.81 10.98 10.83 10.99 10.90 11.09 11.31 11.59 11.80 11.30 11.04 10.97 11.37 11.57 11.28 11.40 11.19 11.21 11.42 11.65 10.71 10.04 9.38 9.30 9.00 9.22 9.47 8.98 9.07
13.68 13.68 13.96 14.30 14.49 15.05 16.15 16.59 16.67 16.15 15.25 15.03 14.88 14.61 13.63 13.34 13.44 13.73 14.09 14.50 15.06 14.89 13.82 13.68 13.07 13.34 13.79 13.43 13.48 13.13 12.30 11.88 12.07 12.32 12.64 12.80 12.75 12.18 11.60 11.27 10.89 10.62 10.54 10.95 11.67 11.75 11.60 11.39 11.69 11.86 11.94 11.58 11.30 11.35 11.52 11.22 11.20 11.44 11.67 11.79 11.88 11.62 11.41 11.25 11.56 11.86 11.50 11.03 10.86 10.52 10.80 11.62 11.15 10.37 9.87 9.68 9.44 9.71 9.81 9.72 9.78
14.32 14.54 14.76 14.96 15.13 15.76 16.82 16.74 16.64 17.48 17.02 15.64 15.57 14.46 13.97 14.27 14.12 14.10 14.59 14.58 15.19 14.86 13.95 13.34 13.56 14.40 14.51 13.76 13.21 12.55 11.83 11.67 12.17 12.51 12.67 12.56 13.05 12.71 12.40 12.41 11.67 10.82 10.73 11.24 11.91 12.33 12.30 11.83 11.78 11.95 11.97 11.11 11.15 11.08 11.61 11.55 11.72 11.64 11.83 11.99 11.61 11.73 11.68 11.59 12.07 11.77 11.26 11.08 10.67 10.22 10.83 11.87 11.52 10.63 10.16 9.82 9.76 9.97 10.08 9.99 10.30
14.79 15.15 15.38 15.58 15.81 16.37 17.09 17.13 17.09 17.26 17.60 17.42 16.48 15.18 15.06 15.03 14.92 14.55 14.76 14.96 15.40 16.05 14.39 13.53 13.64 14.17 13.61 12.95 12.37 12.04 11.67 11.91 12.84 13.47 12.75 12.28 12.67 13.01 12.46 12.07 12.17 11.96 11.56 11.09 11.12 11.56 11.85 11.38 11.13 11.78 11.71 11.54 10.97 10.72 11.18 11.76 11.93 11.51 11.52 11.65 11.45 11.44 11.63 11.57 11.40 11.38 10.93 10.80 10.40 10.61 11.68 11.94 11.58 11.39 10.61 10.06 9.86 10.05 10.16 9.88 10.16
14.82 15.37 15.18 15.47 16.44 16.76 17.09 17.83 17.48 17.08 17.34 18.28 17.01 16.87 17.01 16.60 15.65 15.46 16.03 15.89 15.57 16.00 14.83 14.06 14.35 13.99 13.43 12.49 12.10 11.96 12.06 13.09 13.31 13.98 12.69 12.19 12.63 12.80 12.14 11.74 12.17 12.58 12.36 11.63 11.31 11.05 11.01 10.94 11.16 11.92 12.30 11.81 11.35 10.63 11.30 11.53 11.52 11.30 11.36 11.39 11.15 11.21 11.34 11.08 11.05 11.00 11.07 10.42 10.24 10.90 11.17 11.31 11.46 11.81 11.04 10.82 10.42 10.29 10.31 10.14 10.45
15.34 15.55 15.68 16.15 16.92 17.21 17.34 17.69 18.22 18.92 18.83 17.84 18.60 18.81 17.81 16.34 15.72 16.25 16.63 16.96 16.35 15.73 14.87 14.33 14.43 14.08 13.13 12.66 12.38 11.69 12.40 13.49 14.15 13.98 12.49 12.31 12.71 12.77 12.80 11.74 11.27 11.63 11.75 12.28 12.37 11.56 11.40 11.38 12.20 11.71 12.28 12.16 11.49 10.76 11.26 11.22 11.36 11.45 11.62 11.69 11.39 11.25 11.51 11.44 10.82 10.93 10.70 10.32 10.88 11.26 10.98 10.95 11.23 11.85 11.50 10.99 10.86 10.46 10.48 10.31 10.49
16.52 16.09 16.75 16.61 17.39 17.97 18.12 17.59 18.02 19.23 19.78 19.11 18.40 19.05 18.65 18.30 17.10 17.26 17.90 17.77 16.66 15.86 15.41 15.09 15.37 14.72 14.38 13.94 12.95 11.80 12.56 13.47 13.57 13.60 12.46 11.79 12.14 12.04 12.57 12.26 11.44 10.90 10.78 11.25 11.55 11.89 12.00 11.82 11.14 10.89 11.44 11.94 11.19 10.80 10.99 11.34 11.46 11.70 11.81 11.38 11.38 11.44 11.55 11.66 10.69 10.56 10.20 10.68 11.75 11.54 11.00 11.08 11.10 11.82 11.64 11.22 11.26 11.25 10.77 10.63 10.94
17.82 17.15 17.37 17.75 18.54 19.33 19.19 18.17 18.06 18.52 20.18 20.78 19.37 19.60 19.50 19.04 19.46 19.30 19.39 19.01 18.12 17.19 16.85 16.61 16.62 15.78 14.72 13.73 13.28 12.07 12.23 13.31 13.75 14.00 12.46 11.64 11.63 12.46 13.72 13.60 12.29 11.56 10.81 11.55 12.03 11.76 12.14 12.30 11.15 10.90 11.19 11.78 11.02 11.39 11.81 11.71 11.66 11.43 11.39 11.02 11.34 11.45 11.17 11.03 10.68 10.39 10.33 10.76 11.84 11.72 11.64 11.46 11.50 11.65 11.81 11.82 11.95 12.04 11.14 10.88 11.14
18.01 17.91 17.89 18.25 18.65 18.99 18.57 18.27 18.72 18.82 19.64 19.84 19.96 20.52 21.18 20.38 20.70 19.86 19.18 19.98 19.38 18.81 18.61 18.41 17.55 15.98 15.12 13.70 13.09 13.19 13.32 13.99 14.26 13.98 12.82 12.51 12.36 13.12 13.70 13.71 12.45 11.29 11.19 11.90 12.83 12.89 11.90 11.71 12.46 12.27 11.47 11.31 11.35 11.94 11.91 11.30 11.15 10.78 10.62 10.76 10.91 11.14 11.03 10.94 10.95 10.63 10.43 10.79 11.38 11.49 11.61 11.59 11.67 11.82 11.98 12.07 12.01 11.38 11.04 11.06 11.21
20.18 19.63 19.06 19.00 19.19 19.10 18.58 18.83 20.01 20.24 19.80 19.64 20.45 20.72 20.67 19.99 19.60 19.26 19.41 19.97 19.63 19.09 19.33 19.04 17.52 16.08 15.10 13.62 13.33 13.96 14.81 15.44 15.87 14.94 13.71 12.45 12.25 12.80 13.97 13.44 12.39 12.04 11.90 12.20 13.25 12.47 11.91 11.96 12.92 13.10 12.62 11.49 11.13 11.50 11.69 11.04 10.76 10.66 10.51 10.61 10.74 11.02 10.87 10.90 11.34 10.99 10.57 10.85 10.81 11.08 11.56 11.90 12.09 12.21 12.14 12.26 12.50 11.73 10.41 10.83 10.95
21.78 21.56 21.04 20.53 19.75 19.31 19.04 19.95 20.98 21.14 22.09 22.71 22.94 22.76 22.29 21.05 19.62 19.41 20.58 20.61 19.83 19.11 18.93 19.13 17.78 16.52 15.06 14.37 14.78 15.15 15.90 17.03 16.78 15.22 13.69 13.58 13.13 13.61 14.98 14.61 12.89 12.28 12.55 13.32 13.68 12.77 12.70 12.40 12.84 13.94 13.66 12.37 11.43 11.82 12.22 11.31 11.10 11.57 11.09 11.00 10.66 10.85 11.11 11.10 11.19 10.94 10.64 10.98 11.25 11.10 11.45 11.94 12.24 12.17 11.82 11.96 12.21 12.01 10.83 11.10 10.79
21.11 21.81 21.21 20.61 20.49 19.88 20.04 21.14 21.83 21.16 21.40 22.05 21.80 22.34 21.71 20.48 19.99 20.13 20.32 20.25 19.77 19.76 19.05 19.18 17.75 16.55 15.98 15.70 15.70 15.90 16.61 17.64 17.42 15.86 14.57 14.46 14.70 13.67 13.60 13.66 12.97 12.99 13.98 13.13 12.27 11.97 12.21 13.47 14.75 14.14 13.74 12.20 11.98 12.32 11.65 11.51 11.73 12.27 11.83 11.46 11.18 11.17 11.55 11.27 11.37 11.17 10.75 10.93 11.22 11.18 11.19 11.41 11.92 11.55 11.45 11.52 11.98 11.20 11.25 11.68 11.28
22.00 22.18 21.78 21.68 21.17 20.98 21.22 22.25 22.56 22.34 22.18 21.19 21.86 22.36 22.18 21.74 20.48 20.22 20.19 20.03 19.46 19.54 18.61 18.47 17.85 16.86 16.47 16.24 16.71 16.83 17.00 17.34 17.83 17.30 16.02 14.82 14.50 14.18 13.56 13.31 13.68 13.22 13.17 12.74 12.22 12.75 12.62 13.36 14.20 13.54 12.77 12.42 12.64 12.36 11.50 11.87 12.41 13.00 12.60 12.15 12.08 12.36 11.84 11.50 11.22 11.29 11.57 11.35 11.50 11.57 11.28 11.41 11.71 11.53 11.45 11.54 11.63 11.58 11.78 12.00 12.00
23.07 23.71 21.58 21.34 22.20 22.78 22.28 22.45 22.56 22.29 22.33 21.76 22.16 22.38 22.49 23.08 22.28 21.95 21.69 20.70 20.05 20.34 19.57 18.60 17.73 17.53 17.21 17.52 17.65 17.00 16.55 16.85 16.82 16.96 16.42 16.22 15.81 14.78 14.04 13.65 14.07 13.88 14.35 13.87 14.23 14.89 14.01 14.22 15.46 14.96 13.93 13.23 13.11 13.40 12.61 12.29 12.26 12.52 12.80 12.78 12.90 12.27 11.81 11.57 11.39 11.45 11.47 11.47 11.39 11.56 11.35 11.44 11.56 11.50 11.35 11.43 11.53 11.66 11.97 12.35 12.64
24.18 24.79 23.05 22.82 23.13 23.39 22.72 23.02 23.02 22.84 22.42 22.09 22.62 22.30 23.12 23.89 22.91 22.39 22.24 22.11 21.98 21.90 20.37 19.39 19.38 19.27 18.69 18.66 18.18 17.38 16.68 16.31 16.39 16.84 16.88 17.57 15.97 14.66 14.36 14.03 14.67 15.81 15.03 14.23 15.26 16.14 15.05 14.57 15.63 16.31 15.69 14.98 14.20 13.70 13.21 12.39 12.35 12.50 12.74 12.93 12.83 12.66 11.95 11.75 11.57 11.46 11.47 11.53 11.47 11.45 11.43 11.48 12.03 12.01 11.46 11.53 11.43 11.44 12.08 12.64 13.04
24.36 25.15 24.38 23.85 23.54 23.39 22.64 22.79 22.82 22.57 22.12 21.91 22.61 22.23 22.15 22.53 22.58 23.22 24.06 24.24 22.55 21.24 20.68 20.33 20.54 20.18 19.72 19.03 18.04 17.87 17.55 17.63 17.86 18.19 17.71 17.01 16.71 15.91 16.60 16.40 16.02 16.68 15.16 14.62 16.21 17.16 15.51 14.69 14.90 15.69 16.68 17.65 15.87 14.19 13.31 12.68 13.08 12.97 12.66 12.61 12.37 12.79 12.36 11.84 11.85 11.83 11.82 12.06 11.71 11.69 11.81 11.89 12.33 12.45 12.18 11.98 11.58 11.82 12.24 12.49 11.64
23.89 24.64 25.37 25.35 24.25 24.02 23.81 23.08 22.77 22.15 22.40 22.27 22.77 22.29 22.11 22.06 21.91 22.96 23.64 23.24 22.02 21.38 21.39 21.14 20.49 20.31 20.45 20.16 19.02 19.16 18.56 18.12 18.48 18.86 17.90 17.38 17.69 17.13 18.10 18.78 17.56 16.24 15.06 14.59 15.39 16.36 16.05 14.89 15.75 15.28 16.04 17.25 16.28 15.17 14.89 13.48 13.24 12.64 12.54 12.32 12.15 12.12 11.99 11.88 12.29 12.71 12.59 13.02 12.52 12.14 12.17 12.64 12.69 12.67 12.66 12.55 12.26 12.16 12.37 12.11 11.18
23.14 24.81 24.71 25.55 25.93 26.54 25.41 24.27 23.53 23.38 23.06 23.19 23.23 22.82 22.46 23.29 22.62 22.40 22.41 22.62 22.61 23.12 22.47 21.77 21.71 21.37 21.54 20.71 19.91 19.70 19.37 19.84 19.93 19.74 18.44 17.50 18.39 18.58 18.91 20.07 19.16 17.42 16.28 15.13 15.30 16.58 16.46 15.50 15.99 15.31 15.73 16.67 17.45 16.48 15.15 13.89 14.15 14.01 12.71 12.45 12.25 12.12 12.33 11.72 11.79 12.24 12.55 12.73 12.83 12.46 12.74 13.28 13.08 12.74 12.74 13.00 12.57 12.03 11.92 11.93 11.17
23.36 23.89 23.28 23.63 23.77 25.20 26.08 26.59 25.57 24.90 24.55 24.58 25.01 24.75 24.05 23.69 23.09 23.06 22.75 21.98 21.58 21.60 21.86 22.30 22.07 21.80 21.79 22.17 22.17 21.58 21.50 20.88 19.89 19.48 18.87 18.41 19.65 20.91 21.19 21.35 19.31 17.33 16.27 15.62 16.09 17.48 17.43 16.50 16.17 16.04 16.07 17.04 17.82 16.43 15.23 14.84 14.67 13.88 12.86 12.70 12.59 12.31 12.33 11.90 11.46 11.44 11.56 11.76 11.88 11.81 13.10 13.05 12.70 12.61 12.82 12.95 12.57 12.60 11.87 11.48 11.28
23.35 23.49 23.63 24.59 23.38 23.47 24.93 26.57 26.97 27.63 27.01 25.97 25.40 25.07 24.37 24.66 24.47 24.55 24.19 23.40 22.54 22.49 22.65 22.73 22.26 22.53 22.72 22.68 22.97 22.15 21.28 21.60 21.38 20.37 19.43 20.06 20.54 21.02 21.43 20.34 18.49 17.07 16.57 16.53 17.00 18.07 18.91 17.56 17.19 17.35 17.18 17.36 18.00 17.51 16.32 16.24 15.40 13.70 13.20 12.90 12.89 12.66 12.56 12.27 11.72 11.51 11.71 12.10 11.60 12.10 12.75 12.60 12.19 12.64 12.43 13.06 12.85 12.50 12.82 12.09 11.43
24.05 23.89 24.73 24.91 23.98 23.54 23.94 25.25 26.70 28.09 27.34 26.67 26.93 26.26 26.07 26.14 24.90 24.90 24.64 24.54 23.93 24.26 23.96 23.33 22.86 23.83 24.08 24.10 23.29 22.41 21.95 22.32 21.87 20.76 20.31 20.91 21.18 21.24 20.41 18.92 17.88 17.66 17.68 18.04 18.53 18.47 18.88 19.28 18.88 18.79 18.84 18.59 18.81 18.74 17.53 16.51 15.38 14.13 13.63 13.98 14.21 13.79 12.83 12.70 11.88 11.68 11.68 11.64 11.64 11.84 12.12 12.14 12.03 12.05 11.75 12.71 12.38 12.14 12.94 12.52 11.51
24.77 24.93 24.88 25.04 24.46 24.01 24.41 24.52 26.02 27.49 27.81 27.02 27.27 27.76 27.16 26.87 27.12 26.39 25.48 25.27 25.24 25.42 25.21 25.10 24.71 23.98 23.70 23.15 23.31 23.41 23.32 22.56 21.45 21.27 21.19 21.61 21.70 21.49 20.53 18.85 18.53 18.48 18.41 18.30 18.53 18.58 18.90 19.83 20.73 21.61 20.69 19.72 18.66 18.10 17.34 16.41 14.96 14.28 13.98 15.54 16.25 15.46 14.63 14.07 12.27 11.93 11.75 11.62 11.55 11.55 11.65 11.49 11.48 11.43 11.59 11.76 11.69 11.64 11.92 11.98 11.70
25.94 25.86 25.66 25.59 25.35 25.10 25.22 24.90 25.51 26.95 28.29 28.88 28.30 27.67 27.42 27.59 27.55 27.00 27.22 25.98 25.72 25.85 25.31 25.25 25.24 24.61 24.53 24.21 24.10 23.74 23.28 22.39 21.48 21.60 21.69 22.03 22.14 21.83 21.81 21.32 21.06 20.62 19.05 18.65 18.68 19.18 19.44 19.90 20.80 21.03 19.68 18.44 18.41 17.42 17.07 17.11 16.92 14.78 14.52 14.63 14.62 14.57 14.67 14.12 12.91 12.48 12.00 11.86 11.71 11.65 11.60 11.57 11.58 11.61 11.65 11.73 11.79 12.41 12.45 12.26 12.80
26.95 26.87 26.60 26.33 26.40 26.04 25.67 25.42 25.48 26.99 27.73 28.38 28.81 29.09 28.48 28.00 28.15 27.46 27.36 26.70 26.38 26.17 26.02 25.64 25.60 25.30 24.93 24.90 24.83 24.57 23.97 22.85 22.34 21.95 21.94 21.97 22.54 22.32 22.84 22.89 22.45 20.63 19.80 19.36 19.91 20.23 20.11 20.27 20.63 20.30 19.04 17.92 17.74 18.14 17.82 16.73 16.76 15.17 15.11 15.36 15.19 15.40 14.93 14.90 14.28 13.65 12.46 12.05 12.30 12.00 11.81 11.92 11.79 11.81 11.87 11.96 12.04 12.64 13.73 13.74 13.83
28.05 27.77 27.37 27.66 27.32 26.79 26.49 26.20 26.10 26.77 27.92 29.34 30.21 30.14 28.99 28.76 29.33 28.67 27.24 26.49 26.72 27.14 28.33 27.26 26.16 26.12 25.67 26.34 26.44 25.66 24.43 23.48 23.30 23.04 23.32 23.52 23.97 23.79 23.56 23.81 24.13 21.88 20.28 20.54 21.80 21.55 21.35 21.59 21.64 20.77 19.13 18.35 17.56 17.71 17.72 16.53 15.99 15.57 14.98 14.91 14.93 14.37 13.96 14.02 14.83 15.04 13.45 12.32 12.49 12.93 12.01 12.00 12.03 12.05 12.24 12.26 12.61 12.51 13.36 13.86 14.16
29.25 29.38 28.92 28.93 28.25 27.62 27.94 27.20 27.15 27.06 28.16 29.75 30.52 30.55 30.12 29.96 30.99 31.16 29.03 28.13 27.67 28.13 27.87 27.43 26.67 26.36 26.18 25.80 25.91 25.41 25.33 25.19 24.57 23.83 23.93 23.32 23.81 24.81 25.03 25.00 24.85 22.88 21.34 20.89 21.94 22.30 21.66 22.68 22.72 21.58 19.67 18.90 18.72 17.90 17.36 16.85 16.38 15.93 15.76 15.11 14.75 14.65 14.71 14.46 15.21 16.47 14.71 12.59 12.42 12.28 12.23 12.21 12.24 12.29 12.43 12.56 12.55 13.02 13.78 13.16 13.08
30.38 30.85 30.76 30.42 29.99 29.13 28.83 27.99 27.50 28.33 28.57 30.32 31.22 30.69 30.64 30.46 30.75 31.32 29.66 29.03 28.49 28.48 28.25 27.40 27.55 27.64 27.01 26.50 25.92 25.10 25.31 25.34 24.95 24.79 24.62 24.76 24.44 23.87 24.31 25.68 26.54 24.37 22.16 22.14 23.05 23.05 22.70 23.19 23.26 21.33 20.05 19.55 19.66 18.61 17.93 17.52 17.67 17.08 16.68 15.85 15.69 15.43 14.86 14.93 14.80 16.19 14.97 12.91 12.72 12.54 12.48 12.46 12.48 12.52 12.60 12.74 12.83 13.01 14.10 13.49 13.69
31.14 31.89 32.76 31.89 30.67 30.00 29.07 29.28 28.66 29.31 29.82 31.83 33.13 32.77 32.50 30.60 30.59 31.02 31.25 30.60 28.92 28.65 28.64 28.13 27.72 27.54 28.06 28.12 28.02 27.56 27.19 27.09 25.41 24.83 24.17 24.20 23.97 23.48 23.38 24.62 26.08 25.47 24.46 25.18 26.67 24.85 24.76 24.89 23.11 21.37 20.60 20.26 19.84 19.25 18.64 18.55 18.96 17.78 17.97 17.22 16.37 16.49 15.19 15.63 15.13 15.86 15.11 13.46 12.93 13.25 13.22 12.74 12.74 12.80 12.90 13.02 13.12 13.22 13.43 14.19 14.31
