project/src/data/BOM_climate/monthly_mean_rainfall/rainsep.txt
ncols 886
nrows 691
xllcenter 112.0000
yllcenter -44.5000
cellsize 0.0500
nodata_value 99999.90
[rows 360 to 395 of 691, columns 324 to 404 of 886]
11.52 11.90 11.56 10.91 10.27 10.58 11.32 11.72 11.99 11.89 12.44 12.12 11.91 11.39 10.66 10.23 10.36 11.05 11.46 11.13 11.67 12.09 12.63 13.01 12.85 12.99 13.05 13.26 12.91 12.15 11.58 11.92 12.01 11.98 12.71 12.91 12.41 12.23 11.99 11.96 11.68 11.84 12.03 11.70 11.93 12.48 12.81 13.30 13.73 13.90 13.38 13.20 13.25 12.93 12.47 12.39 12.33 12.68 12.55 11.87 12.15 12.69 11.95 11.94 12.35 12.84 12.59 12.32 12.84 13.33 13.17 12.54 12.53 11.91 11.89 12.56 13.02 13.01 12.71 12.85 12.78
11.24 11.78 11.25 10.73 10.23 10.55 11.39 11.41 11.42 11.80 12.43 12.24 11.71 11.18 10.62 10.24 10.33 11.00 11.14 11.04 11.60 12.10 12.42 12.59 12.42 12.95 13.55 13.00 12.21 11.96 11.98 12.35 11.77 11.59 12.18 12.88 13.11 12.59 12.37 11.71 11.53 12.00 12.04 11.71 12.02 12.41 12.55 12.80 13.55 13.59 12.94 12.54 12.65 12.64 12.65 12.53 12.39 12.77 12.38 11.94 12.28 12.01 12.00 12.37 12.69 12.69 12.13 12.12 12.89 13.26 12.84 12.47 12.49 11.85 12.37 12.72 13.10 12.98 12.73 12.37 12.87
11.35 11.17 11.14 10.42 10.15 10.81 11.26 11.24 11.74 12.07 12.19 12.26 11.82 11.59 10.99 10.45 10.20 10.56 10.91 11.34 11.85 11.75 12.02 12.10 12.05 12.49 13.31 13.56 12.92 13.01 13.00 12.60 11.95 11.42 11.71 12.55 12.99 12.63 12.30 11.99 11.60 11.61 11.66 11.82 11.63 11.72 12.18 12.62 13.28 13.89 13.51 12.70 12.53 12.80 12.59 12.47 12.44 12.48 12.31 12.15 12.12 12.01 12.49 13.10 12.95 12.53 11.94 12.27 12.67 12.85 12.42 12.17 11.88 11.82 12.30 12.62 13.09 12.79 12.37 12.22 12.39
11.21 10.80 10.84 10.26 10.62 10.86 10.83 11.37 11.87 11.89 11.85 12.28 11.89 11.38 10.96 10.44 10.17 10.47 10.65 11.16 11.55 11.43 11.82 11.65 12.02 12.48 12.86 13.27 13.43 13.40 13.11 12.41 11.87 11.63 11.60 12.24 11.94 12.05 11.85 11.74 11.65 11.49 11.83 11.98 11.94 12.18 12.60 12.78 13.13 13.73 13.94 13.48 13.13 13.00 12.73 12.53 12.60 12.40 12.36 12.26 12.21 12.12 12.54 13.18 12.85 12.39 11.97 12.54 12.84 12.89 12.76 12.62 12.17 11.67 12.03 12.59 12.91 12.43 12.50 11.90 12.38
11.27 10.54 10.09 10.62 10.64 10.76 11.27 11.70 11.72 11.57 11.32 12.05 12.13 11.32 10.85 10.43 10.11 10.47 10.50 11.08 11.13 11.21 11.21 11.45 12.03 12.23 12.47 12.80 13.30 13.17 12.84 12.38 12.03 11.72 11.33 11.48 11.67 12.50 12.30 11.95 11.84 11.41 11.79 12.13 12.24 12.33 12.53 12.82 13.16 13.61 13.96 13.95 14.02 13.54 13.06 12.99 12.56 12.50 12.42 12.36 12.23 12.16 12.20 12.69 12.75 12.13 12.09 12.64 13.08 12.55 12.77 12.47 11.85 11.60 12.25 12.83 13.05 12.67 12.11 11.99 12.64
11.22 10.53 10.19 10.87 10.38 10.67 11.10 11.73 11.45 11.43 11.01 11.53 12.12 11.97 11.35 10.58 10.13 10.28 10.45 10.55 10.50 10.84 11.19 11.38 11.54 12.00 12.59 12.64 13.21 13.27 12.56 12.56 11.88 11.80 11.55 11.77 12.27 12.82 12.54 12.25 11.63 11.74 11.66 12.07 12.36 12.26 12.35 12.62 12.85 13.22 13.14 13.21 13.47 13.15 13.03 12.52 12.72 12.90 12.71 12.50 12.31 12.23 12.15 12.20 12.11 11.87 12.14 12.52 12.97 12.87 12.28 12.29 11.68 12.23 12.73 12.72 13.11 12.75 12.30 11.88 12.53
10.58 10.32 10.12 11.18 10.39 10.97 11.52 11.85 11.56 10.92 11.17 11.73 12.01 11.74 11.12 10.71 10.26 10.25 10.56 10.69 10.65 11.04 11.44 11.76 11.96 12.12 12.43 12.67 13.30 13.45 12.86 12.25 12.10 12.21 11.94 12.42 12.95 13.08 12.46 12.00 12.22 12.17 11.38 11.55 11.56 11.72 11.82 12.04 12.53 12.93 13.28 13.54 13.73 13.19 12.52 12.53 12.97 13.34 12.86 13.27 12.55 12.41 12.21 12.19 12.05 11.98 12.18 12.60 12.35 12.65 12.09 11.84 12.00 12.64 12.91 12.48 12.66 12.43 12.12 11.81 12.28
10.01 9.94 10.23 11.07 10.35 10.93 11.22 11.51 11.24 10.64 10.99 11.36 11.84 11.72 11.32 10.67 10.20 10.46 10.91 11.38 11.21 11.42 12.04 12.21 12.33 12.59 12.56 12.76 13.18 12.84 12.92 12.66 12.69 12.36 12.34 13.02 13.05 12.28 12.38 12.52 12.60 11.90 11.58 12.03 11.28 11.30 12.14 12.41 12.71 13.31 13.71 14.08 14.16 13.49 13.06 13.14 13.49 13.55 13.34 13.23 12.92 12.45 12.32 12.34 12.20 12.19 12.73 12.58 11.96 12.29 11.85 11.69 12.30 13.09 13.00 12.20 12.12 12.37 11.67 11.66 12.09
10.82 10.18 10.10 10.57 10.20 10.68 10.84 11.29 10.90 10.38 10.88 11.42 11.83 11.56 11.08 10.52 10.25 10.79 11.41 11.78 11.91 11.74 11.93 11.91 11.94 12.15 12.22 12.56 12.57 12.47 13.24 13.19 13.46 12.70 12.58 13.38 13.37 13.00 12.91 12.45 12.28 12.15 12.40 12.08 11.41 11.30 11.81 12.23 12.49 13.15 13.23 13.60 13.67 13.90 13.57 13.36 13.22 12.90 12.50 12.72 12.60 12.28 12.40 12.44 12.35 12.21 12.73 12.42 12.03 12.02 11.83 12.04 12.70 13.08 12.75 12.18 11.87 12.00 11.37 11.28 11.26
11.20 10.38 9.92 9.88 9.81 10.22 10.34 10.85 10.46 10.36 10.39 10.83 11.59 11.39 10.90 10.47 10.33 10.75 11.15 11.36 11.38 11.18 11.23 11.47 11.78 12.25 12.21 11.81 12.04 12.72 12.80 13.28 13.71 13.47 13.33 13.60 13.59 13.32 13.23 12.86 12.90 13.03 12.71 12.15 11.50 11.31 11.33 11.62 12.01 12.56 13.01 12.97 13.56 13.75 13.19 13.25 12.81 12.63 12.23 12.21 12.31 12.54 12.42 12.34 12.49 12.26 12.60 12.51 11.79 11.77 12.02 12.61 12.69 12.60 12.52 11.81 11.21 11.11 11.11 11.01 11.14
11.27 10.69 10.38 10.39 10.07 9.78 9.98 10.24 10.04 10.22 10.21 10.53 10.80 11.02 10.71 10.44 10.57 10.49 10.57 10.68 10.73 11.20 11.52 11.81 12.22 12.12 11.61 11.75 12.27 12.70 12.43 13.30 13.37 13.04 13.01 12.94 13.34 13.03 12.94 12.61 12.50 12.40 13.09 12.49 12.10 11.64 11.35 11.65 12.27 12.68 12.64 12.32 12.99 13.71 13.31 12.94 12.67 12.96 12.93 12.82 12.31 12.25 12.40 12.30 12.24 12.17 12.16 12.49 12.03 11.94 12.40 12.08 11.96 12.16 11.56 11.19 11.12 11.14 11.03 11.06 11.34
10.44 10.10 10.05 9.95 9.86 10.11 10.42 10.32 10.40 10.30 10.29 10.59 10.33 10.39 10.43 10.77 10.74 10.51 10.57 10.73 11.05 11.06 11.57 11.76 11.89 11.49 11.30 11.50 11.79 12.04 12.40 13.21 13.63 12.90 12.59 12.67 12.73 13.39 12.95 13.06 12.62 11.96 12.63 13.02 12.39 11.46 11.39 11.72 11.71 12.01 11.98 12.46 13.03 13.72 13.96 13.36 13.06 13.36 12.98 12.66 12.45 12.22 12.30 12.16 12.27 12.28 12.11 12.13 12.07 11.83 11.91 11.72 11.47 11.54 11.23 11.22 11.26 11.29 11.28 11.37 11.34
10.09 9.84 9.78 9.64 9.64 9.95 10.76 11.20 10.57 10.26 10.54 10.65 10.51 10.64 10.62 10.87 10.79 10.53 10.88 10.96 10.81 10.82 10.96 11.09 11.25 11.09 11.55 11.74 11.97 12.11 12.49 13.25 13.40 13.32 12.99 12.40 12.03 12.52 12.87 12.96 12.37 11.88 12.03 12.29 11.95 11.61 11.41 11.57 11.70 11.84 12.36 12.99 13.28 13.64 13.79 13.89 13.73 13.50 13.28 13.34 12.82 12.70 12.71 12.38 12.59 12.42 12.17 12.13 12.15 12.12 11.74 11.63 11.66 11.49 11.49 11.47 11.50 11.56 11.65 11.76 11.51
9.89 9.73 9.77 9.62 9.70 9.96 10.32 11.01 10.92 10.51 10.89 10.98 10.75 10.62 10.68 10.80 10.95 10.62 11.26 11.07 10.97 11.07 11.08 11.18 11.46 11.45 11.76 12.39 12.57 12.92 12.99 12.99 12.86 12.46 12.60 12.59 11.77 12.30 13.04 13.01 12.33 11.91 11.54 11.58 11.47 11.46 11.49 11.65 12.13 12.12 12.81 13.27 13.44 13.35 13.23 13.37 13.50 13.48 13.56 13.45 13.03 12.78 12.71 12.38 12.30 12.23 12.31 12.24 12.22 12.12 11.93 11.83 11.88 11.56 11.59 11.33 11.64 11.63 11.78 12.23 11.86
9.86 9.79 9.67 9.72 9.89 10.07 10.24 10.28 10.40 11.16 11.50 11.17 11.00 10.72 11.10 11.09 10.82 11.01 11.26 11.17 11.47 11.33 11.20 11.43 11.68 11.94 12.64 13.05 13.38 12.92 12.64 12.95 12.64 12.26 12.10 12.34 11.91 12.54 13.13 13.22 12.82 12.28 11.95 11.72 11.52 11.27 11.56 11.63 12.04 12.51 12.57 12.83 13.13 13.07 12.88 13.04 13.10 12.97 13.17 13.40 13.35 12.97 12.74 12.52 12.68 12.49 12.63 12.16 11.98 11.97 11.98 11.93 11.65 11.52 11.51 11.41 11.76 12.24 12.31 12.56 12.30
9.73 9.91 9.79 10.08 10.12 10.20 10.37 10.26 10.38 10.60 11.63 11.70 11.66 11.38 11.39 11.09 10.68 11.14 11.04 10.98 11.47 11.69 11.52 11.60 11.90 12.39 13.08 12.68 12.75 12.30 12.02 12.13 12.33 12.51 12.21 11.94 12.04 12.62 12.84 13.03 13.09 12.38 12.25 12.05 11.75 11.28 11.37 11.66 11.83 12.05 11.84 12.06 12.49 13.27 13.23 12.92 12.59 12.68 12.71 12.89 13.18 13.19 13.26 13.09 12.98 13.04 13.22 12.83 12.28 12.36 12.05 11.89 11.70 11.65 11.54 11.43 11.52 12.02 11.93 11.97 11.95
9.75 9.78 9.78 10.29 10.46 10.48 10.41 10.45 10.41 10.47 11.16 11.97 12.12 12.21 11.55 10.92 11.02 11.37 11.29 10.83 11.39 11.67 11.98 12.29 12.49 12.90 13.19 12.74 12.23 11.89 12.02 12.00 11.73 11.97 12.38 12.06 11.93 12.61 12.43 12.90 12.91 12.50 12.07 12.02 11.73 11.41 11.38 11.47 11.75 11.77 11.89 12.18 12.41 12.70 12.90 12.90 12.72 12.62 12.35 12.43 12.86 12.69 13.02 12.84 12.92 12.86 13.00 12.64 12.51 12.61 12.38 12.10 11.84 11.66 11.62 11.56 11.43 11.50 11.43 11.56 11.65
9.91 9.83 9.77 10.31 10.65 10.75 10.82 10.83 10.69 10.71 10.99 12.10 12.55 12.82 12.12 11.11 10.99 10.92 10.98 10.89 11.11 11.49 12.01 12.23 12.71 13.12 12.98 12.79 12.45 12.47 12.72 12.31 12.16 11.77 11.83 11.49 11.64 11.89 11.98 12.51 12.73 12.38 12.12 11.90 11.73 11.61 11.52 11.33 11.48 11.63 11.58 11.93 11.94 12.04 12.32 12.71 13.08 12.79 12.31 12.21 12.13 12.21 12.69 12.38 12.57 12.42 12.79 12.55 12.04 12.36 12.32 11.88 11.62 11.71 11.66 11.56 11.30 11.39 11.43 11.41 11.44
10.03 10.11 9.95 10.37 10.60 10.78 11.04 10.93 10.73 11.05 11.22 11.75 12.12 12.26 11.94 11.76 12.28 12.02 11.75 11.38 11.23 11.19 11.68 12.33 12.58 12.78 13.23 13.05 12.77 13.15 13.00 12.47 12.09 11.67 11.38 11.37 11.35 11.30 11.54 11.69 12.16 12.21 12.14 12.31 12.34 12.12 11.70 11.47 11.45 11.48 11.47 11.71 11.46 11.74 11.99 12.21 12.69 12.82 12.58 12.69 12.52 11.88 11.98 12.01 12.04 12.24 12.67 12.63 11.96 11.80 11.96 12.14 11.64 11.70 11.68 11.61 11.39 11.18 11.09 11.40 11.62
10.04 10.03 10.05 10.28 10.42 10.94 11.08 10.68 11.05 11.22 11.27 11.53 11.68 11.68 11.54 11.42 11.91 11.76 11.69 11.35 11.56 11.42 11.05 11.71 12.69 12.90 13.05 13.04 13.20 13.01 12.42 12.20 11.90 11.66 11.52 11.41 11.28 11.16 11.30 11.43 11.57 11.58 11.63 11.77 12.02 12.19 11.67 11.49 11.45 11.34 11.37 11.25 11.32 11.76 11.81 11.99 12.27 12.37 12.73 12.77 12.36 12.25 12.04 11.98 11.82 12.01 12.19 12.50 12.43 11.89 11.50 11.62 11.65 11.75 11.80 11.72 11.09 11.31 11.35 11.70 12.08
10.41 10.69 10.59 10.80 10.62 11.03 10.76 10.51 10.92 10.55 10.74 11.29 11.24 11.38 11.65 11.38 11.53 11.84 11.70 11.34 11.72 11.76 11.20 11.51 12.06 12.32 12.28 12.25 12.41 12.35 12.16 12.09 11.95 11.67 11.57 11.45 11.44 11.29 11.27 11.37 11.55 11.55 11.53 11.72 11.63 11.57 11.51 11.52 11.67 11.57 11.44 11.41 11.43 11.47 11.84 12.14 12.08 12.53 12.67 13.10 12.90 13.14 12.42 12.32 12.55 12.04 11.73 12.05 12.22 12.20 12.19 11.84 11.64 11.70 11.74 11.56 11.34 11.43 11.68 12.13 12.28
10.67 10.99 11.01 11.01 11.09 11.21 10.91 10.71 10.45 10.31 11.00 11.04 10.93 10.98 11.18 11.42 11.60 11.71 11.39 11.01 11.43 11.21 11.33 11.69 11.83 12.03 12.16 12.09 12.37 12.29 12.11 12.11 11.91 11.76 11.60 11.48 11.49 11.34 11.31 11.24 11.50 11.50 11.51 11.63 11.55 11.52 11.50 11.83 11.83 11.69 11.62 11.61 11.58 11.64 11.75 12.18 12.57 12.46 12.32 12.70 13.01 13.22 12.98 13.18 13.08 12.33 11.88 11.59 11.49 11.92 12.25 12.10 11.79 11.75 11.85 11.59 11.23 11.52 11.99 12.25 12.54
10.66 10.76 10.82 10.73 10.81 11.01 11.18 11.00 10.50 10.72 11.08 11.23 11.35 11.40 11.47 11.59 11.61 11.58 11.23 10.98 11.01 11.19 11.69 11.87 11.71 11.94 12.15 12.14 12.35 12.29 12.08 11.88 11.87 11.80 11.72 11.48 11.53 11.68 11.56 11.38 11.51 11.55 11.35 11.35 11.33 11.53 11.72 11.88 11.83 11.71 11.62 11.44 11.38 11.49 11.48 11.49 11.66 11.72 12.00 12.64 13.01 13.39 13.43 13.42 12.84 12.30 12.15 11.86 11.44 11.54 11.57 11.68 11.92 11.87 11.84 11.72 11.62 11.93 12.01 12.19 12.44
10.21 10.46 10.71 10.85 10.96 11.04 11.13 10.68 10.21 10.21 10.41 10.79 11.30 11.44 11.51 11.62 11.79 11.98 11.96 11.63 11.39 11.37 11.97 12.08 11.95 11.81 11.92 11.98 12.02 11.81 11.96 11.87 11.95 11.90 11.82 11.53 11.75 11.84 11.70 11.56 11.37 11.36 11.29 11.30 11.51 11.55 11.53 11.97 11.95 11.90 11.82 11.50 11.45 11.46 11.46 11.48 11.50 11.53 11.76 12.77 13.05 13.39 13.47 13.62 13.30 12.88 12.85 12.45 11.87 11.47 11.69 11.65 11.88 11.66 11.61 11.54 11.95 12.18 12.24 12.48 12.57
9.87 10.08 10.21 10.30 10.43 10.61 11.00 10.31 9.90 9.90 9.79 10.11 10.39 10.58 10.98 11.48 11.84 12.01 12.06 12.02 12.17 11.76 11.97 12.26 12.20 11.92 11.72 11.98 12.16 12.36 12.48 12.18 12.27 12.26 12.12 11.84 12.08 12.13 11.89 11.74 11.72 11.57 11.45 11.46 11.53 11.54 11.49 11.72 12.06 12.03 11.92 11.67 11.60 11.63 11.74 11.62 11.67 11.68 11.72 12.58 13.36 13.23 13.36 13.54 13.66 13.52 13.25 13.09 12.55 12.30 12.55 12.30 11.84 11.67 11.67 11.62 11.70 11.81 12.24 12.62 12.55
9.92 9.99 9.96 10.12 10.09 9.88 10.07 9.93 9.89 9.84 9.57 9.58 9.74 9.90 10.20 10.50 11.03 11.67 12.06 12.11 12.34 12.37 12.02 11.86 11.63 11.88 12.01 12.27 12.23 12.25 12.33 12.35 12.18 12.20 12.32 12.36 12.33 12.31 12.29 12.20 12.06 11.70 11.61 11.66 11.79 11.72 11.64 11.78 12.16 12.16 12.07 11.77 11.74 11.76 11.77 11.77 11.80 11.81 11.91 12.52 13.42 13.55 13.30 13.32 13.46 13.46 13.40 13.09 13.12 13.12 13.17 12.84 12.07 11.79 11.82 11.76 11.76 11.79 12.05 12.27 11.94
9.91 10.04 9.91 9.89 9.86 9.82 9.69 9.74 9.70 9.63 9.65 9.59 9.45 9.67 9.60 9.91 10.23 10.65 11.34 11.87 12.34 12.50 12.51 12.31 11.77 11.85 12.03 12.18 12.06 12.02 12.20 12.46 12.25 12.44 12.54 12.72 12.66 12.61 12.46 12.49 12.53 12.04 12.00 11.99 12.00 11.99 11.85 12.17 12.46 12.44 12.41 12.21 11.91 12.01 12.08 11.91 11.96 11.97 12.24 12.43 13.18 13.95 13.71 13.49 13.40 13.33 13.56 13.10 13.01 13.02 13.01 12.65 12.28 12.10 11.93 11.91 11.86 11.91 12.23 11.82 11.69
9.88 10.03 10.02 9.97 10.07 10.01 9.80 9.88 9.82 9.83 9.67 9.81 9.83 9.71 9.94 10.14 10.29 10.35 10.62 11.12 11.46 11.53 11.52 11.76 11.78 11.76 11.71 11.71 11.72 11.60 11.42 11.64 11.78 12.04 12.33 12.44 12.63 12.81 12.71 12.82 12.82 12.26 12.25 12.24 12.20 12.20 12.13 12.53 12.68 12.68 12.65 12.24 12.16 12.07 11.80 11.69 11.70 11.80 12.03 12.26 12.64 13.15 13.44 13.00 12.66 12.82 13.27 13.04 13.07 12.61 12.27 12.40 12.20 12.13 12.09 12.07 12.00 11.85 11.99 11.55 11.56
10.06 10.15 10.20 10.21 10.22 10.17 10.07 10.05 10.02 10.00 9.97 10.03 10.21 10.27 10.31 10.36 10.46 10.57 10.72 10.81 11.07 11.21 11.39 11.60 11.74 11.68 11.71 11.70 11.71 11.62 11.51 11.45 11.60 11.60 11.90 12.04 12.08 12.27 12.63 12.85 13.04 12.70 12.38 12.34 12.27 12.30 12.59 12.74 12.79 12.96 12.74 12.43 12.21 12.01 11.85 11.85 11.87 11.89 11.87 12.03 12.15 12.51 12.95 12.64 12.14 11.99 12.11 12.23 12.44 12.22 11.97 12.26 12.45 12.33 12.24 12.21 12.10 11.72 11.70 11.46 11.61
10.22 10.24 10.44 10.47 10.31 10.28 10.34 10.20 10.23 10.16 10.28 10.33 10.38 10.43 10.54 10.61 10.65 10.74 10.97 11.04 11.18 11.31 11.50 11.67 11.80 11.82 11.84 11.83 11.78 11.68 11.50 11.38 11.28 11.11 11.28 11.46 11.73 11.86 12.05 12.18 12.65 13.14 13.02 12.87 12.92 12.90 12.92 13.02 13.01 13.02 12.97 12.81 12.47 12.26 12.06 12.04 12.07 12.06 12.06 12.39 12.36 12.64 13.04 12.66 12.40 12.24 12.01 11.98 12.00 12.07 12.18 12.32 12.48 12.59 12.68 12.35 11.95 11.87 11.94 11.89 11.87
10.44 10.44 10.51 10.61 10.61 10.65 10.64 10.58 10.61 10.63 10.63 10.64 10.63 10.72 10.83 10.93 10.88 11.03 11.14 11.20 11.31 11.38 11.54 11.71 11.78 11.93 11.89 11.83 11.70 11.73 11.61 11.57 11.52 11.27 11.40 11.41 11.35 11.34 11.56 11.60 11.78 12.21 12.72 13.15 13.54 13.55 13.33 13.36 13.31 13.36 13.23 13.11 12.90 12.72 12.52 12.20 12.22 12.22 12.19 12.32 12.56 12.63 12.77 12.68 12.50 12.17 12.13 12.17 12.07 12.10 12.08 12.10 12.10 12.07 12.29 13.09 12.44 12.12 11.90 11.68 11.95
10.59 10.66 10.67 10.63 10.68 10.82 10.79 10.76 10.82 10.86 10.90 10.85 10.88 10.93 11.02 11.13 11.08 11.20 11.30 11.36 11.47 11.58 11.72 11.85 11.90 12.00 12.02 12.01 11.88 11.79 11.84 11.78 11.70 11.52 11.61 11.60 11.58 11.43 11.39 11.49 11.68 11.86 12.08 12.08 12.53 13.07 13.45 13.69 13.63 13.53 13.47 13.44 13.21 13.11 13.02 12.77 12.50 12.37 12.39 12.50 12.84 12.87 12.90 12.79 12.82 12.48 12.38 12.29 12.27 12.29 12.27 12.24 12.24 12.22 12.25 12.82 12.97 12.46 12.08 11.92 12.40
10.78 10.82 10.85 10.79 10.88 10.95 10.93 10.92 10.97 11.00 10.94 11.19 11.05 11.10 11.19 11.28 11.32 11.42 11.50 11.56 11.66 11.79 11.86 11.98 12.04 12.13 12.17 12.11 12.03 11.99 11.86 11.94 11.80 11.70 11.69 11.69 11.67 11.50 11.51 11.54 11.64 11.46 11.61 11.88 11.76 12.00 12.33 13.08 13.66 13.79 13.63 13.60 13.28 13.20 13.23 13.15 12.99 12.56 12.57 12.66 12.99 13.06 13.07 12.77 12.64 12.56 12.51 12.52 12.46 12.40 12.38 12.39 12.38 12.38 12.19 12.31 12.73 13.08 12.95 12.64 12.39
10.95 11.02 11.08 11.01 10.93 10.93 11.04 11.14 11.16 11.29 11.16 11.16 11.23 11.29 11.39 11.50 11.60 11.62 11.69 11.75 11.83 11.93 12.05 12.16 12.22 12.29 12.28 12.25 12.22 12.23 12.12 12.03 11.89 11.88 11.90 11.80 11.68 11.72 11.68 11.72 11.73 11.69 11.61 11.52 11.50 11.57 11.65 12.22 12.75 13.38 14.11 14.23 13.77 13.31 13.17 13.30 13.08 12.78 12.72 12.83 13.03 13.28 13.15 12.77 12.76 12.71 12.66 12.65 12.56 12.38 12.30 12.40 12.57 12.53 12.42 12.53 12.75 12.62 13.10 13.47 13.05
11.19 11.25 11.30 11.27 11.22 11.17 11.25 11.38 11.35 11.47 11.43 11.37 11.46 11.52 11.50 11.68 11.74 11.79 11.83 11.90 12.01 12.08 12.22 12.30 12.34 12.41 12.40 12.41 12.32 12.24 12.29 12.33 12.28 12.23 12.16 12.04 11.88 11.85 11.78 11.79 11.83 11.79 11.76 11.72 11.65 11.72 11.78 12.07 12.45 12.72 13.36 14.12 14.79 14.12 13.11 13.42 13.20 13.52 13.24 12.95 12.97 13.41 13.07 12.94 12.89 12.90 12.91 12.88 12.78 12.63 12.46 12.55 12.80 12.80 12.74 12.79 12.80 12.48 12.20 12.93 13.98
11.43 11.46 11.53 11.58 11.55 11.49 11.58 11.53 11.55 11.67 11.59 11.62 11.57 11.70 11.76 11.84 11.90 11.95 12.02 12.03 12.15 12.25 12.36 12.40 12.49 12.56 12.57 12.57 12.39 12.43 12.38 12.33 12.41 12.34 12.32 12.27 12.16 12.08 11.96 11.88 11.83 11.91 11.84 11.90 11.59 11.74 11.78 11.88 12.09 12.29 12.57 13.04 13.59 14.08 14.10 14.41 14.52 14.28 13.84 13.35 13.61 13.27 13.16 13.01 12.93 13.17 13.02 12.81 12.78 12.62 12.59 12.71 12.75 12.95 12.99 12.90 13.00 12.93 12.63 12.91 13.40
