project/src/data/BOM_climate/monthly_mean_rainfall/rainjul.txt
ncols 886
nrows 691
xllcenter 112.0000
yllcenter -44.5000
cellsize 0.0500
nodata_value 99999.90
[rows 136 to 169 of 691, columns 462 to 538 of 886]
2.36 2.30 2.25 2.22 2.19 2.17 1.98 1.88 1.75 1.69 1.72 1.65 1.62 1.62 1.99 1.99 2.00 1.80 1.61 1.54 1.60 1.84 1.68 1.53 1.86 1.86 1.97 1.83 1.73 1.83 1.53 1.55 1.78 1.64 1.78 1.64 1.63 1.51 1.48 1.64 1.52 1.84 2.16 1.84 1.75 1.63 2.01 1.56 1.67 1.57 1.91 1.77 1.68 1.62 1.57 1.58 1.59 1.59 1.59 1.60 1.62 1.64 1.66 1.68 1.70 1.71 1.77 1.88 2.06 2.21 2.38 2.57 2.72 2.89 3.08 3.27 3.46
2.42 2.36 2.32 2.24 2.18 2.13 2.09 2.00 1.89 1.78 1.74 1.82 1.79 1.72 1.78 1.92 2.01 1.86 1.71 1.54 1.54 1.64 1.75 1.56 1.87 1.96 2.08 1.97 1.99 1.76 1.68 1.81 1.81 1.90 1.80 1.56 1.49 1.48 1.52 1.66 1.72 1.84 1.88 1.94 1.71 1.67 2.03 1.84 1.73 1.58 1.68 1.66 2.22 2.53 2.20 1.59 1.59 1.58 1.59 1.61 1.62 1.64 1.66 1.68 1.70 1.72 1.75 1.86 2.09 2.21 2.37 2.55 2.72 2.88 3.04 3.21 3.40
2.48 2.39 2.39 2.32 2.25 2.25 2.20 2.10 2.00 1.85 1.79 1.95 1.93 1.88 1.85 1.81 1.94 1.92 1.70 1.55 1.63 1.62 1.90 1.61 1.65 1.85 2.10 2.12 1.97 1.89 1.71 1.87 1.89 1.80 1.62 1.55 1.56 1.56 1.58 1.76 1.85 1.94 1.79 1.95 1.83 1.56 1.77 1.76 1.61 1.62 1.81 2.23 3.11 3.61 2.77 2.14 1.58 1.58 1.59 1.61 1.62 1.64 1.67 1.69 1.71 1.73 1.75 1.88 2.08 2.28 2.43 2.58 2.77 2.88 3.06 3.22 3.41
2.50 2.50 2.49 2.41 2.34 2.29 2.22 2.08 1.98 1.92 1.87 2.01 2.07 2.06 2.05 1.99 1.95 1.88 1.77 1.64 1.61 1.78 2.07 1.75 1.75 1.80 2.01 2.16 2.21 1.87 1.92 2.02 2.04 2.02 1.70 1.57 1.81 1.82 1.63 1.85 2.02 1.90 2.08 1.93 1.62 1.53 1.61 1.66 1.73 1.72 1.97 2.67 3.17 3.18 2.62 2.83 1.99 1.58 1.59 1.61 1.63 1.65 1.67 1.69 1.72 1.74 1.77 1.87 2.10 2.26 2.43 2.63 2.85 2.96 3.16 3.30 3.39
2.58 2.57 2.59 2.52 2.39 2.27 2.17 2.13 2.01 2.03 2.02 2.00 2.11 2.14 2.13 2.13 1.95 1.79 1.72 1.74 1.79 1.82 2.06 1.95 1.95 1.81 2.08 2.37 2.25 1.99 1.99 2.34 2.10 1.90 1.76 1.71 1.93 2.06 1.81 1.98 1.88 2.04 2.10 1.96 1.60 1.54 1.59 1.76 1.78 1.89 1.88 2.37 3.16 2.83 3.06 2.09 2.27 1.64 1.58 1.61 1.63 1.65 1.68 1.70 1.73 1.75 1.78 1.87 2.04 2.25 2.46 2.67 2.91 3.14 3.40 3.50 3.62
2.69 2.62 2.67 2.66 2.45 2.30 2.22 2.17 2.07 2.04 2.12 2.11 2.14 2.14 2.18 2.05 1.90 1.82 1.89 1.93 1.97 1.90 2.14 2.18 2.05 1.97 2.28 2.32 2.38 2.18 2.13 2.10 1.97 1.87 1.78 1.83 1.95 2.04 1.92 1.96 1.95 1.94 1.96 1.63 1.75 1.61 1.55 1.80 1.91 1.92 1.94 2.43 2.74 2.63 2.10 2.46 2.27 1.73 1.60 1.60 1.63 1.66 1.69 1.72 1.74 1.76 1.82 1.94 2.03 2.22 2.49 2.74 3.03 3.23 3.45 3.64 3.85
2.75 2.69 2.67 2.70 2.60 2.57 2.54 2.36 2.15 2.11 2.11 2.13 2.19 2.16 2.16 2.02 1.87 1.88 1.90 2.01 2.10 2.01 2.13 2.24 2.01 1.98 2.41 2.49 2.52 2.39 2.34 2.16 1.99 1.85 2.05 1.92 2.28 2.21 2.13 1.98 2.17 2.06 2.07 1.87 1.92 1.77 1.64 1.76 2.00 1.89 2.00 2.31 2.50 2.42 2.38 2.30 2.02 2.22 1.73 1.68 1.64 1.67 1.70 1.73 1.76 1.78 1.90 2.00 2.04 2.23 2.48 2.75 3.05 3.25 3.43 3.57 3.68
2.68 2.59 2.59 2.61 2.57 2.51 2.54 2.39 2.29 2.19 2.13 2.13 2.18 2.17 2.10 2.05 1.96 2.03 2.04 2.05 2.10 2.06 2.06 2.27 2.12 2.15 2.36 2.57 2.62 2.49 2.24 1.95 2.06 2.02 2.12 2.19 2.46 2.45 2.33 2.25 2.38 2.21 2.04 1.96 2.07 1.82 1.62 1.78 2.21 2.04 2.24 2.46 2.64 3.10 2.26 2.06 1.99 1.85 1.72 1.65 1.65 1.69 1.72 1.75 1.78 1.81 1.88 2.01 2.09 2.29 2.55 2.79 3.03 3.24 3.35 3.54 3.55
2.56 2.52 2.50 2.50 2.52 2.52 2.55 2.43 2.43 2.32 2.19 2.19 2.29 2.17 2.14 2.05 2.02 2.08 2.13 2.12 2.16 2.17 2.17 2.21 2.29 2.30 2.43 2.63 2.55 2.37 2.17 1.90 1.97 2.43 2.23 2.47 2.56 2.53 2.61 2.38 2.01 2.04 2.15 2.15 2.14 1.72 1.61 1.65 2.00 2.36 2.37 2.50 2.59 2.27 2.29 2.11 1.65 1.55 1.59 1.63 1.67 1.71 1.74 1.78 1.83 1.90 1.93 2.07 2.20 2.38 2.64 2.84 3.06 3.21 3.30 3.52 3.58
2.55 2.54 2.52 2.51 2.57 2.63 2.68 2.60 2.52 2.39 2.35 2.30 2.29 2.17 2.21 2.10 2.17 2.15 2.19 2.22 2.30 2.24 2.40 2.34 2.46 2.48 2.61 2.78 2.75 2.65 2.33 2.13 2.22 2.55 2.44 2.47 2.78 2.89 2.80 2.48 2.29 2.29 2.36 2.57 1.94 1.83 1.82 1.64 2.08 2.86 3.16 3.14 2.06 1.63 1.65 1.55 1.59 1.81 2.09 2.09 1.87 1.75 1.77 1.88 1.93 1.98 2.04 2.15 2.25 2.47 2.74 2.88 3.10 3.26 3.39 3.55 3.70
2.69 2.72 2.69 2.65 2.69 2.75 2.71 2.75 2.65 2.62 2.40 2.42 2.31 2.35 2.33 2.26 2.47 2.39 2.34 2.43 2.48 2.35 2.55 2.66 2.82 2.74 2.95 3.05 3.09 2.79 2.62 2.28 2.66 2.71 2.73 2.76 2.80 2.65 2.63 2.32 2.49 2.78 2.56 2.37 2.53 2.69 2.07 1.99 1.93 2.65 2.85 2.26 2.11 1.53 1.55 1.80 1.83 1.81 2.95 3.45 3.09 2.24 2.06 2.01 1.96 2.08 2.24 2.33 2.39 2.56 2.80 2.87 3.17 3.43 3.55 3.69 3.77
2.74 2.70 2.62 2.62 2.64 2.70 2.66 2.69 2.73 2.70 2.66 2.52 2.51 2.39 2.44 2.39 2.39 2.40 2.36 2.48 2.50 2.64 2.67 2.89 2.87 3.10 3.17 3.13 3.14 3.11 2.76 2.45 2.59 2.86 2.90 3.16 2.85 2.76 2.66 2.41 2.48 2.76 2.62 2.60 2.47 3.00 2.71 2.19 2.38 2.24 3.02 2.21 1.58 1.65 2.64 2.07 1.79 1.84 2.78 3.03 2.23 2.32 2.03 1.96 2.07 2.20 2.41 2.44 2.48 2.59 2.67 2.86 3.14 3.38 3.49 3.58 3.61
2.71 2.63 2.60 2.56 2.57 2.58 2.57 2.68 2.62 2.66 2.56 2.49 2.49 2.43 2.49 2.47 2.34 2.28 2.33 2.41 2.55 2.68 2.83 2.98 3.00 3.02 3.06 3.00 3.02 3.16 3.10 2.78 2.69 2.99 3.15 3.18 3.04 2.96 2.66 2.55 2.88 2.96 3.02 2.98 3.02 3.12 2.84 2.67 2.37 2.22 2.72 2.04 1.78 3.50 4.13 2.79 3.49 3.03 2.18 1.85 1.79 1.89 2.23 2.95 2.49 2.38 2.55 2.54 2.50 2.53 2.62 2.87 3.14 3.33 3.37 3.33 3.46
2.63 2.59 2.56 2.54 2.56 2.54 2.59 2.54 2.45 2.52 2.48 2.44 2.38 2.33 2.36 2.37 2.31 2.28 2.33 2.41 2.58 2.69 2.78 2.88 2.92 2.92 2.94 2.95 3.07 3.24 3.26 3.06 3.09 3.38 3.30 3.25 3.12 2.92 2.87 2.90 3.17 3.16 3.08 3.04 3.24 3.01 3.12 2.86 2.72 2.40 2.87 2.04 3.10 2.90 2.08 1.74 2.21 1.79 1.74 1.77 1.81 2.24 3.16 4.66 3.37 3.13 2.89 2.67 2.50 2.47 2.64 2.91 3.12 3.24 3.13 3.20 3.46
2.62 2.61 2.59 2.55 2.58 2.56 2.47 2.41 2.36 2.37 2.38 2.36 2.33 2.30 2.29 2.27 2.25 2.27 2.32 2.38 2.48 2.56 2.65 2.74 2.79 2.81 2.91 3.11 3.24 3.34 3.53 3.48 3.39 3.49 3.48 3.43 3.30 3.07 3.12 3.10 3.12 3.13 3.15 3.28 3.30 3.11 3.29 3.39 3.14 2.68 3.30 3.15 3.84 3.13 2.04 2.71 2.27 2.12 1.81 1.81 2.19 2.79 3.25 4.00 3.84 3.22 2.79 2.73 2.54 2.59 2.75 2.94 3.07 3.10 3.12 3.22 3.34
2.67 2.62 2.58 2.52 2.54 2.43 2.36 2.33 2.32 2.31 2.29 2.29 2.30 2.26 2.23 2.24 2.26 2.29 2.35 2.41 2.47 2.55 2.64 2.70 2.82 2.91 3.02 3.22 3.45 3.51 3.70 3.70 3.45 3.32 3.31 3.46 3.41 3.31 3.14 3.07 3.16 3.28 3.36 3.51 3.47 3.30 3.68 3.52 3.08 3.02 3.66 3.79 4.02 3.53 2.85 3.38 4.49 3.45 2.76 3.58 4.81 4.13 3.51 3.12 2.84 3.06 2.53 2.47 2.53 2.69 2.82 2.94 3.01 3.04 3.09 3.19 3.32
2.67 2.64 2.55 2.47 2.45 2.37 2.30 2.27 2.27 2.25 2.22 2.21 2.19 2.21 2.23 2.25 2.29 2.33 2.41 2.47 2.53 2.59 2.64 2.76 2.94 3.07 3.09 3.19 3.32 3.51 3.62 3.71 3.53 3.30 3.15 3.21 3.25 3.17 3.06 3.13 3.30 3.49 3.66 4.01 4.05 3.80 3.88 3.61 3.45 3.46 3.66 4.37 4.36 4.41 4.19 4.57 4.71 4.91 4.67 4.09 3.33 2.72 2.67 2.60 2.39 2.43 2.39 2.37 2.52 2.67 2.81 2.77 2.81 2.89 2.94 3.00 3.18
2.63 2.60 2.54 2.43 2.37 2.32 2.27 2.24 2.22 2.18 2.16 2.13 2.13 2.17 2.22 2.27 2.31 2.35 2.43 2.49 2.56 2.61 2.70 2.82 2.98 3.23 3.31 3.41 3.52 3.58 3.66 3.60 3.35 3.16 3.11 2.99 3.06 3.22 3.04 2.92 2.99 3.08 3.33 3.83 4.11 4.23 4.07 3.88 3.71 3.80 3.80 4.20 4.98 5.35 4.81 4.29 5.42 5.33 5.86 4.25 3.47 2.91 2.75 2.95 2.74 2.64 2.50 2.49 2.55 2.66 2.83 2.93 2.85 2.92 2.98 2.89 3.02
2.64 2.58 2.51 2.41 2.37 2.32 2.28 2.24 2.20 2.14 2.10 2.08 2.09 2.15 2.23 2.30 2.34 2.39 2.46 2.53 2.59 2.65 2.77 2.88 2.98 3.21 3.28 3.40 3.55 3.61 3.48 3.44 3.36 3.23 3.22 3.12 3.00 3.13 3.17 2.83 2.90 3.07 3.30 3.40 3.66 3.88 3.94 4.11 4.04 3.77 4.04 4.53 5.10 4.91 4.87 3.62 4.28 4.11 3.78 3.77 4.13 4.47 4.27 4.45 3.65 3.19 3.03 2.86 2.63 2.68 2.89 2.93 2.86 2.86 2.93 2.98 3.07
2.64 2.55 2.47 2.41 2.37 2.31 2.27 2.23 2.17 2.10 2.06 2.02 2.06 2.15 2.25 2.32 2.37 2.42 2.51 2.59 2.65 2.70 2.77 2.87 2.95 3.06 3.16 3.21 3.39 3.43 3.34 3.25 3.31 3.29 3.26 3.37 3.13 2.93 2.92 2.80 2.88 3.26 3.63 3.95 3.76 3.73 3.82 4.18 4.24 4.22 4.54 4.53 3.87 3.82 3.37 3.12 2.88 3.22 3.08 4.27 4.00 5.10 4.64 4.15 3.66 3.25 2.85 2.63 2.51 2.79 2.83 2.88 2.90 2.97 2.90 3.00 3.07
2.57 2.50 2.43 2.39 2.37 2.32 2.27 2.22 2.15 2.09 2.05 2.02 2.07 2.18 2.30 2.38 2.43 2.49 2.58 2.66 2.72 2.75 2.81 2.88 2.93 2.98 3.07 3.17 3.27 3.28 3.33 3.28 3.20 3.28 3.22 3.21 3.00 3.00 3.06 2.82 2.64 2.85 3.34 3.80 3.65 4.08 3.95 4.35 4.68 4.57 4.27 3.38 2.67 2.43 2.31 2.32 2.30 2.69 2.62 3.57 4.13 2.87 2.84 2.47 2.28 2.36 2.35 2.43 2.48 2.79 2.86 2.88 2.95 3.00 2.96 3.07 3.11
2.50 2.44 2.38 2.36 2.35 2.31 2.26 2.24 2.20 2.14 2.11 2.11 2.15 2.23 2.34 2.44 2.50 2.57 2.65 2.73 2.79 2.83 2.88 2.92 2.94 3.00 3.08 3.14 3.16 3.30 3.35 3.35 3.19 3.14 3.17 3.12 3.08 3.15 3.17 2.87 2.59 2.75 2.95 3.48 3.10 3.41 3.67 4.17 3.63 3.38 2.77 2.64 2.16 2.21 2.36 2.09 2.15 3.20 2.71 2.33 2.43 2.13 2.29 2.21 2.08 2.00 2.02 2.19 2.50 2.63 2.54 2.60 2.76 2.86 2.93 3.02 3.04
2.46 2.43 2.39 2.35 2.33 2.31 2.28 2.25 2.24 2.21 2.19 2.21 2.25 2.33 2.42 2.51 2.58 2.65 2.75 2.81 2.87 2.93 2.97 2.99 3.02 3.07 3.13 3.17 3.23 3.32 3.30 3.25 3.16 3.27 3.29 3.22 3.26 3.24 3.04 2.94 2.69 2.58 2.83 3.12 2.91 2.83 3.12 3.24 3.16 2.77 2.73 2.42 2.21 2.34 3.04 2.95 2.08 2.86 2.30 2.01 2.08 2.02 1.99 1.98 1.97 1.99 2.01 2.05 2.10 2.09 2.15 2.24 2.38 2.60 2.70 2.84 2.86
2.46 2.44 2.40 2.37 2.35 2.34 2.33 2.29 2.30 2.28 2.29 2.31 2.37 2.43 2.51 2.59 2.68 2.76 2.86 2.93 2.98 3.03 3.07 3.10 3.13 3.17 3.22 3.27 3.29 3.21 3.22 3.22 3.26 3.33 3.43 3.41 3.36 3.16 3.17 2.98 2.74 2.58 2.64 2.76 2.76 2.53 2.93 2.69 2.66 2.78 2.57 2.74 2.63 2.14 2.04 2.34 2.02 2.23 2.00 1.95 1.92 1.94 2.04 2.24 2.25 2.08 2.04 2.02 2.02 2.06 2.18 2.29 2.24 2.34 2.47 2.57 2.74
2.46 2.44 2.42 2.40 2.39 2.38 2.38 2.36 2.36 2.37 2.41 2.45 2.51 2.56 2.63 2.72 2.80 2.89 3.00 3.05 3.11 3.14 3.16 3.20 3.23 3.27 3.34 3.35 3.30 3.28 3.38 3.35 3.37 3.40 3.45 3.60 3.67 3.26 2.97 2.84 2.64 2.77 2.44 2.36 2.37 2.26 2.40 2.24 2.22 2.08 1.95 1.98 1.77 1.90 2.14 2.20 1.82 2.03 1.87 1.92 2.01 2.38 2.57 2.27 2.04 1.96 1.97 2.00 1.97 2.04 2.11 2.15 2.23 2.24 2.34 2.26 2.34
2.46 2.45 2.43 2.41 2.40 2.40 2.41 2.43 2.45 2.53 2.55 2.58 2.64 2.70 2.75 2.83 2.92 3.00 3.08 3.14 3.20 3.24 3.26 3.28 3.33 3.43 3.48 3.50 3.37 3.45 3.62 3.56 3.55 3.54 3.71 3.86 3.91 3.43 3.16 2.79 2.85 3.00 2.83 2.65 2.58 2.39 2.37 2.35 2.38 2.57 2.50 2.20 2.30 2.28 1.92 2.29 2.23 2.57 2.08 2.38 2.60 2.33 2.15 2.30 2.31 2.21 2.46 2.03 2.11 1.98 2.01 2.03 2.05 2.06 2.08 2.09 2.16
2.49 2.47 2.46 2.44 2.44 2.47 2.50 2.54 2.56 2.63 2.65 2.73 2.82 2.84 2.89 2.97 3.03 3.09 3.17 3.23 3.28 3.31 3.33 3.34 3.37 3.40 3.37 3.38 3.37 3.44 3.59 3.74 3.79 3.80 4.11 4.12 3.75 3.48 3.30 2.93 2.91 3.28 3.19 3.00 2.92 2.77 2.90 2.93 2.54 2.51 2.36 2.28 2.43 2.02 2.47 3.10 2.73 2.69 2.65 2.84 2.97 2.67 2.29 2.14 1.90 2.02 2.00 1.98 2.05 1.97 1.99 2.01 2.02 2.03 2.04 2.03 2.02
2.51 2.50 2.50 2.51 2.54 2.58 2.61 2.62 2.68 2.72 2.75 2.85 2.97 2.99 3.03 3.12 3.18 3.23 3.30 3.34 3.37 3.39 3.40 3.43 3.45 3.45 3.45 3.44 3.45 3.56 3.65 3.75 3.93 3.89 4.13 4.03 3.65 3.46 3.16 3.03 2.84 3.26 3.37 3.42 3.50 3.31 3.16 2.85 2.75 2.44 2.42 2.30 2.26 2.00 2.83 3.11 3.16 3.43 2.69 3.29 2.78 2.34 2.70 2.98 2.50 2.24 2.30 2.15 2.14 1.95 1.97 1.99 2.00 2.01 2.01 2.04 2.06
2.54 2.54 2.58 2.63 2.66 2.70 2.74 2.74 2.80 2.84 2.91 2.99 3.09 3.11 3.18 3.26 3.31 3.36 3.44 3.49 3.49 3.51 3.54 3.54 3.54 3.54 3.55 3.50 3.48 3.68 3.83 3.98 3.94 3.92 4.26 3.99 3.83 3.54 3.31 3.30 3.07 2.83 3.21 3.43 3.66 3.69 3.40 3.32 3.21 2.70 2.57 2.70 2.29 2.15 2.47 3.11 3.44 3.59 3.12 3.85 3.49 2.37 2.42 2.48 2.24 2.30 2.20 1.91 1.90 1.93 1.95 1.96 1.98 1.98 1.99 2.01 2.00
2.59 2.59 2.69 2.75 2.81 2.81 2.85 2.88 2.93 2.96 3.04 3.12 3.19 3.22 3.28 3.35 3.41 3.45 3.54 3.59 3.61 3.64 3.65 3.64 3.64 3.63 3.63 3.58 3.54 3.71 4.03 3.99 3.88 4.03 4.34 4.07 3.77 3.77 3.64 3.43 3.41 3.00 3.01 3.17 3.40 3.57 3.61 3.50 3.48 2.99 3.07 2.67 2.46 2.94 2.37 2.89 3.41 3.06 3.66 4.04 2.65 2.44 2.68 2.72 2.26 2.07 2.76 1.90 1.89 1.91 1.93 1.96 1.99 1.96 1.96 1.96 1.95
2.63 2.64 2.71 2.77 2.84 2.86 2.88 2.95 3.03 3.07 3.12 3.19 3.23 3.30 3.39 3.47 3.51 3.56 3.66 3.72 3.75 3.77 3.78 3.76 3.74 3.72 3.71 3.67 3.63 3.76 3.98 3.97 4.01 4.06 4.16 4.09 4.31 4.08 3.79 3.80 3.88 3.54 3.25 3.38 3.80 3.65 3.54 3.38 3.36 3.00 2.93 3.16 3.05 2.80 2.42 2.88 3.13 3.28 3.51 3.72 3.82 3.74 3.49 3.52 2.35 3.11 2.44 2.07 1.87 1.89 1.91 1.96 1.93 1.94 1.96 1.95 1.94
2.66 2.69 2.72 2.78 2.84 2.88 2.93 3.00 3.08 3.14 3.20 3.25 3.32 3.45 3.53 3.55 3.61 3.68 3.78 3.83 3.88 3.89 3.90 3.86 3.82 3.80 3.82 3.78 3.78 3.88 3.99 3.92 3.91 4.02 4.13 4.20 4.22 4.09 3.95 3.90 3.96 3.61 3.47 3.55 3.95 3.63 3.54 3.37 3.31 3.35 3.06 2.99 2.64 2.52 2.56 2.84 3.23 3.56 4.18 4.61 5.40 4.99 4.14 3.10 2.15 2.65 2.16 1.84 1.85 1.87 1.89 1.90 1.91 2.05 2.14 1.95 1.93
2.73 2.76 2.79 2.83 2.89 2.92 2.98 3.06 3.14 3.22 3.30 3.36 3.42 3.55 3.62 3.66 3.74 3.84 3.94 3.98 4.00 4.01 4.01 3.95 3.91 3.91 3.94 3.88 3.81 3.87 4.08 4.08 3.90 3.97 4.03 4.02 4.04 4.19 4.04 3.98 3.94 3.86 3.63 3.70 3.93 3.74 3.72 3.57 3.79 3.43 3.26 2.98 2.81 2.84 2.68 2.89 3.44 3.99 4.90 5.20 5.38 3.91 3.70 3.42 2.42 3.47 2.47 1.85 1.84 1.86 1.87 1.89 2.36 3.01 2.70 2.08 1.93
2.79 2.82 2.85 2.88 2.93 2.99 3.03 3.11 3.21 3.30 3.39 3.43 3.52 3.63 3.71 3.81 3.89 3.99 4.09 4.10 4.09 4.10 4.09 4.01 4.03 4.01 3.99 3.93 3.87 3.88 3.95 3.97 3.96 3.98 3.87 3.91 3.98 4.03 4.08 4.31 4.23 3.97 3.73 3.97 4.06 4.08 3.86 3.80 3.53 3.46 3.24 3.62 3.42 2.98 3.08 3.07 3.89 4.54 5.69 5.70 4.78 3.56 2.58 2.43 3.11 5.03 4.31 2.44 2.06 1.86 1.86 2.38 3.35 2.88 2.57 1.99 1.92
