project/src/data/BOM_climate/monthly_mean_rainfall/rainmar.txt
ncols 886
nrows 691
xllcenter 112.0000
yllcenter -44.5000
cellsize 0.0500
nodata_value 99999.90
[rows 306 to 339 of 691, columns 231 to 307 of 886]
37.20 37.32 37.47 37.60 37.72 37.86 38.14 38.37 38.41 38.39 38.49 38.59 38.87 39.02 39.00 39.00 39.12 39.26 39.42 39.29 39.32 39.39 39.41 39.50 39.64 39.74 39.88 40.15 40.33 40.45 40.64 40.61 40.50 40.50 40.44 40.38 40.57 40.71 40.64 40.60 40.62 40.77 40.98 40.90 40.97 41.05 41.24 41.40 41.40 41.36 41.51 41.73 42.06 42.15 42.24 42.32 42.44 42.50 42.78 42.87 43.04 43.31 43.45 43.34 43.14 43.07 43.09 43.23 43.42 43.56 43.67 43.86 44.09 44.33 44.55 44.82 45.05
36.85 37.00 37.18 37.37 37.45 37.55 37.80 37.91 37.93 38.00 38.15 38.38 38.54 38.54 38.57 38.68 38.80 38.97 39.03 38.93 38.98 39.07 39.10 39.24 39.42 39.51 39.69 39.82 39.95 39.92 40.09 40.37 40.27 40.20 40.12 40.12 40.16 40.29 40.43 40.52 40.41 40.40 40.60 40.76 40.78 40.74 40.81 40.93 40.99 41.08 41.31 41.54 41.77 41.88 41.94 42.02 42.14 42.19 42.34 42.54 42.73 42.97 43.18 43.10 42.94 42.90 42.92 43.12 43.38 43.42 43.52 43.75 43.93 44.10 44.33 44.59 44.95
36.53 36.68 36.83 37.02 37.20 37.43 37.43 37.50 37.54 37.65 37.86 38.09 38.04 38.14 38.23 38.38 38.61 38.91 38.81 38.67 38.67 38.74 38.76 38.87 39.06 39.21 39.30 39.44 39.41 39.50 39.72 40.01 39.96 39.89 39.92 39.86 39.87 39.93 39.97 40.16 40.16 40.14 40.23 40.47 40.56 40.55 40.53 40.59 40.74 40.93 41.09 41.32 41.54 41.74 41.81 41.87 41.93 41.97 41.98 42.32 42.49 42.64 42.88 42.95 42.86 42.75 42.75 42.93 43.11 43.26 43.45 43.69 43.92 44.07 44.23 44.56 44.79
36.28 36.43 36.60 36.75 36.89 36.97 36.96 37.09 37.21 37.31 37.52 37.63 37.66 37.75 37.95 38.15 38.36 38.68 38.52 38.37 38.44 38.50 38.54 38.52 38.69 38.82 38.99 39.03 39.05 39.28 39.49 39.78 39.83 39.67 39.57 39.60 39.79 39.73 39.63 39.85 39.80 39.84 39.88 40.05 40.15 40.16 40.24 40.36 40.54 40.79 40.87 41.11 41.40 41.50 41.51 41.61 41.70 41.74 41.77 41.91 42.12 42.31 42.52 42.77 42.78 42.66 42.61 42.69 42.85 43.09 43.29 43.57 43.84 44.08 44.12 44.39 44.54
36.05 36.30 36.55 36.73 36.85 36.65 36.68 36.80 36.92 37.03 37.13 37.23 37.32 37.44 37.66 37.92 38.18 38.34 38.15 38.08 38.13 38.22 38.25 38.26 38.48 38.56 38.76 38.75 38.88 38.95 39.16 39.44 39.50 39.38 39.39 39.54 39.50 39.42 39.37 39.43 39.54 39.64 39.69 39.67 39.78 39.90 40.04 40.22 40.36 40.49 40.67 40.95 41.18 41.20 41.17 41.26 41.31 41.42 41.51 41.64 41.86 42.01 42.28 42.53 42.67 42.61 42.48 42.47 42.62 42.90 43.22 43.37 43.62 43.87 43.85 44.00 44.10
35.69 35.88 36.12 36.34 36.51 36.47 36.46 36.55 36.65 36.74 36.83 36.97 37.03 37.13 37.33 37.61 37.78 37.89 37.85 37.76 37.83 37.91 37.92 37.93 38.07 38.27 38.43 38.46 38.45 38.64 38.88 38.99 39.08 39.12 39.38 39.39 39.28 39.27 39.24 39.23 39.42 39.50 39.51 39.47 39.50 39.66 39.87 40.06 40.23 40.35 40.48 40.70 40.80 40.86 40.92 40.99 41.06 41.14 41.28 41.43 41.53 41.78 41.98 42.21 42.47 42.49 42.36 42.30 42.42 42.68 43.03 43.29 43.60 43.65 43.60 43.59 43.70
35.39 35.53 35.68 35.99 36.13 36.14 36.16 36.26 36.36 36.51 36.69 36.70 36.81 36.91 37.11 37.34 37.39 37.40 37.47 37.53 37.56 37.64 37.66 37.72 37.70 37.86 38.11 38.15 38.13 38.33 38.42 38.66 38.71 38.77 39.07 38.99 39.14 39.14 39.13 39.10 39.19 39.28 39.30 39.14 39.21 39.41 39.71 39.82 40.07 40.20 40.28 40.55 40.63 40.71 40.74 40.82 40.85 40.98 41.05 41.14 41.22 41.47 41.75 41.99 42.19 42.35 42.20 42.10 42.24 42.47 42.74 42.98 43.33 43.61 43.48 43.31 43.35
35.20 35.39 35.64 35.67 35.63 35.70 35.81 35.94 36.07 36.17 36.33 36.49 36.66 36.79 36.90 37.01 37.02 37.01 37.15 37.24 37.27 37.37 37.47 37.49 37.45 37.46 37.70 37.82 37.78 38.03 38.08 38.24 38.29 38.48 38.65 38.61 38.76 38.78 38.88 38.95 38.95 38.92 39.05 38.87 38.96 39.18 39.47 39.69 39.91 40.07 40.21 40.38 40.50 40.50 40.62 40.64 40.65 40.74 40.75 40.84 40.97 41.23 41.54 41.84 42.01 42.01 41.85 41.88 42.01 42.22 42.46 42.73 43.01 43.19 43.13 43.05 43.05
35.09 35.33 35.23 35.24 35.27 35.36 35.50 35.65 35.79 35.91 36.10 36.33 36.67 36.72 36.60 36.56 36.60 36.65 36.82 37.05 37.15 37.11 37.17 37.26 37.21 37.18 37.28 37.55 37.47 37.67 37.71 37.87 38.11 38.35 38.38 38.36 38.39 38.43 38.55 38.51 38.51 38.56 38.63 38.54 38.67 38.89 39.18 39.42 39.76 39.69 39.75 39.90 40.17 40.36 40.51 40.43 40.41 40.48 40.52 40.67 40.81 41.07 41.31 41.62 41.72 41.61 41.59 41.66 41.77 42.01 42.24 42.52 42.82 42.90 42.78 42.74 42.79
34.66 34.76 34.87 34.96 35.02 35.07 35.23 35.42 35.67 35.76 35.85 35.99 36.20 36.30 36.21 36.21 36.27 36.32 36.49 36.71 36.85 36.84 36.89 36.92 36.95 36.96 36.97 37.17 37.18 37.30 37.57 37.73 37.90 38.08 38.01 37.95 38.04 38.20 38.18 38.23 38.21 38.19 38.20 38.28 38.45 38.61 38.91 39.19 39.42 39.50 39.52 39.49 39.67 40.00 40.20 40.24 40.29 40.33 40.36 40.47 40.69 40.93 41.23 41.55 41.50 41.42 41.38 41.45 41.58 41.86 42.19 42.44 42.56 42.61 42.55 42.52 42.55
34.30 34.44 34.55 34.63 34.72 34.83 35.03 35.24 35.31 35.38 35.55 35.77 35.98 36.11 35.93 35.97 36.07 36.02 36.15 36.32 36.54 36.58 36.63 36.68 36.71 36.73 36.70 36.92 36.87 37.03 37.36 37.57 37.68 37.62 37.69 37.71 37.67 37.90 37.97 37.87 37.84 37.84 37.96 38.11 38.35 38.43 38.62 38.92 39.28 39.39 39.31 39.27 39.30 39.50 39.84 39.90 39.95 40.00 40.17 40.26 40.51 40.80 41.06 41.37 41.37 41.28 41.20 41.22 41.35 41.60 41.88 42.11 42.17 42.22 42.23 42.27 42.33
33.99 34.11 34.24 34.39 34.50 34.71 34.86 34.83 34.98 35.17 35.37 35.62 35.92 35.89 35.71 35.73 35.80 35.76 35.82 36.06 36.20 36.28 36.31 36.35 36.40 36.42 36.44 36.64 36.56 36.71 37.01 37.18 37.30 37.25 37.36 37.43 37.36 37.45 37.57 37.54 37.51 37.61 37.83 38.02 38.13 38.37 38.48 38.70 38.99 39.08 39.10 39.16 39.16 39.12 39.47 39.75 39.85 39.84 39.96 40.06 40.25 40.51 40.84 41.08 41.14 41.08 41.02 41.02 41.14 41.39 41.69 41.93 42.00 41.90 41.88 41.97 42.15
33.81 33.93 34.02 34.13 34.35 34.45 34.43 34.53 34.71 34.95 35.28 35.54 35.58 35.44 35.45 35.44 35.47 35.47 35.54 35.79 35.88 35.96 36.07 36.10 36.15 36.10 36.11 36.19 36.23 36.35 36.59 36.79 37.00 36.94 37.02 37.09 37.17 37.19 37.16 37.18 37.27 37.48 37.70 37.93 37.98 38.22 38.47 38.65 38.68 38.63 38.85 38.93 38.88 38.89 39.02 39.30 39.51 39.53 39.58 39.78 40.10 40.32 40.62 40.80 40.90 40.90 40.90 40.87 40.93 41.13 41.40 41.64 41.62 41.56 41.65 41.89 42.15
33.68 33.77 33.80 33.87 34.01 34.06 34.16 34.29 34.50 34.74 34.97 35.25 35.17 35.03 35.07 35.15 35.17 35.20 35.21 35.43 35.61 35.69 35.82 35.93 35.96 35.95 36.02 36.11 36.24 36.06 36.18 36.39 36.64 36.61 36.68 36.67 36.72 36.78 36.90 37.02 37.16 37.42 37.61 37.79 37.98 38.16 38.20 38.32 38.33 38.34 38.47 38.62 38.80 38.78 38.80 38.89 38.99 39.15 39.36 39.48 39.84 40.00 40.24 40.52 40.75 40.79 40.74 40.62 40.73 40.96 41.17 41.41 41.41 41.33 41.40 41.73 41.92
33.58 33.56 33.71 33.81 33.80 33.77 33.90 34.07 34.20 34.39 34.66 34.87 34.79 34.72 34.78 34.93 35.02 35.09 34.99 35.02 35.33 35.46 35.57 35.73 35.76 35.83 35.93 35.93 36.02 36.01 35.98 36.00 36.17 36.20 36.25 36.33 36.47 36.62 36.77 36.91 37.14 37.27 37.59 37.65 37.83 37.91 37.88 37.99 38.01 38.09 38.17 38.27 38.41 38.60 38.58 38.65 38.81 38.96 39.07 39.22 39.46 39.70 39.93 40.17 40.33 40.38 40.38 40.38 40.60 40.93 41.16 41.26 41.14 41.12 41.13 41.42 41.71
33.20 33.37 33.67 33.73 33.62 33.59 33.65 33.92 34.09 34.35 34.63 34.59 34.50 34.50 34.54 34.74 34.80 34.81 34.70 34.70 35.00 35.24 35.23 35.48 35.54 35.47 35.62 35.54 35.54 35.54 35.62 35.73 35.85 35.94 36.00 36.17 36.38 36.54 36.77 36.87 37.04 37.18 37.30 37.37 37.64 37.75 37.79 37.94 37.89 38.01 37.99 37.95 38.03 38.23 38.36 38.53 38.69 38.81 38.82 38.97 39.22 39.36 39.60 39.75 39.95 40.10 40.09 40.16 40.40 40.69 40.94 41.01 40.96 40.90 40.87 41.11 41.26
32.99 33.24 33.36 33.35 33.35 33.39 33.43 33.73 33.87 34.12 34.21 34.20 34.22 34.31 34.29 34.43 34.56 34.54 34.41 34.40 34.70 34.88 34.83 35.11 35.16 35.12 35.12 35.14 35.21 35.33 35.43 35.59 35.71 35.87 35.94 36.04 36.25 36.44 36.64 36.76 37.02 37.12 37.08 37.10 37.33 37.66 37.71 37.76 37.81 37.83 37.76 37.87 37.84 37.96 38.03 38.13 38.25 38.33 38.48 38.65 38.83 38.99 39.54 39.60 39.73 39.79 39.83 39.96 40.16 40.34 40.50 40.69 40.65 40.71 40.59 40.78 41.15
32.82 33.01 33.10 33.02 33.08 33.24 33.27 33.30 33.51 33.64 33.84 33.91 33.94 34.04 34.04 34.18 34.36 34.35 34.26 34.16 34.31 34.48 34.51 34.60 34.69 34.87 34.79 34.95 35.09 35.22 35.42 35.57 35.73 35.84 35.84 35.94 36.11 36.28 36.28 36.46 36.80 36.81 36.80 36.85 37.03 37.37 37.34 37.37 37.49 37.67 37.75 37.78 37.78 37.75 37.79 37.96 38.08 38.30 38.33 38.31 38.51 38.72 39.14 39.58 39.66 39.57 39.61 39.80 40.03 40.16 40.24 40.47 40.34 40.24 40.33 40.55 41.02
32.74 32.90 32.88 32.81 32.88 33.05 33.13 33.07 33.18 33.35 33.61 33.65 33.77 33.74 33.73 34.01 34.15 34.04 33.95 33.90 33.96 34.07 34.20 34.27 34.35 34.46 34.64 34.83 35.07 35.22 35.44 35.51 35.53 35.70 35.85 35.85 36.01 35.97 36.05 36.28 36.57 36.54 36.50 36.51 36.76 37.08 37.28 37.26 37.19 37.31 37.53 37.66 37.65 37.63 37.62 37.69 37.84 38.07 38.07 38.09 38.24 38.62 38.90 39.08 39.32 39.37 39.38 39.66 39.72 39.87 39.96 39.96 40.07 40.03 40.11 40.29 40.68
32.49 32.62 32.61 32.59 32.70 32.83 32.93 32.90 32.87 33.13 33.36 33.38 33.36 33.38 33.43 33.68 33.80 33.74 33.59 33.61 33.73 33.88 33.97 34.12 34.15 34.29 34.48 34.76 34.91 34.98 35.10 35.13 35.30 35.51 35.50 35.51 35.65 35.62 35.82 36.02 36.26 36.28 36.30 36.22 36.48 36.70 36.89 37.04 37.09 36.93 37.11 37.51 37.62 37.58 37.49 37.29 37.35 37.51 37.66 37.79 37.98 38.27 38.62 38.98 39.25 39.14 39.12 39.19 39.36 39.51 39.63 39.61 39.62 39.68 39.84 40.02 40.24
32.22 32.30 32.39 32.49 32.66 32.79 32.75 32.66 32.67 32.92 33.08 33.17 33.11 33.07 33.12 33.33 33.32 33.33 33.33 33.43 33.82 34.01 34.07 34.19 34.21 34.34 34.43 34.66 34.72 34.76 34.79 34.85 35.02 35.18 35.21 35.23 35.29 35.42 35.59 35.85 36.03 36.08 36.13 36.06 36.07 36.30 36.59 36.78 36.88 36.81 36.81 37.22 37.31 37.33 37.29 37.19 37.14 37.25 37.39 37.53 37.78 38.08 38.28 38.55 38.91 39.03 38.95 38.95 39.08 39.38 39.40 39.35 39.35 39.43 39.51 39.68 39.91
32.24 32.26 32.33 32.37 32.34 32.49 32.54 32.39 32.34 32.49 32.81 32.94 32.85 32.81 32.86 33.09 33.04 33.07 33.12 33.23 33.51 33.76 33.89 33.95 34.01 34.17 34.33 34.43 34.48 34.52 34.60 34.58 34.78 34.94 34.99 34.98 35.06 35.29 35.44 35.61 35.82 35.82 35.78 35.79 35.81 35.95 36.12 36.37 36.69 36.70 36.60 36.79 37.18 37.23 37.19 37.15 37.15 37.09 37.17 37.31 37.46 37.72 38.03 38.24 38.48 38.76 38.81 38.86 39.02 38.85 39.07 39.08 39.12 39.19 39.23 39.41 39.59
32.08 32.15 32.21 32.07 32.07 32.30 32.39 32.27 32.23 32.27 32.53 32.72 32.74 32.53 32.62 32.82 32.90 32.87 33.00 33.14 33.26 33.45 33.69 33.73 33.88 33.99 34.10 34.20 34.30 34.34 34.39 34.38 34.53 34.70 34.73 34.75 34.77 34.94 35.14 35.32 35.46 35.58 35.55 35.61 35.79 35.80 35.91 36.06 36.41 36.45 36.50 36.54 36.81 37.08 37.16 37.07 37.05 36.96 36.99 37.09 37.32 37.63 38.03 38.26 38.40 38.41 38.43 38.54 38.56 38.58 38.63 38.70 38.81 38.88 38.97 39.11 39.39
31.92 31.74 31.79 31.73 31.77 31.93 32.03 31.99 32.19 32.25 32.16 32.50 32.59 32.40 32.38 32.49 32.60 32.70 32.78 33.09 33.30 33.45 33.62 33.63 33.68 33.81 33.90 34.00 34.10 34.13 34.14 34.18 34.31 34.46 34.51 34.49 34.61 34.82 34.95 35.08 35.41 35.52 35.55 35.56 35.55 35.70 35.78 35.82 36.03 36.36 36.44 36.40 36.43 36.57 36.71 36.87 36.74 36.71 36.80 37.05 37.38 37.67 38.04 38.30 38.46 38.49 38.51 38.44 38.40 38.38 38.49 38.50 38.56 38.65 38.76 38.89 39.04
31.75 31.72 31.64 31.63 31.59 31.54 31.64 31.65 31.74 31.90 31.88 32.07 32.33 32.22 32.17 32.36 32.49 32.54 32.64 32.98 33.13 33.27 33.39 33.46 33.51 33.61 33.72 33.80 33.89 33.95 33.98 34.01 34.06 34.24 34.26 34.23 34.39 34.58 34.69 34.87 35.17 35.17 35.36 35.41 35.45 35.56 35.65 35.61 35.67 35.98 36.26 36.29 36.33 36.41 36.49 36.53 36.58 36.60 36.68 37.07 37.49 37.80 37.83 37.89 38.18 38.41 38.25 38.13 38.14 38.10 38.16 38.25 38.34 38.41 38.57 38.64 38.71
31.44 31.50 31.59 31.53 31.44 31.49 31.51 31.60 31.57 31.59 31.73 31.83 31.90 31.94 32.11 32.36 32.59 32.65 32.70 32.80 32.89 33.05 33.19 33.26 33.32 33.42 33.51 33.60 33.66 33.76 33.82 33.88 33.86 34.04 34.09 34.09 34.14 34.34 34.47 34.71 34.95 34.96 34.97 35.03 35.20 35.38 35.47 35.48 35.44 35.58 35.93 36.14 36.31 36.36 36.46 36.35 36.27 36.33 36.60 36.97 37.41 37.80 37.78 37.72 37.70 38.00 37.96 37.83 37.88 37.91 37.96 38.04 38.15 38.23 38.31 38.41 38.51
31.21 31.26 31.25 31.28 31.41 31.51 31.48 31.74 31.59 31.52 31.62 31.77 31.81 31.77 31.97 32.26 32.39 32.52 32.49 32.59 32.81 32.94 32.96 33.08 33.13 33.23 33.32 33.41 33.43 33.55 33.64 33.68 33.68 33.77 33.86 33.81 34.04 34.26 34.29 34.43 34.68 34.92 34.92 34.88 34.88 34.99 35.21 35.34 35.38 35.43 35.51 35.66 35.80 35.90 35.97 36.11 36.07 36.33 36.66 36.99 37.41 37.68 37.65 37.60 37.50 37.45 37.62 37.78 37.89 37.78 37.79 37.87 37.93 38.00 38.06 38.20 38.30
31.05 31.27 31.26 31.40 31.36 31.37 31.46 31.67 31.64 31.59 31.72 31.86 31.69 31.59 31.68 32.06 32.19 32.20 32.29 32.44 32.64 32.77 32.85 32.92 32.97 33.05 33.15 33.23 33.31 33.36 33.47 33.52 33.54 33.50 33.55 33.64 33.81 33.97 34.09 34.20 34.55 34.71 34.85 34.87 34.90 34.95 34.89 35.04 35.16 35.17 35.40 35.59 35.70 35.90 35.99 36.02 35.90 36.20 36.57 36.99 37.24 37.48 37.58 37.48 37.41 37.48 37.73 37.83 37.65 37.67 37.69 37.64 37.71 37.79 37.87 37.97 38.08
31.10 31.25 31.31 31.33 31.26 31.37 31.50 31.55 31.66 31.63 31.81 31.82 31.74 31.49 31.49 31.88 32.03 31.92 32.19 32.37 32.48 32.63 32.75 32.78 32.81 32.90 32.98 33.16 33.15 33.22 33.35 33.50 33.49 33.50 33.51 33.60 33.55 33.63 33.83 34.03 34.24 34.46 34.78 34.86 34.83 34.92 34.88 34.76 34.76 34.79 34.95 35.18 35.44 35.73 35.88 35.66 35.83 36.19 36.62 36.86 36.95 37.18 37.37 37.39 37.35 37.52 37.66 37.45 37.61 37.67 37.68 37.53 37.59 37.65 37.69 37.78 37.93
31.12 31.23 31.35 31.34 31.21 31.29 31.41 31.46 31.52 31.50 31.55 31.56 31.64 31.51 31.35 31.51 31.62 31.65 31.92 32.19 32.33 32.49 32.61 32.68 32.64 32.73 32.82 33.02 33.00 33.07 33.16 33.35 33.33 33.33 33.44 33.51 33.54 33.48 33.59 33.75 34.09 34.37 34.57 34.75 34.74 34.74 34.82 34.83 34.62 34.61 34.70 34.82 35.04 35.27 35.41 35.47 35.80 36.18 36.56 36.70 36.82 36.87 37.12 37.31 37.28 37.39 37.30 37.32 37.67 37.68 37.58 37.36 37.52 37.57 37.66 37.70 37.79
31.18 31.25 31.13 31.15 31.25 31.33 31.44 31.42 31.39 31.40 31.33 31.37 31.38 31.50 31.34 31.47 31.45 31.51 31.73 31.94 32.16 32.40 32.49 32.55 32.48 32.59 32.67 32.87 32.86 32.92 33.02 33.14 33.20 33.26 33.32 33.41 33.46 33.48 33.43 33.53 33.88 34.11 34.36 34.46 34.56 34.65 34.63 34.63 34.60 34.45 34.55 34.72 34.90 35.02 35.19 35.46 35.88 36.25 36.52 36.60 36.67 36.68 36.72 36.89 37.17 37.33 37.35 37.33 37.55 37.51 37.27 37.28 37.58 37.70 37.78 37.77 37.63
30.76 30.90 30.88 31.03 31.17 31.47 31.56 31.39 31.29 31.34 31.36 31.27 31.12 31.14 31.18 31.19 31.41 31.35 31.48 31.80 32.04 32.19 32.29 32.33 32.32 32.41 32.50 32.61 32.69 32.75 32.87 33.05 33.09 33.11 33.15 33.24 33.32 33.30 33.33 33.36 33.70 33.93 34.17 34.33 34.30 34.33 34.41 34.42 34.44 34.36 34.44 34.62 34.90 34.91 35.09 35.42 35.87 36.14 36.34 36.46 36.53 36.61 36.57 36.47 36.82 37.18 37.29 37.36 37.38 37.20 37.25 37.23 37.58 37.81 37.71 37.93 37.84
30.60 30.70 30.77 30.87 31.05 31.30 31.45 31.23 31.15 31.12 31.26 31.23 31.03 31.17 31.24 31.08 31.16 31.19 31.43 31.70 31.87 31.91 32.12 32.15 32.16 32.26 32.36 32.44 32.48 32.58 32.71 32.84 32.93 33.01 33.06 33.19 33.24 33.28 33.27 33.22 33.36 33.68 33.98 34.27 34.29 34.33 34.35 34.30 34.19 34.43 34.55 34.61 34.63 34.85 35.02 35.38 35.82 35.93 35.99 36.23 36.18 36.36 36.44 36.27 36.53 36.76 37.14 37.36 37.38 37.27 37.25 37.22 37.43 37.80 37.80 37.84 37.65
30.87 30.98 30.92 30.90 30.91 31.10 31.42 31.17 31.03 31.01 31.10 31.13 30.97 31.18 31.16 31.01 30.89 30.99 31.14 31.44 31.55 31.71 31.89 31.94 32.00 32.06 32.16 32.24 32.32 32.38 32.52 32.62 32.73 32.84 32.92 33.00 33.09 33.16 33.11 33.03 33.20 33.53 33.77 34.05 34.06 34.16 34.21 34.20 34.13 34.33 34.49 34.50 34.57 34.70 34.97 35.37 35.78 35.76 35.77 35.83 35.87 35.94 36.10 36.22 36.08 36.49 36.87 37.04 37.21 37.21 37.37 37.44 37.46 37.69 37.54 37.53 37.58
