project/src/data/BOM_climate/monthly_mean_rainfall/rainapr.txt
ncols 886
nrows 691
xllcenter 112.0000
yllcenter -44.5000
cellsize 0.0500
nodata_value 99999.90
[rows 70 to 104 of 691, columns 468 to 545 of 886]
135.52 137.43 139.81 142.23 144.01 146.26 148.83 151.35 154.45 156.90 159.78 162.98 166.98 170.10 173.17 176.09 178.46 180.51 182.28 183.46 184.29 184.89 184.92 184.68 184.04 183.20 182.16 181.07 180.05 178.99 177.99 177.05 176.40 175.88 175.46 175.10 174.59 174.21 173.82 173.14 172.46 171.78 171.03 170.42 169.78 169.03 168.30 167.61 166.89 166.19 165.54 165.04 164.35 163.42 162.45 161.38 160.38 159.34 158.28 157.17 155.96 154.80 153.67 153.23 152.18 151.11 150.09 149.07 148.12 147.26 146.43 145.63 144.88 144.08 143.23 142.34 141.42 141.04
133.70 135.93 137.93 140.46 142.73 144.88 147.32 149.97 152.93 155.77 158.75 161.98 166.06 169.39 172.65 175.66 178.27 180.38 182.11 183.48 184.42 184.77 184.69 184.22 183.39 182.31 181.03 179.82 178.47 177.18 176.08 175.15 174.40 173.91 173.47 173.08 172.64 172.35 171.97 171.34 170.68 170.09 169.41 168.74 168.13 167.44 166.75 166.05 165.36 164.69 163.99 163.48 162.78 161.89 160.89 159.84 158.79 157.77 156.71 155.62 154.50 153.31 152.24 151.80 150.81 149.83 148.82 147.85 146.89 145.98 145.19 144.41 143.64 142.85 141.98 141.08 140.17 139.76
132.24 134.73 136.47 138.73 141.12 143.64 146.03 148.81 151.59 154.59 157.64 160.96 165.16 168.67 172.01 175.19 177.98 180.22 182.19 183.50 184.33 184.70 184.52 183.74 182.74 181.47 179.99 178.42 176.98 175.53 174.16 173.06 172.44 171.99 171.56 171.18 170.69 170.47 170.09 169.60 168.94 168.35 167.72 167.07 166.45 165.85 165.18 164.51 163.79 163.11 162.38 161.83 161.19 160.28 159.26 158.24 157.20 156.19 155.17 154.07 153.01 151.82 150.78 150.42 149.47 148.49 147.51 146.57 145.67 144.73 143.95 143.21 142.41 141.56 140.68 139.78 138.87 138.48
130.84 133.08 135.14 137.49 139.83 142.01 144.85 147.53 150.44 153.36 156.55 159.92 164.10 167.71 171.22 174.64 177.56 180.01 181.99 183.37 184.33 184.51 184.10 183.24 182.07 180.54 178.83 177.12 175.45 173.89 172.50 171.25 170.68 170.21 169.72 169.34 168.85 168.61 168.33 167.86 167.26 166.65 166.02 165.41 164.80 164.16 163.59 162.94 162.24 161.52 160.74 160.18 159.46 158.58 157.63 156.60 155.59 154.55 153.52 152.51 151.44 150.38 149.37 148.99 148.11 147.11 146.20 145.30 144.34 143.51 142.69 141.92 141.12 140.22 139.36 138.42 137.50 137.10
129.25 131.38 133.72 136.24 138.42 140.79 143.56 146.16 149.02 152.06 155.20 158.58 162.85 166.57 170.18 173.61 177.00 179.54 181.52 183.02 183.92 184.12 183.55 182.41 181.23 179.46 177.96 175.76 174.05 172.45 171.03 169.99 169.22 168.55 167.98 167.53 167.09 166.89 166.57 166.12 165.58 164.93 164.30 163.66 163.12 162.49 161.91 161.32 160.65 159.87 159.07 158.40 157.75 156.86 155.90 154.96 153.90 152.88 151.89 150.91 149.92 148.88 147.92 147.61 146.71 145.78 144.84 143.85 143.06 142.21 141.42 140.60 139.70 138.87 137.95 136.97 136.08 135.61
127.53 130.05 132.27 134.48 137.03 139.25 141.80 144.57 147.55 150.57 153.73 157.13 161.39 164.98 168.65 172.39 175.87 178.45 180.34 182.14 183.10 183.21 182.93 181.13 179.56 178.57 176.08 174.20 172.58 171.26 169.98 168.59 167.74 167.04 166.39 165.87 165.39 165.20 164.94 164.41 163.91 163.25 162.58 162.02 161.31 160.77 160.21 159.61 158.97 158.14 157.27 156.64 155.93 155.06 154.18 153.23 152.20 151.20 150.21 149.29 148.30 147.41 146.46 146.20 145.32 144.29 143.37 142.46 141.62 140.87 140.02 139.18 138.32 137.40 136.51 135.50 134.57 134.11
125.65 128.26 130.38 132.87 135.16 137.55 140.17 142.95 145.92 149.02 152.13 155.39 159.56 163.19 166.72 170.47 173.77 176.59 178.57 180.59 182.03 181.96 180.79 179.36 177.65 176.24 174.70 172.57 171.08 169.93 168.76 167.22 166.22 165.48 164.82 164.20 163.71 163.50 163.24 162.75 162.18 161.53 160.91 160.21 159.65 159.12 158.48 157.84 157.16 156.35 155.50 154.82 154.13 153.25 152.43 151.49 150.49 149.55 148.58 147.71 146.81 145.87 145.00 144.73 143.83 142.86 141.92 141.03 140.16 139.37 138.59 137.68 136.83 135.93 134.99 134.06 133.06 132.59
124.08 126.74 128.85 131.12 133.42 135.85 138.58 141.30 144.19 147.20 150.14 153.40 157.27 160.82 164.32 167.71 170.90 173.46 175.75 178.12 180.20 180.23 178.76 177.06 175.62 174.34 172.59 171.23 169.48 168.44 166.84 165.57 164.75 163.82 163.18 162.64 161.99 161.78 161.43 160.96 160.48 159.76 159.24 158.57 157.98 157.45 156.70 156.05 155.33 154.49 153.72 152.98 152.30 151.51 150.65 149.79 148.82 147.90 147.04 146.12 145.26 144.33 143.45 143.23 142.34 141.41 140.44 139.50 138.68 137.84 137.02 136.20 135.31 134.40 133.51 132.55 131.59 131.11
122.13 124.76 127.03 129.45 131.92 134.12 136.80 139.50 142.26 145.29 147.97 150.91 154.75 158.08 161.46 164.63 167.44 169.97 172.18 174.10 175.61 176.06 175.72 174.15 172.96 171.46 170.52 169.98 168.03 166.44 165.00 163.89 162.99 162.17 161.51 160.92 160.29 159.93 159.60 159.17 158.65 158.07 157.46 156.81 156.32 155.69 154.97 154.26 153.42 152.64 151.82 151.21 150.58 149.69 148.91 148.07 147.13 146.34 145.47 144.61 143.74 142.79 141.91 141.64 140.82 139.90 138.92 138.02 137.10 136.29 135.46 134.60 133.80 132.88 132.00 131.06 130.08 129.62
119.97 122.38 124.91 127.35 129.84 132.33 134.83 137.60 140.26 142.90 145.43 148.30 151.94 155.18 158.20 161.07 163.69 165.99 167.98 169.50 170.29 170.55 171.02 170.92 170.10 169.08 167.65 166.63 165.34 164.33 163.10 162.04 161.20 160.38 159.80 159.14 158.56 158.15 157.74 157.38 156.79 156.25 155.72 155.03 154.54 153.89 153.19 152.45 151.52 150.76 149.97 149.40 148.83 147.96 147.14 146.34 145.49 144.75 143.87 143.06 142.13 141.19 140.38 140.08 139.24 138.32 137.36 136.48 135.53 134.71 133.89 133.04 132.28 131.31 130.44 129.58 128.59 128.19
117.59 120.16 122.58 125.11 127.57 130.07 132.61 135.22 137.79 140.22 142.77 145.50 149.02 151.96 154.75 157.32 159.67 161.75 163.49 164.87 165.56 166.03 166.89 167.26 167.40 166.62 166.21 165.17 162.99 162.12 161.09 160.14 159.24 158.54 157.96 157.36 156.70 156.33 155.87 155.48 154.94 154.38 153.86 153.22 152.67 152.10 151.35 150.56 149.71 148.88 148.18 147.61 146.99 146.23 145.42 144.63 143.81 143.06 142.26 141.48 140.56 139.61 138.76 138.51 137.62 136.72 135.75 134.86 134.00 133.12 132.31 131.48 130.65 129.74 128.90 128.05 127.16 126.73
115.19 117.79 120.19 122.60 125.22 127.60 130.04 132.73 135.17 137.55 140.05 142.70 146.02 148.60 151.27 153.62 155.66 157.57 159.14 160.35 161.08 161.97 162.74 163.84 164.39 164.04 164.23 162.22 160.71 159.85 158.93 158.04 157.29 156.63 156.00 155.41 154.80 154.41 154.03 153.54 153.06 152.57 152.00 151.36 150.81 150.21 149.51 148.68 147.88 147.09 146.38 145.83 145.23 144.46 143.70 142.91 142.13 141.40 140.63 139.82 138.97 138.05 137.18 136.89 136.00 135.06 134.14 133.26 132.39 131.58 130.74 129.92 129.05 128.19 127.41 126.58 125.70 125.31
112.81 115.25 117.65 120.16 122.66 125.04 127.50 129.93 132.41 134.80 137.06 139.79 142.95 145.42 147.82 149.97 151.89 153.58 155.09 156.21 157.09 157.90 159.22 159.60 160.33 160.95 160.07 158.79 158.14 157.43 156.69 155.94 155.22 154.60 154.01 153.49 152.86 152.49 152.10 151.66 151.20 150.67 150.09 149.51 148.91 148.30 147.59 146.79 146.12 145.29 144.60 144.04 143.38 142.70 141.95 141.20 140.48 139.70 138.95 138.16 137.30 136.47 135.57 135.22 134.31 133.39 132.49 131.67 130.78 129.97 129.19 128.36 127.51 126.64 125.87 125.06 124.27 123.86
110.59 112.90 115.28 117.69 120.21 122.56 124.94 127.41 129.82 132.27 134.45 136.98 139.93 142.28 144.45 146.53 148.34 149.86 151.26 152.44 153.33 154.23 155.16 156.09 157.27 158.00 157.14 156.06 155.91 155.18 154.48 153.97 153.36 152.76 152.20 151.64 151.09 150.75 150.36 149.86 149.39 148.78 148.22 147.58 146.98 146.29 145.62 144.87 144.17 143.49 142.82 142.27 141.73 141.00 140.29 139.65 138.95 138.22 137.45 136.67 135.87 135.00 134.11 133.80 132.89 131.97 131.10 130.21 129.40 128.57 127.79 126.97 126.11 125.33 124.54 123.70 122.98 122.60
108.10 110.48 112.78 115.06 117.45 119.87 122.22 124.70 126.96 129.27 131.62 134.09 136.85 139.13 141.25 143.11 144.85 146.42 147.81 149.11 149.99 150.87 151.65 152.83 153.43 154.60 154.19 153.83 153.99 153.00 152.52 151.91 151.23 150.73 150.12 149.65 149.09 148.75 148.44 147.96 147.43 146.84 146.18 145.58 144.94 144.23 143.56 142.86 142.18 141.60 140.99 140.53 139.90 139.27 138.59 137.94 137.25 136.48 135.76 134.98 134.18 133.32 132.39 132.06 131.16 130.24 129.37 128.57 127.70 126.96 126.16 125.37 124.57 123.78 123.01 122.27 121.51 121.18
105.59 107.86 110.13 112.41 114.66 116.98 119.40 121.71 123.87 126.24 128.63 131.01 133.73 135.87 137.92 139.84 141.54 143.08 144.55 145.73 146.75 147.70 148.44 149.34 149.95 151.10 151.32 151.15 151.26 150.80 150.54 149.72 149.03 148.51 148.01 147.49 147.07 146.75 146.46 145.95 145.39 144.75 144.07 143.43 142.85 142.17 141.47 140.87 140.24 139.71 139.10 138.66 138.15 137.51 136.89 136.20 135.50 134.79 134.03 133.29 132.44 131.55 130.60 130.28 129.36 128.50 127.65 126.82 126.00 125.24 124.51 123.75 122.96 122.23 121.51 120.77 120.07 119.69
103.07 105.30 107.47 109.71 111.89 114.15 116.42 118.64 121.06 123.28 125.58 127.93 130.58 132.69 134.60 136.50 138.27 139.86 141.23 142.48 143.55 144.51 145.38 146.12 146.73 147.43 148.03 148.12 148.07 147.91 147.70 147.25 146.81 146.35 145.88 145.34 144.90 144.61 144.30 143.84 143.29 142.64 141.97 141.33 140.70 140.06 139.46 138.88 138.28 137.79 137.23 136.84 136.35 135.77 135.13 134.51 133.80 133.04 132.29 131.49 130.69 129.75 128.83 128.47 127.65 126.80 125.94 125.14 124.33 123.65 122.93 122.18 121.44 120.73 120.02 119.37 118.66 118.20
100.42 102.77 104.92 107.01 109.11 111.36 113.57 115.70 117.99 120.31 122.55 124.84 127.41 129.39 131.36 133.21 135.00 136.53 138.02 139.27 140.38 141.43 142.20 143.01 143.70 144.33 145.15 145.36 145.37 145.28 145.09 144.81 144.53 144.08 143.67 143.19 142.71 142.51 142.10 141.63 141.14 140.49 139.84 139.19 138.54 138.01 137.45 136.92 136.36 135.88 135.30 134.94 134.55 134.00 133.43 132.80 132.07 131.26 130.50 129.72 128.89 127.98 127.04 126.76 125.97 125.11 124.30 123.48 122.70 122.02 121.39 120.67 119.95 119.27 118.58 117.96 117.25 116.74
97.76 100.12 102.27 104.26 106.40 108.51 110.64 112.84 115.00 117.30 119.56 121.80 124.28 126.22 128.10 129.94 131.64 133.25 134.75 136.03 137.14 138.13 139.08 139.93 140.68 141.44 142.21 142.58 142.70 142.68 142.63 142.43 142.19 141.83 141.42 141.01 140.58 140.27 139.94 139.49 138.96 138.33 137.69 137.09 136.48 135.93 135.49 134.97 134.46 133.90 133.36 133.10 132.70 132.20 131.68 131.06 130.36 129.57 128.70 127.93 127.05 126.18 125.36 125.06 124.28 123.49 122.64 121.85 121.09 120.43 119.83 119.16 118.46 117.84 117.17 116.52 115.81 115.32
95.10 97.30 99.46 101.47 103.58 105.65 107.72 109.89 112.08 114.31 116.55 118.74 121.14 123.05 124.84 126.68 128.36 129.97 131.40 132.69 133.90 134.98 135.87 136.80 137.64 138.51 139.36 139.73 139.95 140.01 140.08 140.04 139.83 139.60 139.20 138.84 138.44 138.09 137.77 137.22 136.72 136.19 135.60 135.01 134.43 133.90 133.45 132.98 132.48 132.01 131.43 131.17 130.89 130.36 129.88 129.27 128.56 127.79 126.93 126.13 125.23 124.41 123.60 123.35 122.56 121.81 120.98 120.19 119.49 118.87 118.27 117.62 117.00 116.37 115.73 115.08 114.36 113.86
92.53 94.65 96.67 98.62 100.82 102.82 104.86 107.01 109.15 111.35 113.48 115.61 118.01 119.88 121.70 123.49 125.13 126.67 128.15 129.45 130.61 131.68 132.77 133.76 134.71 135.57 136.52 136.91 137.21 137.44 137.51 137.54 137.49 137.31 137.01 136.66 136.29 135.92 135.60 135.06 134.53 134.05 133.48 132.91 132.40 131.92 131.48 130.97 130.53 130.08 129.57 129.33 129.01 128.51 128.01 127.41 126.79 126.03 125.17 124.35 123.45 122.62 121.89 121.61 120.90 120.10 119.31 118.57 117.93 117.29 116.75 116.12 115.50 114.92 114.26 113.61 112.95 112.41
90.07 92.11 94.03 95.96 97.94 99.95 102.01 104.11 106.27 108.40 110.49 112.57 114.82 116.76 118.55 120.37 122.00 123.51 124.94 126.24 127.52 128.63 129.68 130.78 131.77 132.69 133.61 134.12 134.57 134.79 135.01 135.13 135.06 135.00 134.70 134.45 134.11 133.74 133.41 132.94 132.41 131.95 131.41 130.88 130.38 129.91 129.48 129.06 128.63 128.15 127.67 127.48 127.15 126.68 126.18 125.59 124.94 124.23 123.43 122.59 121.71 120.91 120.14 119.89 119.23 118.43 117.69 116.94 116.33 115.80 115.20 114.62 114.03 113.42 112.82 112.15 111.44 110.97
87.47 89.37 91.34 93.15 95.17 97.11 99.16 101.21 103.33 105.44 107.46 109.43 111.74 113.64 115.48 117.30 118.89 120.46 121.83 123.19 124.38 125.58 126.75 127.82 128.82 129.74 130.77 131.31 131.85 132.21 132.48 132.65 132.68 132.61 132.47 132.16 131.84 131.56 131.24 130.84 130.38 129.94 129.38 128.85 128.35 127.94 127.50 127.12 126.70 126.24 125.77 125.56 125.30 124.81 124.29 123.75 123.14 122.43 121.66 120.83 119.98 119.16 118.44 118.19 117.52 116.76 116.05 115.37 114.81 114.27 113.68 113.15 112.54 111.97 111.35 110.63 109.94 109.53
84.71 86.66 88.57 90.43 92.32 94.25 96.24 98.25 100.39 102.38 104.36 106.33 108.55 110.52 112.42 114.23 115.90 117.39 118.81 120.15 121.47 122.64 123.74 124.91 125.92 126.85 127.84 128.50 129.09 129.58 129.97 130.19 130.25 130.32 130.12 129.91 129.60 129.35 129.10 128.75 128.37 127.95 127.41 126.86 126.37 125.89 125.52 125.18 124.77 124.34 123.88 123.69 123.39 122.98 122.45 121.85 121.23 120.56 119.86 119.06 118.26 117.48 116.80 116.48 115.80 115.12 114.47 113.85 113.31 112.73 112.15 111.63 111.07 110.46 109.81 109.10 108.51 108.05
82.09 83.95 85.79 87.63 89.53 91.39 93.30 95.30 97.33 99.31 101.23 103.17 105.43 107.39 109.35 111.10 112.82 114.36 115.84 117.24 118.50 119.74 120.89 121.97 123.01 123.91 124.98 125.71 126.34 126.92 127.37 127.65 127.82 127.85 127.79 127.60 127.29 127.14 126.95 126.64 126.35 125.93 125.44 124.94 124.42 123.98 123.65 123.26 122.88 122.44 122.03 121.80 121.53 121.04 120.52 119.96 119.37 118.69 117.99 117.31 116.55 115.76 115.08 114.80 114.14 113.47 112.82 112.26 111.75 111.16 110.61 110.07 109.53 108.92 108.30 107.63 106.96 106.56
79.42 81.27 83.01 84.86 86.68 88.48 90.38 92.32 94.29 96.23 98.14 100.06 102.30 104.26 106.20 108.04 109.71 111.29 112.80 114.24 115.54 116.80 117.89 119.03 120.12 121.06 122.06 122.90 123.59 124.18 124.68 124.93 125.12 125.29 125.23 125.15 124.95 124.83 124.76 124.51 124.22 123.95 123.55 123.13 122.67 122.22 121.86 121.45 121.05 120.63 120.19 119.99 119.68 119.14 118.61 118.02 117.44 116.77 116.09 115.39 114.66 113.93 113.31 112.95 112.28 111.66 111.05 110.44 109.93 109.39 108.87 108.34 107.82 107.25 106.59 105.96 105.35 104.87
76.79 78.55 80.26 81.98 83.78 85.66 87.50 89.38 91.25 93.19 95.04 96.97 99.22 101.16 103.11 104.90 106.62 108.27 109.82 111.31 112.63 113.90 115.09 116.18 117.19 118.27 119.31 120.19 120.93 121.56 122.05 122.35 122.61 122.77 122.85 122.84 122.76 122.74 122.68 122.48 122.27 122.04 121.65 121.26 120.85 120.40 120.01 119.57 119.14 118.77 118.29 118.04 117.70 117.15 116.65 116.12 115.49 114.91 114.26 113.56 112.92 112.24 111.58 111.29 110.70 110.06 109.45 108.89 108.35 107.77 107.28 106.81 106.25 105.75 105.09 104.44 103.89 103.39
74.19 75.86 77.46 79.24 81.05 82.84 84.65 86.57 88.35 90.23 92.05 93.97 96.17 98.09 100.00 101.84 103.56 105.22 106.89 108.31 109.73 111.04 112.18 113.38 114.38 115.43 116.58 117.49 118.28 118.93 119.38 119.75 120.07 120.32 120.48 120.60 120.59 120.68 120.68 120.51 120.30 120.08 119.76 119.41 119.04 118.59 118.14 117.68 117.25 116.81 116.38 116.09 115.69 115.19 114.68 114.19 113.60 113.05 112.40 111.76 111.12 110.52 109.88 109.65 109.10 108.51 107.87 107.34 106.77 106.18 105.73 105.20 104.69 104.16 103.54 102.93 102.37 101.87
71.59 73.14 74.83 76.47 78.20 80.01 81.85 83.76 85.50 87.36 89.19 91.09 93.15 95.11 96.96 98.84 100.62 102.30 103.95 105.47 106.90 108.25 109.43 110.57 111.63 112.67 113.86 114.78 115.54 116.21 116.77 117.27 117.60 117.87 118.20 118.36 118.45 118.59 118.67 118.56 118.39 118.15 117.86 117.51 117.12 116.71 116.23 115.79 115.29 114.82 114.41 114.11 113.71 113.23 112.77 112.29 111.72 111.14 110.55 109.97 109.35 108.75 108.13 107.97 107.46 106.92 106.37 105.75 105.17 104.56 104.10 103.61 103.07 102.53 101.96 101.37 100.80 100.28
69.06 70.52 72.12 73.78 75.46 77.25 79.03 80.81 82.65 84.49 86.33 88.23 90.24 92.18 94.12 95.94 97.72 99.42 101.07 102.61 104.06 105.48 106.69 107.84 108.90 109.94 111.11 112.03 112.85 113.59 114.18 114.74 115.25 115.61 115.88 116.14 116.25 116.50 116.64 116.54 116.43 116.22 115.91 115.52 115.14 114.76 114.32 113.83 113.37 112.89 112.42 112.12 111.74 111.32 110.84 110.39 109.89 109.34 108.81 108.19 107.60 106.97 106.43 106.28 105.81 105.31 104.77 104.21 103.54 103.03 102.51 101.96 101.43 100.87 100.30 99.78 99.23 98.75
66.50 67.96 69.52 71.08 72.75 74.55 76.25 78.04 79.84 81.67 83.47 85.46 87.42 89.43 91.31 93.13 94.93 96.65 98.24 99.85 101.36 102.77 103.99 105.14 106.18 107.25 108.46 109.43 110.25 110.97 111.69 112.31 112.80 113.20 113.62 113.90 114.08 114.34 114.50 114.42 114.36 114.16 113.92 113.55 113.16 112.80 112.39 111.95 111.48 110.92 110.44 110.13 109.84 109.42 109.00 108.54 108.05 107.51 107.01 106.44 105.81 105.24 104.71 104.53 104.15 103.67 103.13 102.55 102.00 101.45 100.93 100.38 99.82 99.20 98.65 98.13 97.61 97.18
64.06 65.44 66.87 68.47 70.15 71.84 73.63 75.35 77.09 78.97 80.79 82.74 84.74 86.72 88.59 90.44 92.17 93.95 95.59 97.21 98.71 100.09 101.31 102.40 103.53 104.66 105.90 106.84 107.66 108.45 109.15 109.81 110.38 110.81 111.26 111.60 111.76 112.12 112.30 112.26 112.24 112.07 111.86 111.58 111.22 110.88 110.49 110.01 109.56 109.05 108.51 108.27 107.97 107.59 107.18 106.72 106.24 105.76 105.21 104.68 104.12 103.51 102.95 102.85 102.41 101.99 101.49 100.94 100.42 99.89 99.36 98.81 98.17 97.62 97.09 96.54 96.01 95.52
61.66 62.96 64.45 66.00 67.62 69.32 71.05 72.83 74.56 76.37 78.26 80.23 82.14 84.11 85.96 87.77 89.60 91.30 92.96 94.57 96.06 97.42 98.62 99.79 100.89 102.09 103.33 104.30 105.14 105.96 106.74 107.39 107.96 108.42 108.84 109.26 109.50 109.84 110.05 110.11 110.08 110.05 109.84 109.59 109.32 108.95 108.56 108.13 107.64 107.16 106.77 106.48 106.16 105.80 105.40 104.90 104.45 103.94 103.44 102.94 102.33 101.75 101.24 101.15 100.77 100.30 99.78 99.29 98.84 98.36 97.86 97.22 96.61 96.06 95.49 94.98 94.42 93.97
59.39 60.64 62.07 63.50 65.15 66.84 68.64 70.44 72.23 74.02 75.90 77.77 79.67 81.58 83.47 85.22 86.97 88.68 90.38 92.01 93.46 94.84 96.11 97.18 98.36 99.60 100.87 101.85 102.74 103.57 104.30 105.02 105.60 106.08 106.49 106.84 107.17 107.58 107.84 107.91 107.98 107.95 107.81 107.63 107.34 107.02 106.63 106.20 105.77 105.36 104.98 104.76 104.46 104.01 103.56 103.12 102.65 102.18 101.71 101.13 100.61 100.09 99.56 99.48 99.08 98.60 98.11 97.65 97.19 96.75 96.27 95.73 95.11 94.55 93.98 93.42 92.91 92.49
57.40 58.48 59.81 61.28 62.84 64.57 66.41 68.26 70.06 71.84 73.64 75.47 77.34 79.21 80.97 82.76 84.49 86.18 87.91 89.43 90.93 92.30 93.56 94.80 95.99 97.22 98.47 99.49 100.39 101.27 102.04 102.71 103.28 103.77 104.21 104.60 104.87 105.30 105.63 105.75 105.85 105.84 105.76 105.62 105.33 105.03 104.68 104.23 103.85 103.55 103.21 102.98 102.72 102.24 101.80 101.30 100.82 100.37 99.90 99.40 98.86 98.36 97.92 97.81 97.37 96.89 96.42 95.92 95.53 95.15 94.73 94.22 93.62 93.04 92.50 91.94 91.43 91.02
