project/src/data/BOM_climate/rainfall_variability/varan.txt
ncols         178
nrows         139
xllcorner     111.875
yllcorner     -44.625
cellsize      0.25
NODATA_value  -9999
[rows 108 to 134 of 139, columns 0 to 61 of 178]
0.3587857 0.3553898 0.3501146 0.3492288 0.350029 0.3470626 0.3436053 0.3399872 0.3356365 0.3330195 0.3305844 0.3318094 0.3337682 0.33525 0.3363063 0.3372881 0.3324771 0.3238644 0.3154954 0.313901 0.3170095 0.315955 0.3153894 0.3195155 0.326977 0.333658 0.3415874 0.356131 0.3696749 0.3728898 0.3713072 0.3697748 0.3612217 0.3454799 0.3298451 0.3253399 0.3216888 0.3297036 0.3298825 0.3408515 0.3603348 0.3753893 0.3848397 0.3911767 0.391379 0.390008 0.3919502 0.394088 0.3967182 0.4159491 0.4242581 0.428144 0.4317656 0.4433474 0.4632292 0.4785096 0.4862215 0.4930545 0.4887623 0.4852151 0.4846594 0.4827802
0.3681514 0.3641197 0.3549307 0.3510101 0.3480127 0.3450558 0.341949 0.3390057 0.3362294 0.3335967 0.331651 0.3318154 0.3344104 0.3364346 0.3389919 0.3405302 0.3362997 0.3294185 0.3214041 0.3196639 0.3202595 0.3224688 0.325309 0.3250091 0.3270593 0.3328405 0.3439333 0.354908 0.3659087 0.3690429 0.3677292 0.3661091 0.3631317 0.3520285 0.3408278 0.3342137 0.3317969 0.3345323 0.3335824 0.338 0.3511436 0.36985 0.3800838 0.3872511 0.390118 0.3837655 0.3795947 0.3847796 0.4104936 0.4146944 0.408373 0.4116614 0.4218299 0.4315568 0.445953 0.4583237 0.4658013 0.4735121 0.4724366 0.4703777 0.4725344 0.4723299
0.3565323 0.3571927 0.3694257 0.3568608 0.3494402 0.3449588 0.3417464 0.3390262 0.3377449 0.3352261 0.3316028 0.3288243 0.3301916 0.3319347 0.333908 0.3360004 0.3313324 0.3247904 0.3197342 0.3196922 0.325242 0.3277349 0.3259756 0.3248349 0.3239057 0.3293874 0.3411998 0.3521262 0.3614201 0.3642575 0.3615929 0.3641618 0.3611551 0.3546536 0.3473881 0.3433083 0.340447 0.3426847 0.3387101 0.3391427 0.347891 0.3610125 0.3750517 0.380555 0.3746193 0.3651378 0.3793961 0.3963822 0.3848907 0.3783161 0.3887984 0.3988896 0.405961 0.4155899 0.4257144 0.4375899 0.4503227 0.4583555 0.4626753 0.4602031 0.4597187 0.4558103
0.3428717 0.351942 0.3486122 0.3529806 0.3639155 0.3496162 0.3403934 0.338652 0.3360278 0.3327093 0.3289405 0.3255653 0.3245652 0.3261699 0.3278813 0.3296022 0.3254327 0.319692 0.3215004 0.3250459 0.3294027 0.3268831 0.3256762 0.3242174 0.3239164 0.3260768 0.3372233 0.3475727 0.3574142 0.360429 0.3570755 0.3596477 0.3569889 0.3562642 0.3509954 0.3480385 0.3469643 0.3518252 0.3463323 0.3371267 0.3430665 0.3537983 0.3599928 0.358041 0.3548003 0.3595632 0.3560484 0.3537646 0.3539622 0.3638585 0.3717388 0.3799524 0.3891691 0.400773 0.4121469 0.4216396 0.4329957 0.4422129 0.44811 0.4496488 0.4456051 0.4433467
0.3272156 0.3344946 0.3497055 0.3482732 0.3456632 0.3466134 0.3597505 0.3449505 0.3348854 0.3301257 0.3268483 0.3234764 0.3216907 0.3212859 0.3216198 0.3228714 0.3192762 0.3192863 0.3239502 0.3305787 0.3318817 0.3288577 0.3252328 0.3240535 0.3254337 0.3269418 0.3337699 0.3436778 0.3538326 0.3563132 0.3539639 0.3546018 0.3577518 0.3501337 0.3545393 0.3514016 0.3480741 0.3509429 0.3504586 0.3350677 0.3295716 0.3268172 0.3245537 0.3403543 0.3355611 0.3384387 0.3419892 0.3458469 0.3496291 0.3531888 0.3555017 0.359895 0.3702075 0.3810512 0.3929857 0.4050711 0.4159597 0.4267152 0.4341254 0.4382822 0.4317659 0.4273833
0.3243113 0.3263254 0.328939 0.3377085 0.3469861 0.342645 0.3395333 0.3371041 0.3479969 0.3415748 0.3290402 0.3220428 0.3183607 0.318266 0.3158893 0.3178421 0.3171643 0.3194731 0.3261065 0.3329434 0.3346914 0.3320453 0.3277741 0.3260459 0.3275176 0.3288135 0.3326507 0.3407412 0.3511954 0.3516917 0.3491682 0.3481579 0.3494964 0.3472005 0.3499728 0.347792 0.3422107 0.3354694 0.3176382 0.3128055 0.3035166 0.3177552 0.3352734 0.3406424 0.338931 0.3407008 0.3470903 0.3508067 0.3532679 0.3545631 0.3570672 0.3597397 0.3630866 0.3679175 0.3792254 0.3909964 0.4024 0.4109748 0.4223483 0.4253459 0.4193438 0.4130253
0.3243593 0.3218085 0.3247912 0.3263717 0.3275798 0.332266 0.3390161 0.3356703 0.3327952 0.3301926 0.3372203 0.3328045 0.3281296 0.3199835 0.3167534 0.3159859 0.3162835 0.3215735 0.3281547 0.3345303 0.3372259 0.3348537 0.3313395 0.3284342 0.3300101 0.3314487 0.3336289 0.3380834 0.3475856 0.3487179 0.348069 0.3458563 0.3427522 0.3389192 0.3342597 0.3292727 0.3348582 0.3323389 0.3246326 0.3310011 0.3315732 0.3296774 0.336556 0.3418525 0.3430544 0.3414596 0.3430638 0.3506297 0.35854 0.3632172 0.3642344 0.3638331 0.3618946 0.363746 0.3676547 0.3796662 0.3909633 0.3994842 0.4147685 0.418455 0.4088902 0.3975733
0.3229968 0.3225377 0.3229155 0.3201856 0.3231622 0.3253781 0.3242775 0.3256596 0.327278 0.3287594 0.3287396 0.32714 0.3296216 0.328112 0.330976 0.3304334 0.3307617 0.3256809 0.3314728 0.3389163 0.3414584 0.3413712 0.3398171 0.3383798 0.338653 0.342586 0.3468624 0.3510275 0.3566273 0.3661254 0.3582945 0.3588265 0.3520058 0.3496518 0.3509378 0.3538395 0.3569344 0.3517575 0.3465576 0.3413011 0.3362961 0.3326679 0.3312486 0.3342669 0.3394504 0.3447815 0.3447087 0.3459292 0.3512116 0.3560665 0.3639604 0.3657643 0.3651999 0.3634995 0.3650142 0.3758329 0.3925879 0.3976218 0.4114842 0.4111339 0.4190196 0.4243551
0.3221119 0.321364 0.3208823 0.3207827 0.320122 0.3184173 0.3188514 0.3220115 0.3226337 0.3242569 0.3223145 0.3224833 0.3144882 0.3128271 0.3173044 0.3176544 0.3186424 0.3226458 0.326159 0.3327375 0.3349723 0.3350071 0.3371483 0.3377144 0.3381473 0.3391868 0.3448886 0.3490706 0.3513303 0.3498663 0.3573929 0.3647707 0.3703518 0.3729059 0.3713513 0.3691556 0.3676195 0.361211 0.3604126 0.3572806 0.3468075 0.3360923 0.3344741 0.3330747 0.3358358 0.3395512 0.3443778 0.3481932 0.3490841 0.3542271 0.3591498 0.3642032 0.3660925 0.3746706 0.3783816 0.3837681 0.387456 0.3989502 0.4044863 0.4421975 0.5003867 0.5353092
0.321209 0.3203855 0.3197987 0.3193626 0.318992 0.3184228 0.3178586 0.3174674 0.3145661 0.3156733 0.3167858 0.317259 0.314604 0.3144728 0.317167 0.3225552 0.3331342 0.3344406 0.3346156 0.3371046 0.3393104 0.3408315 0.3396108 0.3391067 0.3370792 0.3366256 0.339204 0.3497122 0.3625894 0.3707551 0.3760893 0.3787095 0.3786385 0.3764756 0.3726105 0.3699906 0.3722891 0.3735058 0.3700643 0.3661581 0.3564079 0.3458937 0.3357525 0.3344437 0.3323219 0.3353342 0.3392621 0.3445387 0.3504437 0.3518646 0.356888 0.370443 0.3708296 0.3856796 0.3900476 0.3806987 0.3982589 0.4447254 0.5051516 0.6059326 0.7303728 0.8142632
0.320673 0.3197385 0.3188481 0.3180685 0.3173946 0.3168411 0.3163629 0.3159447 0.3150786 0.3140159 0.3148279 0.3139684 0.3083375 0.3082046 0.3086852 0.3100188 0.3143564 0.3143725 0.317626 0.3205976 0.3187309 0.3170014 0.3174855 0.3194469 0.326802 0.3328281 0.338711 0.3458466 0.3523996 0.3578039 0.3602766 0.3631988 0.3639963 0.36321 0.3635482 0.3669152 0.3725209 0.3775226 0.3781113 0.3723686 0.3661615 0.3554475 0.3437611 0.333901 0.3321171 0.3308601 0.3341185 0.3392048 0.3452128 0.3637185 0.3693981 0.3889538 0.3893432 0.3893746 0.3871444 0.4363244 0.5002729 0.6115587 0.7583652 0.9546442 1.110511 1.236929
0.32044 0.319399 0.3183658 0.3171411 0.3161563 0.315844 0.3157691 0.3157824 0.3157805 0.3149947 0.3136092 0.3135421 0.3104317 0.3075871 0.3061579 0.3048682 0.3036667 0.3027298 0.3057086 0.3078732 0.3106336 0.3133729 0.3197938 0.3246336 0.3284592 0.3330294 0.3382642 0.343128 0.3474773 0.3519084 0.3571213 0.3614787 0.3637744 0.363931 0.3639458 0.3669834 0.3711757 0.3767365 0.3812571 0.3787065 0.3723859 0.3645482 0.3533485 0.3414671 0.3320441 0.3283436 0.3297308 0.3507096 0.3633645 0.3822147 0.3858814 0.3894629 0.4107153 0.420548 0.5107947 0.6057939 0.7697205 0.9808059 1.18423 1.404986 1.514959 1.516238
0.3210707 0.3191822 0.3180666 0.3166567 0.316114 0.315877 0.3158558 0.3158491 0.3153596 0.3148703 0.3144622 0.3144196 0.3109019 0.3079143 0.3078174 0.307266 0.3065178 0.3066854 0.3067382 0.3084428 0.311799 0.3170921 0.323504 0.3298675 0.3353262 0.3400375 0.3424261 0.3443976 0.3487744 0.3532698 0.3567688 0.3597391 0.3623952 0.3627857 0.3627695 0.365997 0.3697222 0.374783 0.3805773 0.3823042 0.3769349 0.3699118 0.3620452 0.349766 0.3360442 0.3524875 0.3696711 0.3725267 0.3750022 0.3800283 0.4180016 0.4393663 0.5120288 0.6272429 0.7764546 0.9842791 1.216814 1.43943 1.583445 1.633914 1.616156 1.553205
0.3814175 0.3524376 0.3202784 0.3181175 0.3161208 0.3157014 0.3158226 0.315989 0.3153979 0.3150385 0.3150228 0.314914 0.3122418 0.3094987 0.3093414 0.3097209 0.3101212 0.3104098 0.3106573 0.3111806 0.3143971 0.3178313 0.3215691 0.3276674 0.3334801 0.3393527 0.3446969 0.3491468 0.3516816 0.3531961 0.3559351 0.3586006 0.360654 0.3609491 0.3607875 0.364337 0.3677245 0.372627 0.3798353 0.3838164 0.3802817 0.3728786 0.369783 0.3643455 0.3702782 0.3713414 0.3729506 0.3797219 0.4068084 0.4650587 0.490405 0.6148711 0.7585557 0.9707739 1.204047 1.435753 1.571513 1.638381 1.660532 1.655724 1.618019 1.551053
0.4430653 0.3984236 0.3706305 0.3690289 0.3224254 0.3175437 0.3156118 0.315744 0.315224 0.3147698 0.3145265 0.3137963 0.3115264 0.3098583 0.3095968 0.3100809 0.3106741 0.3112327 0.3117762 0.3128335 0.316145 0.3195269 0.3230034 0.3265081 0.3319725 0.3378043 0.3434298 0.3476222 0.3496792 0.3523562 0.3548217 0.3573406 0.3584757 0.3588088 0.3583843 0.359715 0.3635973 0.3695861 0.3781056 0.3806401 0.3767864 0.3704581 0.3728959 0.3748087 0.3778916 0.4027107 0.4252353 0.4741351 0.5161407 0.6147541 0.7547675 0.9444017 1.173849 1.369439 1.512249 1.602773 1.651628 1.664684 1.665572 1.648788 1.622427 1.546962
0.5476326 0.4854764 0.4567381 0.4077428 0.3739482 0.3658372 0.3576449 0.3255371 0.3169706 0.3161468 0.3145845 0.3130378 0.3109809 0.3097273 0.3102212 0.3109493 0.3116145 0.3123398 0.3126833 0.3137574 0.3169477 0.3202413 0.3236358 0.3269216 0.3311199 0.3368814 0.3423814 0.3445843 0.3470207 0.3497297 0.3532639 0.355566 0.3558823 0.3562835 0.3561543 0.3567676 0.3676313 0.3778589 0.3796658 0.3834472 0.3832512 0.3836032 0.4031595 0.4268269 0.4576349 0.5013195 0.5713964 0.6391563 0.7769261 0.950927 1.155367 1.304785 1.428335 1.519332 1.57913 1.625142 1.658824 1.672736 1.667669 1.650539 1.626304 1.544024
0.7100551 0.6386344 0.5672703 0.5072708 0.4698386 0.4419449 0.3992543 0.3710425 0.3625306 0.3653053 0.3478115 0.3185656 0.3126986 0.3103068 0.3112254 0.3124389 0.3127216 0.3130323 0.3135664 0.3145437 0.3175774 0.3209078 0.3243146 0.3275062 0.3313797 0.3367185 0.3400735 0.3423959 0.3452985 0.3476456 0.3514088 0.3625208 0.3624565 0.3726503 0.3735945 0.3791035 0.3928484 0.3929443 0.3946898 0.4219533 0.4475825 0.4672195 0.5172086 0.5661274 0.6162223 0.702214 0.8194512 0.9778485 1.116487 1.238554 1.345115 1.427821 1.476174 1.524512 1.578712 1.626442 1.664009 1.677415 1.672652 1.654555 1.626832 1.543675
0.845789 0.7817906 0.7391752 0.6814974 0.6160569 0.5565206 0.5034034 0.4736721 0.448994 0.410975 0.3902472 0.3650964 0.3620525 0.3675725 0.3668205 0.3624257 0.349289 0.3390457 0.330094 0.3242123 0.3270868 0.3303517 0.3336864 0.3373719 0.341666 0.3495106 0.3569922 0.3579142 0.3583142 0.3591259 0.3712525 0.3766288 0.3799432 0.3804045 0.3833999 0.4135937 0.4317459 0.4640965 0.510554 0.5512248 0.5712477 0.6161217 0.6793638 0.7595097 0.8808279 1.018014 1.118249 1.197934 1.263433 1.328634 1.377993 1.424322 1.474679 1.52599 1.579581 1.626484 1.672697 1.683398 1.678122 1.657011 1.628066 1.545509
0.9052145 0.8834172 0.8544074 0.8165598 0.7839382 0.7364029 0.6882505 0.6292975 0.5778927 0.5348525 0.500062 0.4779376 0.4588354 0.4372801 0.413282 0.3926202 0.380189 0.3698804 0.3651783 0.3664836 0.3672284 0.366842 0.3662874 0.367226 0.368258 0.3699149 0.3724805 0.3732904 0.3803757 0.3937583 0.4047554 0.4316868 0.4565288 0.4871776 0.5294339 0.5553015 0.5763252 0.5888875 0.6301883 0.7006019 0.7678114 0.8627955 0.9593486 1.036716 1.101549 1.16158 1.211271 1.25292 1.283813 1.32253 1.367546 1.41455 1.473117 1.528456 1.580439 1.628303 1.676855 1.689948 1.688718 1.673365 1.627672 1.560378
0.905758 0.8990487 0.8939563 0.8915977 0.8813761 0.8595923 0.8389089 0.7926394 0.7674842 0.7289329 0.6923895 0.6414692 0.6038616 0.5728695 0.5422208 0.5180259 0.5054889 0.4949267 0.489196 0.485335 0.4807083 0.4747174 0.4731987 0.475561 0.4816927 0.4921279 0.504851 0.5183572 0.5334597 0.551451 0.5639335 0.5799562 0.6043612 0.6189019 0.6391549 0.6897215 0.7549108 0.8236913 0.8655124 0.9313826 0.9812315 1.032002 1.082049 1.124509 1.154301 1.184063 1.210759 1.247347 1.280959 1.3162 1.363123 1.40806 1.46449 1.521807 1.584212 1.633783 1.681315 1.700828 1.707891 1.693284 1.633892 1.575326
0.9049727 0.8978899 0.8937232 0.8932722 0.8946056 0.8981678 0.8977981 0.8884212 0.8787867 0.8636097 0.8528035 0.8232615 0.7883781 0.7793715 0.7492217 0.7239715 0.7055314 0.6811019 0.6635044 0.6479336 0.6373306 0.6340215 0.635128 0.6390008 0.6452601 0.6594577 0.6646644 0.6649128 0.6710973 0.7049856 0.7307538 0.7467163 0.7898784 0.8264695 0.8575644 0.8961821 0.9226574 0.9454343 0.9801325 1.017094 1.040679 1.062005 1.092201 1.124794 1.154101 1.182179 1.209468 1.24124 1.277606 1.311329 1.359365 1.406796 1.455782 1.514615 1.585879 1.643735 1.688693 1.714286 1.726231 1.71307 1.655377 1.601093
0.9041529 0.8982884 0.8959901 0.8970562 0.9001315 0.9028546 0.9050302 0.9074074 0.9098324 0.9121047 0.9088633 0.8996474 0.8852613 0.8716494 0.8603402 0.8543045 0.8492218 0.8427547 0.8313037 0.8235211 0.8157105 0.8081411 0.8057083 0.8087934 0.8158091 0.8308358 0.850779 0.8651994 0.874974 0.883535 0.8869108 0.9003 0.9205499 0.9426512 0.9624676 0.9732184 0.9758514 0.9855437 1.000933 1.018498 1.03793 1.059738 1.089297 1.121324 1.153969 1.18053 1.208307 1.238311 1.271605 1.308098 1.353931 1.403147 1.455666 1.511685 1.588557 1.644538 1.705669 1.729291 1.739781 1.729761 1.688131 1.619241
0.9054289 0.9037157 0.9040458 0.902539 0.9045868 0.9067312 0.9090683 0.9113483 0.9149699 0.9188563 0.9199439 0.9191293 0.9167883 0.91688 0.9172985 0.9163936 0.9172791 0.9184917 0.9188535 0.9177939 0.9161719 0.9150886 0.9116883 0.9090746 0.9116943 0.9186606 0.9273655 0.9349964 0.9401409 0.9446461 0.949579 0.9550826 0.9603478 0.9632543 0.9671797 0.97119 0.9741725 0.984844 0.9995462 1.016031 1.035009 1.056703 1.085577 1.117865 1.150638 1.177697 1.206726 1.236239 1.264676 1.298454 1.346903 1.400254 1.458228 1.52474 1.594514 1.651625 1.713508 1.741313 1.766214 1.760757 1.721689 1.627291
0.9110856 0.9096863 0.907761 0.9065644 0.9087904 0.9113781 0.913999 0.9189443 0.9235464 0.9263363 0.9260461 0.9238033 0.9222019 0.9220294 0.9211277 0.9203543 0.9216887 0.9223376 0.9209028 0.9195067 0.921083 0.9229003 0.9247628 0.925898 0.9280178 0.9306841 0.9336126 0.9369636 0.9408047 0.9462276 0.9517456 0.9566287 0.9611205 0.9651703 0.9680573 0.974525 0.9759889 0.9848758 0.9973232 1.013803 1.032371 1.05387 1.082895 1.114943 1.145116 1.176759 1.205401 1.232336 1.261113 1.293858 1.344409 1.402787 1.465701 1.545876 1.604703 1.658936 1.728026 1.77381 1.793023 1.78877 1.775449 1.667722
0.9157692 0.9141558 0.9116708 0.912042 0.9138948 0.9185625 0.9230515 0.927459 0.9320577 0.9336299 0.9311468 0.9288259 0.927456 0.9263278 0.9251337 0.9248024 0.9257808 0.9243474 0.923003 0.9230683 0.9247622 0.9265274 0.9264191 0.9264104 0.9284979 0.9308419 0.935478 0.9401451 0.9453898 0.9498059 0.9538496 0.9574186 0.9621918 0.9679734 0.9725788 0.978563 0.9806331 0.9890984 1.000713 1.013723 1.030172 1.053285 1.0815 1.109817 1.140383 1.171699 1.202215 1.232357 1.264673 1.297659 1.34345 1.411423 1.488263 1.561254 1.635417 1.689218 1.736573 1.798762 1.848148 1.862069 1.876238 1.763158
0.9201446 0.9177014 0.9172626 0.918372 0.9231241 0.9271389 0.9318181 0.9362774 0.9385781 0.9367399 0.9355227 0.9321996 0.9315112 0.9297837 0.9283092 0.9294686 0.9288866 0.9286715 0.9284794 0.929823 0.9299807 0.9290144 0.9281205 0.9303674 0.9343123 0.9384081 0.9427677 0.9457114 0.9488252 0.9525402 0.9557249 0.9613351 0.9672626 0.9738163 0.9789613 0.9845858 0.9857994 0.9939911 1.005607 1.018836 1.035646 1.052128 1.079521 1.10503 1.135123 1.166667 1.207784 1.242067 1.27439 1.312241 1.367041 1.429652 1.508287 1.58613 1.663934 1.726667 1.77551 1.853535 1.931677 2.007463 2.017391 1.897196
0.9285352 0.9258108 0.9261587 0.9293953 0.932352 0.9369701 0.94175 0.9451477 0.9446471 0.9433439 0.9394107 0.9368638 0.9353526 0.9339622 0.9339847 0.9339784 0.9328655 0.9327618 0.9327213 0.9316361 0.9309152 0.9301701 0.9323733 0.9358156 0.9395065 0.9421275 0.9447011 0.9483085 0.950924 0.9548059 0.9605928 0.9664454 0.9715822 0.9772492 0.9827238 0.9889733 0.9916956 1.000593 1.009901 1.023325 1.036743 1.053605 1.074174 1.102357 1.139885 1.169717 1.212121 1.257242 1.302486 1.34106 1.39165 1.450839 1.536657 1.604982 1.68559 1.754098 1.842466 1.973684 2.01087 1.974026 2.064516 2.072727
