project/src/data/BOM_climate/rainfall_variability/varan.txt
ncols         178
nrows         139
xllcorner     111.875
yllcorner     -44.625
cellsize      0.25
NODATA_value  -9999
[rows 81 to 107 of 139, columns 0 to 61 of 178]
0.4649397 0.4615261 0.4591554 0.4569486 0.456709 0.4746599 0.4699618 0.4511569 0.452684 0.4648546 0.4707594 0.5189427 0.5438078 0.5351782 0.5027375 0.513816 0.5311424 0.5736165 0.6028047 0.6585072 0.6496167 0.6161 0.5934029 0.6010121 0.6540996 0.6639473 0.6893761 0.6759272 0.6848914 0.7114609 0.7858508 0.7286971 0.7534052 0.8255032 0.8996849 0.917584 1.007983 1.03381 0.9809758 1.020233 1.054693 1.11812 1.160727 1.185747 1.287268 1.415105 1.506932 1.399517 1.37349 1.391008 1.381464 1.377646 1.316529 1.2942 1.26381 1.240389 1.274712 1.331801 1.452769 1.369431 1.356173 1.375373
0.4547484 0.4549548 0.4552087 0.4560419 0.4544587 0.4544953 0.4498072 0.4267436 0.4359127 0.4401451 0.4538805 0.5146242 0.5403207 0.5257201 0.4939595 0.5244902 0.5815121 0.5719728 0.5723363 0.6100014 0.6192743 0.6375673 0.6516977 0.6261876 0.6275368 0.6934544 0.6266527 0.5823087 0.6298862 0.6613281 0.7064381 0.6821743 0.660879 0.740915 0.8330539 0.8342635 0.8689567 0.9916174 1.053067 1.136225 1.08839 1.039271 1.091083 1.132425 1.303716 1.348338 1.363861 1.364073 1.37569 1.359091 1.400218 1.344202 1.297147 1.248961 1.195321 1.188748 1.258819 1.350273 1.364163 1.314021 1.335015 1.316886
0.449099 0.4514209 0.4527386 0.4530913 0.4527271 0.4437162 0.4324558 0.4071002 0.4341164 0.4395144 0.4461735 0.4763608 0.4694135 0.4707063 0.4786752 0.5030925 0.5621031 0.6162333 0.6019132 0.5826659 0.6039929 0.6356193 0.6011799 0.6360773 0.6216137 0.6205707 0.6221488 0.5473825 0.5953915 0.6037346 0.6348143 0.6497119 0.6502337 0.7053077 0.7593108 0.7991386 0.7801011 0.8446133 0.9789422 0.977724 0.9449383 1.006024 1.080723 1.166191 1.180612 1.183222 1.227313 1.292292 1.307658 1.314547 1.336244 1.32574 1.257538 1.195911 1.158805 1.172017 1.241101 1.30146 1.30299 1.3151 1.290338 1.295746
0.4372013 0.4412076 0.4436545 0.4460813 0.4475533 0.4366037 0.4078089 0.4072048 0.4311989 0.4345582 0.4376531 0.4621547 0.4583706 0.4552263 0.4791946 0.5320902 0.5532369 0.5736166 0.57667 0.5870603 0.5734588 0.5972274 0.5858502 0.5909853 0.630132 0.6296147 0.6609917 0.6598345 0.6887073 0.7283769 0.6725754 0.6050333 0.6097842 0.6629983 0.7124317 0.7481015 0.7533321 0.7720674 0.8253372 0.8351206 0.8656855 0.8973349 0.9478465 1.063694 1.11389 1.144354 1.190379 1.238519 1.276419 1.250134 1.272773 1.31131 1.304618 1.243767 1.12992 1.145769 1.211557 1.257029 1.285675 1.289491 1.236273 1.228489
0.4198544 0.4235579 0.4276529 0.4297688 0.4295294 0.4200136 0.3958437 0.4268555 0.4361644 0.4290894 0.4370562 0.4569383 0.4566276 0.4437328 0.4792828 0.5011606 0.5139079 0.5274154 0.5978659 0.587426 0.5700546 0.578434 0.5992471 0.6026076 0.5821374 0.6083853 0.6300214 0.6231081 0.6805442 0.7120323 0.6820747 0.6161634 0.5762848 0.6218947 0.6717331 0.710725 0.6983558 0.754871 0.7700503 0.7734496 0.7979499 0.8686594 0.9552256 0.9867728 1.047431 1.073778 1.103939 1.168363 1.185132 1.204839 1.225462 1.220387 1.241037 1.203268 1.131193 1.125457 1.132592 1.21423 1.185383 1.180987 1.166513 1.12902
0.4136886 0.4154329 0.4167367 0.4165862 0.4130824 0.4136763 0.4010626 0.4294282 0.4284008 0.424064 0.4328268 0.4286613 0.4314158 0.4234178 0.4365798 0.4709908 0.5069333 0.5611721 0.5926192 0.6528903 0.6291077 0.6110803 0.6037439 0.641367 0.620818 0.6121149 0.6155279 0.6195175 0.619825 0.6448236 0.6256087 0.6062992 0.5720592 0.5701075 0.6239828 0.6497703 0.6869499 0.7123565 0.7523149 0.7792835 0.7871233 0.8391007 0.867257 0.9274566 0.9843813 1.036241 1.075374 1.068181 1.129856 1.130374 1.188168 1.148228 1.126215 1.125873 1.104426 1.095256 1.042922 1.045429 1.051134 1.109843 1.053985 1.012424
0.4144469 0.4148796 0.4160761 0.4161748 0.4131581 0.4009415 0.3952735 0.4131877 0.422516 0.4217452 0.428408 0.4179068 0.4237799 0.4044579 0.4285095 0.4669672 0.4758176 0.5088854 0.5579125 0.6254503 0.6243472 0.6446221 0.6497384 0.6566038 0.5950787 0.6104615 0.6215799 0.6054202 0.6133686 0.5976088 0.5829847 0.5781049 0.5740496 0.578244 0.5862234 0.5893866 0.6404891 0.6525571 0.6933222 0.7442393 0.7982423 0.786783 0.8831766 0.8970276 0.925404 0.9432135 1.024154 1.05422 1.050961 1.085509 1.121099 1.107681 1.079063 1.020966 0.9566564 0.9283567 0.922277 0.8887668 0.9259883 0.947107 0.95651 0.9409683
0.4140905 0.415512 0.4165342 0.4169137 0.4164392 0.4063275 0.4062482 0.4034979 0.4163519 0.420683 0.4184693 0.3926535 0.3900807 0.4050862 0.453664 0.4838303 0.4738018 0.5085843 0.5205784 0.5786847 0.6236726 0.6192014 0.6463924 0.6589744 0.6528493 0.6058394 0.6015191 0.6356474 0.6468834 0.6325946 0.5411073 0.5645373 0.5779885 0.5622999 0.5720078 0.5605109 0.5922301 0.650949 0.7024598 0.7575801 0.772918 0.8059946 0.8436176 0.8184913 0.8331811 0.8724825 0.9059628 0.9397616 1.01324 1.032078 1.031292 1.014938 0.9843314 0.9135945 0.8873233 0.8678308 0.8553076 0.8831542 0.9269965 0.9194953 0.9369736 0.9256691
0.4113734 0.4142006 0.4156969 0.4168407 0.4168921 0.4128309 0.4084035 0.4003511 0.4114297 0.4135122 0.4048338 0.4131855 0.4050781 0.4085708 0.4223682 0.4843884 0.519807 0.5307958 0.5021906 0.5672196 0.633677 0.6059451 0.620066 0.6164572 0.6273835 0.5767481 0.5962918 0.6745832 0.6799966 0.6737225 0.6336805 0.6250814 0.6032876 0.5609415 0.5664846 0.590806 0.6094208 0.6103113 0.6410809 0.6521561 0.6734086 0.732567 0.744795 0.756405 0.7889633 0.8196979 0.8534861 0.8762308 0.9185305 0.9536122 0.936561 0.9390773 0.8863121 0.8390328 0.8167998 0.8303621 0.8773478 0.883292 0.9087927 0.917601 0.8798447 0.8850717
0.4046861 0.4084539 0.4124162 0.4137945 0.4125513 0.4084321 0.4148005 0.4108098 0.4092197 0.4107423 0.4123138 0.4442551 0.4539261 0.4408081 0.4173744 0.4216682 0.4470541 0.5069898 0.5113503 0.5958197 0.5895466 0.5702967 0.6004214 0.5800617 0.5850943 0.5991837 0.6008595 0.631506 0.6973512 0.6601332 0.6589661 0.6467165 0.5935938 0.5536317 0.550832 0.5375155 0.5527714 0.5891257 0.6142784 0.6405944 0.6494702 0.6547666 0.6373469 0.6532132 0.6974148 0.7393196 0.8318741 0.9417685 0.8588352 0.8530732 0.8527576 0.8336433 0.8049333 0.7808674 0.7831727 0.8175185 0.8742669 0.8500341 0.8476226 0.8504213 0.8285007 0.8303946
0.4034806 0.4038835 0.4036404 0.4055753 0.4032262 0.4119275 0.4115698 0.4138112 0.4160716 0.4229624 0.4296864 0.4581254 0.4684962 0.4662176 0.399152 0.3924956 0.4123768 0.4485272 0.5055403 0.5596156 0.5893117 0.6031532 0.603981 0.5987066 0.5683024 0.5827871 0.5913295 0.6101273 0.6122607 0.6526759 0.6294585 0.56171 0.5315085 0.5334213 0.5242525 0.5237193 0.5209178 0.5593905 0.6253846 0.6401927 0.6053848 0.5772341 0.5644671 0.5677063 0.6091486 0.6797699 0.7034825 0.7665906 0.7768479 0.7837617 0.7793527 0.7580997 0.7285542 0.7557759 0.7568834 0.7666409 0.8289945 0.8323058 0.8250939 0.7945455 0.7754182 0.7932541
0.4034798 0.4021408 0.4010097 0.4016668 0.3992848 0.4038031 0.3850207 0.3899587 0.4052921 0.4167636 0.4134411 0.4350562 0.456073 0.4605413 0.4002729 0.4111481 0.4378553 0.4695151 0.4760067 0.5155394 0.5458415 0.5278694 0.564335 0.5423768 0.5731701 0.5809697 0.560991 0.612672 0.5744066 0.5708507 0.5797214 0.5718601 0.5277008 0.4898769 0.4722766 0.4782171 0.4630993 0.4958072 0.5780239 0.63363 0.5360518 0.4953441 0.4988989 0.5239879 0.5274118 0.5826555 0.6228454 0.6629344 0.6953927 0.7217386 0.7222356 0.6976995 0.670385 0.6938674 0.6858203 0.7032101 0.7550842 0.8061017 0.7983724 0.7630292 0.7381714 0.7611281
0.3992045 0.3992509 0.3972008 0.3967774 0.395375 0.3828767 0.375378 0.3805165 0.3850605 0.4051964 0.4062509 0.4050677 0.4186443 0.4432429 0.4368552 0.4714592 0.4585613 0.4513625 0.4698924 0.4843113 0.5407435 0.5073091 0.5234872 0.5393412 0.5464599 0.5705991 0.5636522 0.560634 0.5471222 0.5244955 0.5505868 0.5340292 0.5421221 0.4602817 0.4334985 0.4315802 0.4520321 0.4795172 0.5559155 0.548032 0.4798795 0.4469059 0.4285147 0.4486091 0.4468053 0.5042468 0.5680582 0.6013554 0.6333353 0.6607066 0.6602955 0.6530559 0.6095877 0.6503004 0.6971814 0.6761685 0.6990122 0.6916115 0.691518 0.7002786 0.7286224 0.7618232
0.4003676 0.3997501 0.3977886 0.3951953 0.3863554 0.367981 0.3635956 0.3743767 0.3778644 0.3890095 0.3874789 0.3957505 0.417778 0.4219837 0.4396599 0.4436672 0.4321246 0.4665511 0.4929521 0.524412 0.5123502 0.4707769 0.49819 0.5081936 0.5143994 0.5822741 0.5970487 0.4912602 0.4554349 0.4405304 0.430789 0.4624541 0.5356338 0.4894829 0.4139259 0.4440436 0.452848 0.4652462 0.487308 0.464301 0.4134381 0.4345868 0.4325253 0.476379 0.4772708 0.5044697 0.5334679 0.5773438 0.6207125 0.6847635 0.6945215 0.6825117 0.6392589 0.5832855 0.6362001 0.6822823 0.6731848 0.6886289 0.7024007 0.7106982 0.7067997 0.7447251
0.3979475 0.395995 0.3947939 0.3909386 0.3812433 0.3628621 0.3617792 0.3696737 0.3688124 0.3676611 0.372503 0.3766056 0.4037665 0.4068883 0.401993 0.4226718 0.4406348 0.49466 0.5453501 0.5394911 0.4814058 0.4791534 0.472945 0.4846408 0.5220342 0.5429302 0.5369232 0.5007163 0.4681726 0.4548703 0.461385 0.4223245 0.5207002 0.5183505 0.4705622 0.4563567 0.4454797 0.4423212 0.4408133 0.426439 0.3921916 0.3913723 0.427931 0.4968174 0.4953887 0.4997023 0.4909006 0.5374929 0.589681 0.6351883 0.6535468 0.6478264 0.6459307 0.6117263 0.5834345 0.6232426 0.6618203 0.6815565 0.6913184 0.7119145 0.7103494 0.7223569
0.3952036 0.3929058 0.3899758 0.3858669 0.3763041 0.3680237 0.3676223 0.3616593 0.3578196 0.372548 0.3733021 0.395563 0.4002162 0.3669624 0.3871225 0.4299034 0.4554158 0.4707666 0.4579828 0.4717816 0.4317397 0.4359735 0.4691964 0.4981226 0.5260346 0.5596423 0.5224066 0.5169441 0.4923073 0.4258774 0.422592 0.4181255 0.4442863 0.4535418 0.4377027 0.4175228 0.4262438 0.4291649 0.4062517 0.4302265 0.4110221 0.4121059 0.4469688 0.4685936 0.4775806 0.4875962 0.4712917 0.5152376 0.5635634 0.5911734 0.6230779 0.6287699 0.6077 0.6048341 0.5876022 0.5948855 0.6168798 0.6565875 0.6914068 0.6903408 0.7033532 0.7017879
0.3905898 0.3892975 0.3863241 0.3791855 0.3596109 0.3751878 0.3866051 0.3793432 0.3798353 0.3928365 0.3935173 0.3931421 0.3794806 0.3415979 0.3752149 0.4062985 0.4519556 0.4510315 0.4326545 0.4333134 0.417363 0.4016786 0.4396221 0.4890266 0.4776007 0.5108611 0.5370129 0.5196194 0.4765149 0.4827982 0.4897673 0.4471149 0.4321078 0.4194911 0.4144332 0.4110541 0.4177923 0.4069946 0.4022689 0.4117385 0.4252779 0.4445303 0.4743653 0.4726668 0.4729322 0.4661498 0.4813123 0.4725579 0.5276492 0.5759878 0.5937161 0.5896833 0.591268 0.5901307 0.5729876 0.5811071 0.5951719 0.6153939 0.6615729 0.6790376 0.6887435 0.6926266
0.3888634 0.3881678 0.3867668 0.3789288 0.3579678 0.3709244 0.3934287 0.389252 0.3928694 0.4313465 0.4451846 0.4303388 0.4194837 0.3719571 0.359792 0.4015605 0.4325778 0.4315004 0.4012912 0.3871543 0.3871191 0.4296849 0.4227352 0.4186173 0.4235464 0.4429759 0.4708709 0.4870721 0.4724609 0.5129126 0.5178553 0.4939702 0.4767815 0.4422543 0.3992208 0.3965061 0.3990589 0.401084 0.4010866 0.4167072 0.4406808 0.4271185 0.4337843 0.4308196 0.4407584 0.4581276 0.4497848 0.468609 0.4921837 0.5538051 0.5493382 0.5591893 0.5702077 0.5567916 0.5544775 0.5592914 0.5734387 0.5955095 0.6189653 0.6567789 0.6657611 0.6817272
0.3890889 0.3870296 0.3845747 0.3795569 0.3615015 0.3696219 0.3778354 0.3907091 0.3946049 0.4148631 0.4628644 0.4542885 0.4204191 0.3812123 0.3642436 0.3473923 0.3777312 0.3794021 0.4070195 0.4187943 0.4029068 0.4026439 0.3941089 0.3592486 0.375999 0.388099 0.4022983 0.4288204 0.4258017 0.4852553 0.5118822 0.5135722 0.5220088 0.4512833 0.398479 0.3874067 0.3689016 0.3649023 0.3733715 0.390414 0.3983901 0.4004323 0.4097043 0.4139932 0.4215956 0.4165139 0.4320799 0.4543348 0.4948816 0.5258052 0.5194969 0.5260665 0.5316542 0.5401679 0.5438329 0.5487546 0.5553404 0.5649036 0.5951541 0.6231931 0.6452627 0.6543925
0.3888076 0.3862673 0.3834361 0.3786953 0.3652831 0.3584096 0.3827899 0.3830656 0.4009029 0.4056478 0.4527354 0.4741992 0.4547978 0.3925706 0.3510832 0.3484856 0.3669543 0.3733336 0.3890498 0.4354581 0.4020787 0.3939355 0.39432 0.3870133 0.3595023 0.384212 0.3937506 0.3954249 0.4249096 0.4583261 0.5151989 0.5014935 0.4824589 0.4391056 0.4070966 0.3835665 0.3579656 0.360574 0.3704323 0.3765807 0.382959 0.3903294 0.3900921 0.39681 0.4138389 0.4131139 0.4286261 0.4495859 0.4773789 0.4831634 0.496584 0.4986828 0.5013913 0.5227646 0.540711 0.5438495 0.5486349 0.5525728 0.5678269 0.5902998 0.6222289 0.6319878
0.3852188 0.3834542 0.3803851 0.3750474 0.364813 0.3511158 0.3685085 0.4013832 0.3992368 0.3943044 0.4075725 0.4255639 0.4278287 0.3851167 0.3552902 0.3756562 0.3748643 0.4148882 0.4246354 0.3960104 0.3786657 0.3541154 0.3578729 0.3518862 0.3285246 0.3570565 0.3674486 0.3659773 0.3894961 0.4061114 0.4374711 0.4452371 0.4420989 0.4312941 0.4150609 0.3857504 0.3596721 0.3471861 0.3473632 0.3465508 0.362102 0.3712062 0.3788079 0.3880067 0.4015743 0.42292 0.4368495 0.4494139 0.4623102 0.46727 0.4735934 0.4809447 0.4844522 0.4994773 0.5212731 0.5339829 0.5449154 0.5492915 0.5467458 0.5650136 0.5855556 0.5928628
0.3789641 0.3773795 0.3748207 0.370997 0.3651138 0.3557926 0.3427142 0.3697643 0.3926002 0.3997362 0.3802292 0.3736 0.3548833 0.3486094 0.3452169 0.347956 0.3595729 0.3960129 0.460827 0.4519036 0.4116251 0.3859794 0.3562322 0.3324926 0.316962 0.330726 0.3542414 0.3561417 0.3573361 0.3763182 0.3746337 0.4112565 0.425973 0.4145434 0.379595 0.3593904 0.3608412 0.3443312 0.3476222 0.36069 0.377954 0.3930874 0.4082727 0.4172941 0.4263125 0.4348752 0.4385784 0.4418752 0.4437705 0.4520549 0.4644854 0.4723431 0.4794764 0.4848885 0.498159 0.5196936 0.5358844 0.5472803 0.5493118 0.5480475 0.5559145 0.5739715
0.3751239 0.3724845 0.3695869 0.3672639 0.3631066 0.3567168 0.3478317 0.335352 0.3526891 0.363539 0.3763938 0.3694392 0.3514676 0.3442595 0.3519383 0.349645 0.3451789 0.3561509 0.3742143 0.3786005 0.383847 0.381115 0.3590955 0.3378369 0.3238705 0.3146967 0.3535489 0.3475354 0.3470235 0.3638852 0.3719376 0.3747332 0.3750279 0.3584557 0.3464585 0.3362217 0.3384289 0.3397223 0.3515168 0.3631208 0.3700554 0.3811165 0.3931167 0.4053798 0.4154059 0.4248739 0.4312474 0.437589 0.4397039 0.4442774 0.4548337 0.4652294 0.4735695 0.480018 0.4880871 0.5016872 0.5294352 0.5451613 0.5525532 0.5467527 0.5447268 0.5387233
0.3702609 0.3667257 0.3650113 0.3630826 0.3603267 0.3559986 0.3516854 0.3443668 0.3318942 0.3334005 0.3508863 0.3592238 0.3632898 0.3631742 0.3568526 0.3586152 0.3532559 0.3534271 0.357297 0.3539516 0.3425173 0.3366186 0.3422199 0.3297422 0.3236885 0.3406646 0.3567476 0.3436472 0.3347327 0.3516389 0.3599314 0.335436 0.3260621 0.3203267 0.3203578 0.316139 0.3181786 0.3345249 0.3509949 0.3656193 0.384243 0.392376 0.3975532 0.4040342 0.4094245 0.416598 0.4215803 0.4274377 0.4319704 0.4355484 0.4492502 0.4535324 0.4679931 0.4765106 0.4850275 0.4961951 0.5268667 0.5349472 0.5437269 0.5466799 0.5442908 0.5337845
0.3651001 0.3626684 0.3610774 0.3590781 0.3568222 0.3540874 0.3507261 0.3478508 0.3428565 0.3319209 0.3226725 0.3173507 0.3317687 0.3365637 0.3363205 0.3480901 0.3508476 0.3552034 0.3526355 0.3612771 0.342554 0.3367282 0.342237 0.34124 0.3437622 0.3503087 0.3514695 0.3455835 0.3441163 0.3543501 0.3475939 0.3359416 0.3255298 0.3147835 0.3134325 0.3153715 0.3190846 0.3259822 0.3416257 0.3596649 0.3758652 0.3910276 0.396977 0.3990527 0.4047746 0.4103454 0.4085932 0.4125021 0.4175791 0.4265188 0.4381369 0.4516719 0.4532128 0.4755997 0.4861327 0.5132663 0.5440947 0.5382297 0.5316888 0.5426444 0.5455883 0.5363083
0.3612874 0.3614177 0.3581839 0.3568955 0.355099 0.3526442 0.3500026 0.3468584 0.344736 0.3405834 0.3335298 0.3272581 0.3202707 0.3141544 0.3220702 0.328185 0.3226794 0.326841 0.3326074 0.3362397 0.3479828 0.3483759 0.3390437 0.3479472 0.352629 0.3396326 0.3501303 0.3617379 0.369008 0.3669183 0.3618438 0.3538372 0.3377722 0.3225875 0.313681 0.3150301 0.3149494 0.3205272 0.338492 0.3592936 0.3696062 0.3821557 0.3934557 0.3973782 0.3983014 0.4028965 0.4054286 0.4027506 0.4088327 0.4173696 0.4294038 0.4418668 0.447018 0.4736193 0.4771762 0.4999786 0.5148999 0.5223642 0.5212625 0.5170467 0.5174038 0.5139214
0.3548827 0.3504586 0.356495 0.3555157 0.353154 0.3507614 0.3481194 0.3449058 0.3413541 0.3384301 0.3351149 0.3339199 0.3312078 0.3300874 0.3286009 0.3246813 0.3197188 0.3167444 0.3168567 0.3208821 0.3197787 0.3177192 0.3197097 0.3207552 0.3218831 0.3353433 0.3526174 0.3662288 0.3815112 0.3776425 0.3768855 0.3659206 0.3531541 0.3340286 0.318847 0.3147693 0.3157547 0.3231733 0.3305774 0.3502002 0.3680837 0.378325 0.3872243 0.3940895 0.3930711 0.3948891 0.3990701 0.3992778 0.4012452 0.4124739 0.4272682 0.4251239 0.4421497 0.4579057 0.4728296 0.4860682 0.4992566 0.5080851 0.508706 0.5025624 0.4965322 0.4919223
