project/src/data/BOM_climate/rainfall_variability/varan.txt
ncols         178
nrows         139
xllcorner     111.875
yllcorner     -44.625
cellsize      0.25
NODATA_value  -9999
[rows 0 to 26 of 139, columns 62 to 123 of 178]
0.5314015 0.5177187 0.5242478 0.5457412 0.5494848 0.538482 0.5249805 0.5150351 0.5088336 0.5031213 0.5015862 0.5032067 0.503014 0.4901916 0.4767359 0.4513776 0.4357106 0.4706636 0.4790921 0.4966545 0.4963076 0.4948992 0.4930741 0.4970049 0.5139394 0.5212007 0.5275954 0.5436663 0.5405847 0.5337879 0.5373706 0.5477449 0.5502878 0.5470592 0.5718661 0.5656872 0.5950834 0.6063768 0.5850084 0.5557117 0.5576611 0.5506916 0.5479615 0.5294833 0.5235828 0.509671 0.4987294 0.4895858 0.4833668 0.4695918 0.4737426 0.4768191 0.4860885 0.4945996 0.5102885 0.5135254 0.5300044 0.5448282 0.5169238 0.5056986 0.5323232 0.5415961
0.523742 0.506139 0.5202449 0.546032 0.5365853 0.5257782 0.520003 0.5146374 0.5076845 0.5088344 0.5274837 0.5314361 0.5209932 0.5168294 0.4961335 0.4748011 0.483417 0.5208851 0.5194879 0.5117288 0.522051 0.5311108 0.5331439 0.5287984 0.5323389 0.5446998 0.5405474 0.5412146 0.5457438 0.5299575 0.5400994 0.5583646 0.5643256 0.5605767 0.5717832 0.6141365 0.6167654 0.6257676 0.6029263 0.5931429 0.5838431 0.555178 0.5604028 0.5486712 0.5308209 0.520291 0.497736 0.4813315 0.4671252 0.460708 0.4663826 0.4859491 0.4863229 0.4972095 0.5057108 0.5213885 0.511933 0.4916427 0.4903581 0.4989901 0.5140287 0.5228077
0.5073332 0.4863499 0.5217052 0.5254776 0.5193224 0.5218655 0.5204746 0.5160671 0.5132366 0.5385863 0.5526356 0.5581869 0.5393192 0.5318667 0.5202922 0.4939224 0.4992439 0.5322832 0.5495376 0.5464054 0.5601574 0.5482978 0.5405995 0.5586964 0.5731931 0.5877634 0.5714823 0.553123 0.5467541 0.5258783 0.5600054 0.5791116 0.5805302 0.5769317 0.6043866 0.6345784 0.6298543 0.633045 0.615459 0.6184344 0.6110091 0.5656937 0.5475643 0.5459051 0.5379997 0.5223162 0.4970412 0.4702267 0.4661853 0.4659234 0.4783286 0.4950517 0.4952286 0.5117154 0.521889 0.5121467 0.4941956 0.477046 0.4973212 0.509689 0.5368363 0.5201256
0.4948882 0.4859022 0.5070791 0.5070257 0.5121155 0.5174664 0.5224824 0.5182741 0.5299315 0.5722346 0.5807306 0.580798 0.5677997 0.5476096 0.529937 0.5058605 0.5063048 0.5267717 0.5668085 0.5686762 0.6002056 0.5593567 0.5648959 0.5807828 0.6080264 0.6436207 0.6352093 0.5882851 0.5419834 0.5598712 0.5903426 0.6065949 0.6145905 0.6100983 0.6310937 0.6632262 0.6613047 0.6468161 0.635679 0.6407083 0.6402701 0.5844842 0.5529085 0.5374478 0.5402018 0.5315514 0.4969868 0.4715368 0.4751193 0.4769328 0.4941838 0.5085439 0.5074667 0.4980534 0.5094443 0.4924321 0.4762807 0.4814278 0.5107603 0.5268435 0.5246046 0.5285208
0.4836371 0.4853045 0.4876096 0.4949784 0.5019783 0.5103958 0.5180751 0.5173252 0.5558239 0.5853192 0.6053787 0.6173362 0.6066374 0.5782816 0.5289998 0.5113478 0.5063336 0.514614 0.5537296 0.5521277 0.5925876 0.5682444 0.6048637 0.6119909 0.6711389 0.6805937 0.6789634 0.6420554 0.603519 0.6185074 0.6535016 0.6843081 0.690547 0.6790333 0.6395482 0.6756713 0.6827518 0.6497725 0.6409631 0.6510625 0.618275 0.6051369 0.5691295 0.5416771 0.541301 0.5338652 0.4926098 0.4813305 0.4802177 0.4816281 0.4909151 0.4857431 0.4845014 0.4841232 0.4987338 0.4964308 0.4733876 0.4765333 0.477574 0.5044042 0.517711 0.4976029
0.4753112 0.4696899 0.4736945 0.4862936 0.4947484 0.5042994 0.5175135 0.5216311 0.5522739 0.5994017 0.6329126 0.6305338 0.6297068 0.6010512 0.5285454 0.4960698 0.4907544 0.496282 0.5023255 0.5321049 0.5546039 0.5552607 0.5821597 0.6886738 0.7421406 0.7313343 0.6883215 0.6762149 0.6433539 0.6468394 0.7077292 0.7288525 0.7382066 0.7091596 0.6603734 0.6182395 0.6639935 0.65363 0.6813157 0.6426057 0.6063607 0.5882088 0.5709181 0.5532722 0.5316533 0.521066 0.499242 0.4680741 0.4771109 0.4747667 0.4719039 0.4671123 0.4551072 0.4536381 0.4552372 0.4641797 0.4701142 0.4763712 0.4924384 0.5081589 0.521489 0.5151186
0.4722776 0.4614282 0.458635 0.4729654 0.4876619 0.5031294 0.5186733 0.5366373 0.5507692 0.5694691 0.6324502 0.6318339 0.6164668 0.5950941 0.5653714 0.5048689 0.435446 0.4435265 0.4366742 0.483211 0.4944023 0.5451539 0.6264873 0.6466751 0.7155155 0.7332612 0.6755732 0.6900578 0.6479942 0.6705267 0.7431656 0.7781461 0.7586337 0.7356341 0.6666116 0.6175227 0.6454414 0.6346194 0.7054275 0.6910943 0.6453662 0.6030357 0.563456 0.5617716 0.5212241 0.5129749 0.4970908 0.473035 0.4644205 0.4564478 0.4533218 0.4501452 0.4466332 0.4666507 0.4783672 0.4994466 0.5124488 0.4967133 0.4385212 0.4572039 0.5013433 0.5087466
0.4706991 0.4574273 0.456222 0.4624775 0.4725189 0.4944592 0.5153285 0.5447506 0.5513225 0.5537214 0.5838613 0.6169319 0.6095944 0.5695352 0.5172946 0.503581 0.4695085 0.4205378 0.4166162 0.4460624 0.4832548 0.5214955 0.5899954 0.6190326 0.6784661 0.7145415 0.6902786 0.6605523 0.6495098 0.7139204 0.7908404 0.7982117 0.7669203 0.7392511 0.6777957 0.648365 0.6643125 0.7178757 0.748364 0.7355449 0.6928696 0.6340054 0.5792938 0.5548432 0.51767 0.5006608 0.4910311 0.4766413 0.4638269 0.4503576 0.4461925 0.4488355 0.4546892 0.4962617 0.5049501 0.5385979 0.5314694 0.5421319 0.5003805 0.4681286 0.4981986 0.5096762
0.4843924 0.4506718 0.4578763 0.4557885 0.4646717 0.4846921 0.5129778 0.5283545 0.5301426 0.5450397 0.5417103 0.546891 0.533852 0.512885 0.4849578 0.4561395 0.4385432 0.4194137 0.4103543 0.4626119 0.4988029 0.5074545 0.5376821 0.5686431 0.6597211 0.6389859 0.6409829 0.6465979 0.6653113 0.7521731 0.8128272 0.8020134 0.7717292 0.7628963 0.6986862 0.6880074 0.7103102 0.7885032 0.8011397 0.7761213 0.7442432 0.6904424 0.6123168 0.5585216 0.5225123 0.4898936 0.506968 0.5035557 0.4795615 0.455569 0.4454454 0.4478431 0.4775638 0.4902444 0.5108038 0.5470802 0.5463657 0.5347775 0.5514989 0.486353 0.4750761 0.4952671
0.5132491 0.4873739 0.4597729 0.4581598 0.4526896 0.4728802 0.5089603 0.5164059 0.5047403 0.5134752 0.5359327 0.5303971 0.536353 0.5637921 0.5419106 0.4848429 0.438016 0.4459658 0.4332604 0.4914839 0.5129098 0.523777 0.5449159 0.5757774 0.5795555 0.6104071 0.5890283 0.6368572 0.6877812 0.7755252 0.7908547 0.8114665 0.7806172 0.7755846 0.7232296 0.7143552 0.7317933 0.7672229 0.7999251 0.8085406 0.7650899 0.7162459 0.6248187 0.5676593 0.5276424 0.5081164 0.5101845 0.5113307 0.4872391 0.4669693 0.4614018 0.4571429 0.4875269 0.4883493 0.5377665 0.5428249 0.5539093 0.5396229 0.4985022 0.473379 0.4932399 0.5486343
0.5439548 0.5171853 0.4997534 0.4706066 0.4614522 0.4700179 0.5076346 0.5113466 0.5022755 0.526412 0.5184823 0.5230845 0.5433182 0.5944977 0.5273613 0.4949389 0.491143 0.491569 0.4806221 0.5059245 0.5445138 0.5375854 0.5669892 0.580603 0.6094248 0.6042362 0.5597929 0.6017897 0.7019922 0.7640787 0.7922979 0.7815645 0.7670454 0.7636759 0.7526504 0.7283258 0.7510057 0.7954682 0.8203042 0.8150902 0.784128 0.7237617 0.6361104 0.5590588 0.5251942 0.51875 0.5376196 0.524977 0.5088621 0.4988262 0.4895896 0.4919954 0.4797556 0.4987375 0.5654438 0.5862887 0.590201 0.5740856 0.5397166 0.4627666 0.5182618 0.5662083
0.5756897 0.5508509 0.524911 0.512373 0.486063 0.4740242 0.4902781 0.5053183 0.5138952 0.5083865 0.5140676 0.5208085 0.5231239 0.5301474 0.520638 0.5178144 0.480131 0.4919034 0.4754004 0.5012137 0.5496114 0.561703 0.5650319 0.5973115 0.5712892 0.5919682 0.5798789 0.5758209 0.6440864 0.7197069 0.780741 0.7674915 0.7690094 0.7754208 0.7627008 0.753786 0.7960635 0.8031177 0.8167986 0.8010083 0.7744175 0.7143758 0.6527576 0.5914391 0.5259825 0.5168686 0.5409266 0.5290821 0.5271983 0.521335 0.5131658 0.515716 0.5228403 0.5476739 0.5732308 0.6046001 0.6094276 0.6143991 0.5550224 0.4866872 0.4668002 0.5376152
0.5950251 0.566348 0.5584664 0.5414481 0.5170746 0.5073268 0.4969143 0.498525 0.5115219 0.477924 0.5025861 0.529179 0.530477 0.5142208 0.5116581 0.5039738 0.4723938 0.4985321 0.4820904 0.5149727 0.5203137 0.5414047 0.5554623 0.5493981 0.5525262 0.5441049 0.5685421 0.5684968 0.5805393 0.6417087 0.6922434 0.7407642 0.7709696 0.7771317 0.7854892 0.8118891 0.8426314 0.8813718 0.8512597 0.8317741 0.8095735 0.7326418 0.662511 0.6010165 0.5591848 0.5298522 0.5346324 0.5220265 0.5266033 0.5221574 0.518409 0.5204864 0.5687319 0.597704 0.6046272 0.6208493 0.609681 0.5919137 0.5580776 0.5004646 0.4971589 0.5380167
0.628974 0.5742434 0.5651691 0.5701795 0.5649298 0.5596206 0.5657267 0.5508716 0.5048842 0.5233395 0.5058433 0.4942732 0.4963196 0.518424 0.5234126 0.5057122 0.4771207 0.5184798 0.5172095 0.4955083 0.5242807 0.527185 0.5408977 0.5502366 0.5436614 0.5573387 0.5711761 0.5768253 0.5720413 0.5928097 0.6495268 0.7014399 0.7546188 0.7585527 0.8257515 0.8873165 0.884417 0.9260164 0.918871 0.8860075 0.8410906 0.7762347 0.6965053 0.6261516 0.5796159 0.5391656 0.5278471 0.5122669 0.510745 0.5135391 0.5064829 0.5389094 0.5943329 0.6365557 0.6350958 0.663273 0.6442586 0.6040831 0.571635 0.5357672 0.5408558 0.5864473
0.6712269 0.6252511 0.5870005 0.5823737 0.5827464 0.6142917 0.6492935 0.6256486 0.5760609 0.5047588 0.5122699 0.5002273 0.5009041 0.4972791 0.4683816 0.4898186 0.5209322 0.5487787 0.5111517 0.5143509 0.5545555 0.5441787 0.5350603 0.5189601 0.5512156 0.5681211 0.5870946 0.6058066 0.5921959 0.6133032 0.6115157 0.683734 0.7495091 0.8131524 0.905426 0.9265642 0.9512422 0.9980434 0.9958792 0.9400551 0.8961707 0.8238176 0.7231905 0.6520086 0.597728 0.5464805 0.516756 0.5020047 0.5003001 0.5029514 0.5233411 0.5504163 0.603746 0.6655339 0.6418568 0.6926398 0.6841189 0.6454148 0.5840258 0.5735845 0.5948278 0.6286611
0.7169813 0.6552052 0.6164672 0.6265449 0.6432548 0.7061757 0.7093245 0.7116464 0.6735374 0.5948266 0.5172741 0.4980285 0.5134948 0.5102557 0.4918705 0.5033094 0.5464287 0.5369121 0.5457995 0.5293515 0.564968 0.56037 0.5500329 0.5718755 0.5782748 0.6066096 0.6196524 0.660342 0.6769441 0.7125666 0.700906 0.740554 0.7600397 0.8122439 0.9038945 0.9276366 0.9728206 0.9947634 1.041291 1.022206 0.945603 0.8555233 0.7420196 0.6728609 0.6043083 0.5450151 0.5193761 0.5196357 0.5074896 0.5175982 0.5294326 0.5570053 0.5975296 0.658804 0.666021 0.6720224 0.6814139 0.6596502 0.6066365 0.5839446 0.60588 0.6389537
0.7555007 0.6931142 0.6432192 0.6446388 0.6743758 0.7401974 0.7783622 0.7709346 0.7210165 0.6405042 0.5543204 0.5149145 0.5082052 0.4979752 0.4766482 0.5326765 0.5647264 0.5380275 0.5173718 0.5324711 0.5279825 0.5423149 0.5798053 0.5903117 0.5777855 0.5962234 0.6299213 0.7048767 0.7570403 0.772224 0.7503602 0.8088739 0.8199056 0.8297437 0.8436468 0.9117907 0.9570041 0.9809843 1.043986 1.033753 0.9759048 0.8838767 0.7465041 0.6850724 0.5916753 0.5658498 0.5528261 0.5237667 0.5072135 0.5058842 0.531877 0.5508832 0.584778 0.6411272 0.6882074 0.6778336 0.6295679 0.6019342 0.5770765 0.5775152 0.6368315 0.6947461
0.7550844 0.7166188 0.6781951 0.6615875 0.6710472 0.7138833 0.7803326 0.8167878 0.7498705 0.6826711 0.592309 0.5133732 0.5035565 0.4840249 0.4744116 0.5253064 0.5611176 0.53905 0.5435244 0.5589237 0.5558565 0.5360121 0.584999 0.654618 0.6268337 0.6210312 0.6708068 0.7183036 0.7868247 0.8081175 0.7686629 0.8363813 0.8737097 0.8657662 0.870558 0.8516662 0.89841 0.9412245 0.976301 1.007003 0.9504784 0.849007 0.7399524 0.6619642 0.6248736 0.6003261 0.5769245 0.5560642 0.5391029 0.531054 0.5331553 0.5554453 0.5884962 0.6227868 0.6495383 0.667437 0.6283625 0.6070755 0.5742531 0.5520874 0.6244113 0.6382313
0.7758196 0.7335041 0.7154897 0.6848104 0.6624575 0.6910955 0.747148 0.7938411 0.759303 0.700914 0.59084 0.546401 0.492274 0.5074559 0.5099706 0.5356587 0.5747072 0.5600882 0.5796118 0.6188421 0.5648967 0.5676041 0.6421376 0.7053431 0.6704691 0.6627975 0.7069736 0.7409742 0.78906 0.8357596 0.837 0.8513151 0.8821371 0.8926134 0.8937691 0.8606313 0.8099931 0.8805955 0.8842841 0.8962488 0.8820892 0.8126407 0.7332154 0.6781181 0.6468857 0.6281354 0.6137025 0.5891731 0.583768 0.5712913 0.5517895 0.5438762 0.5813766 0.6393629 0.6449976 0.6376984 0.6552762 0.6425084 0.6169845 0.5877053 0.6159754 0.6027657
0.7960939 0.8126453 0.7661881 0.6992646 0.6749241 0.6882924 0.7350894 0.7452188 0.7485971 0.7053474 0.6056281 0.5439028 0.5492471 0.5399008 0.5489038 0.5854747 0.6254472 0.6231011 0.5875853 0.5936024 0.5841896 0.6410387 0.6971928 0.7336186 0.6889569 0.7084017 0.7649153 0.7868556 0.791867 0.8150636 0.8367994 0.8688463 0.8905578 0.8730406 0.8405084 0.8099049 0.805634 0.8198165 0.862913 0.8597876 0.823432 0.7718403 0.7219026 0.6751513 0.6605193 0.6479457 0.6501877 0.6325693 0.6170613 0.6049091 0.5925404 0.5701124 0.6087826 0.6418392 0.6540301 0.6613351 0.6414868 0.6142395 0.6203353 0.5852456 0.5828297 0.6470888
0.7918894 0.7669554 0.7624693 0.6704441 0.6794273 0.6919709 0.732446 0.7588753 0.7512712 0.7203777 0.6636981 0.6224057 0.5871303 0.5743404 0.6079943 0.6739209 0.6857406 0.6602479 0.6339749 0.6077864 0.6109752 0.6321554 0.703118 0.7181477 0.7636651 0.7235458 0.7698509 0.812271 0.8156832 0.845707 0.844282 0.8673521 0.8488095 0.8153297 0.7837814 0.7595111 0.7705054 0.7876488 0.7996517 0.8227955 0.7847201 0.7187367 0.7030721 0.7039956 0.6714954 0.6598875 0.6487951 0.6465646 0.6458384 0.6368741 0.6290582 0.5956533 0.6239653 0.6662239 0.6844952 0.6960028 0.6651666 0.6583285 0.6415446 0.6378779 0.6168327 0.6376782
0.7740343 0.7892832 0.7313831 0.6761377 0.6624396 0.6681463 0.6927872 0.7578329 0.7468633 0.7038416 0.6823805 0.6280774 0.6169087 0.6204445 0.6401288 0.7219666 0.7442371 0.7078006 0.6802303 0.6249856 0.6187552 0.6732144 0.7118933 0.738923 0.7727396 0.7846863 0.8153767 0.8373288 0.8189028 0.8295342 0.8302016 0.8203986 0.8092189 0.8072146 0.8514124 0.883118 0.8428091 0.8299881 0.8635457 0.8246675 0.7889931 0.7551275 0.7395544 0.7059311 0.7074376 0.6787232 0.6472462 0.6329378 0.6263301 0.6382632 0.6446769 0.6344781 0.6725395 0.7154027 0.7265502 0.7156789 0.7024513 0.7413799 0.733302 0.7140186 0.7038838 0.6801912
0.8213573 0.7688671 0.6986715 0.6875291 0.6496832 0.6418904 0.6423604 0.6991704 0.7113644 0.6519147 0.6754641 0.6229716 0.628391 0.631462 0.6829265 0.7009528 0.7828764 0.7567082 0.7403502 0.6845162 0.6750524 0.6908588 0.736592 0.755558 0.7990317 0.7687661 0.7721986 0.8013412 0.8255936 0.8288203 0.820528 0.7891563 0.7705428 0.7927614 0.816568 0.8751608 0.9055074 0.9004737 0.8990259 0.8275389 0.8354113 0.8087783 0.7474581 0.7242194 0.7465281 0.7356501 0.6805285 0.6409532 0.6290604 0.6464685 0.6414252 0.674509 0.7378781 0.731973 0.7576328 0.7656678 0.7883348 0.7954527 0.7446022 0.766503 0.7044713 0.7244356
0.7807557 0.7307246 0.6684772 0.6552476 0.6128121 0.6588501 0.6924219 0.6714793 0.6681628 0.6383861 0.6872717 0.6789258 0.619787 0.6345013 0.6846622 0.7403157 0.7699761 0.8039751 0.75664 0.7129473 0.723448 0.7297825 0.7510282 0.7436974 0.7766329 0.8362613 0.8019787 0.796766 0.83944 0.8259426 0.8150722 0.8274942 0.7861738 0.8014495 0.8290203 0.9003071 0.9045538 0.9349462 0.9030396 0.8571159 0.8555927 0.8287076 0.7618718 0.7408897 0.7544412 0.7590884 0.7177526 0.6974132 0.7005363 0.6542096 0.6516753 0.6977347 0.7629683 0.7479621 0.7361183 0.7431353 0.7709073 0.7784806 0.7442422 0.7820598 0.7595407 0.7683492
0.7640052 0.741767 0.705727 0.66784 0.6319621 0.6660637 0.6722461 0.6670271 0.6648834 0.6465493 0.6149862 0.6393618 0.6179941 0.6556797 0.6685435 0.7124885 0.7312283 0.7384692 0.7176191 0.7267693 0.693699 0.7113799 0.755003 0.7213326 0.7498512 0.813683 0.8447908 0.8542981 0.8574947 0.8515031 0.7900248 0.8226299 0.850192 0.8296621 0.8599191 0.9074886 0.9208941 0.8903897 0.8629326 0.8358832 0.8326799 0.8361417 0.7831124 0.79298 0.8223394 0.7948152 0.7861916 0.7547215 0.7506425 0.7027711 0.6684731 0.6865022 0.7375844 0.7782995 0.7769104 0.7719548 0.7694939 0.7614775 0.7650018 0.7982684 0.8059267 0.8012506
0.7576238 0.7880371 0.7471291 0.6945189 0.6498768 0.6330261 0.6464342 0.6100345 0.6391045 0.6200637 0.6464676 0.6334304 0.6625692 0.6754081 0.7495966 0.7674549 0.7268298 0.6978197 0.6996411 0.7055084 0.704519 0.7405871 0.7534698 0.734319 0.7511091 0.8254062 0.8371692 0.8403708 0.8561555 0.8722275 0.8062676 0.8570753 0.89675 0.9078615 0.9034437 0.8969525 0.8977095 0.8740289 0.8346866 0.8304378 0.8167703 0.8177677 0.7975968 0.8389453 0.8316879 0.8361944 0.8418936 0.8378308 0.780804 0.7199064 0.7031412 0.7543801 0.7925316 0.8497354 0.860201 0.8677236 0.8980866 0.8647035 0.8441539 0.8414426 0.8609106 0.8261121
0.7873642 0.7726619 0.7797549 0.7608664 0.7155529 0.6828775 0.6480433 0.6345441 0.6889616 0.7095931 0.7016406 0.7374535 0.746818 0.7956753 0.8270113 0.8025215 0.7510075 0.7439969 0.7927873 0.7295825 0.7109166 0.7543891 0.8133424 0.7762598 0.7743359 0.8385587 0.8894466 0.8978698 0.9058082 0.9391638 0.8969288 0.8711223 0.86581 0.9090034 0.930126 0.9282508 0.8920469 0.8348088 0.7705429 0.733225 0.8105949 0.8390941 0.8651786 0.8578191 0.8496011 0.8501316 0.859793 0.8374999 0.7912628 0.707047 0.7316091 0.7903733 0.8468177 0.8912429 0.871884 0.8601019 0.8824071 0.9123893 0.8389141 0.8265197 0.8596281 0.8316219
