project/src/data/BOM_climate/rainfall_variability/varan.txt
ncols         178
nrows         139
xllcorner     111.875
yllcorner     -44.625
cellsize      0.25
NODATA_value  -9999
[rows 54 to 80 of 139, columns 0 to 61 of 178]
1.28509 1.321992 1.361387 1.370405 1.38767 1.467952 1.425837 1.376482 1.379182 1.314223 1.286019 1.257011 1.210806 1.286837 1.222275 1.18786 1.229272 1.177058 1.229554 1.394814 1.392924 1.391595 1.376378 1.232349 1.288094 1.237278 1.227112 1.206569 1.204505 1.190611 1.304878 1.337914 1.37555 1.441148 1.501481 1.528038 1.467476 1.478849 1.426475 1.409275 1.325041 1.245604 1.240355 1.179211 1.145503 1.132207 1.126809 1.140046 1.128861 1.090968 1.059582 1.008517 1.012606 0.9685435 0.9094592 0.8707176 0.87663 0.8469702 0.8545555 0.9056013 0.972761 1.007081
1.211103 1.30123 1.337036 1.352673 1.382255 1.471305 1.452902 1.367775 1.265349 1.202463 1.197494 1.137513 1.216019 1.358415 1.249169 1.231837 1.182173 1.219671 1.370044 1.430457 1.421877 1.40444 1.402758 1.26967 1.164988 1.178003 1.154633 1.139807 1.11964 1.228243 1.25179 1.396731 1.420172 1.464195 1.532646 1.576369 1.559893 1.503013 1.470013 1.410195 1.313433 1.316899 1.260652 1.203436 1.17644 1.151946 1.160116 1.163027 1.179615 1.146359 1.094553 1.032227 1.021588 0.9853353 0.9322851 0.8836437 0.890641 0.8729112 0.8357617 0.8609705 0.8961719 0.932006
1.185049 1.267244 1.2732 1.27821 1.276398 1.295166 1.369875 1.324927 1.264672 1.188647 1.142586 1.070492 1.105364 1.226521 1.210582 1.223141 1.200279 1.220574 1.307831 1.309553 1.352005 1.348508 1.252401 1.231803 1.197494 1.118867 1.180276 1.208206 1.255603 1.278391 1.243319 1.342106 1.384878 1.414719 1.458232 1.521794 1.582115 1.533496 1.455492 1.404598 1.345407 1.301151 1.223423 1.20498 1.200459 1.191053 1.198406 1.220185 1.237902 1.240777 1.18211 1.099263 1.0758 1.019027 0.9581639 0.9078975 0.8706297 0.8783492 0.8637204 0.8563879 0.8662691 0.885491
1.142534 1.170224 1.183802 1.183746 1.205664 1.138614 1.181291 1.25086 1.290531 1.310158 1.316996 1.143289 1.117896 1.10066 1.194973 1.246225 1.262689 1.283472 1.30382 1.265541 1.3402 1.334884 1.294215 1.295158 1.240946 1.237444 1.246602 1.358766 1.325849 1.425422 1.403702 1.372936 1.372654 1.387916 1.432895 1.508416 1.482164 1.447353 1.398073 1.380989 1.337083 1.280932 1.259745 1.268271 1.276267 1.269096 1.262394 1.280843 1.306991 1.306428 1.268806 1.162776 1.087897 1.039564 0.9788707 0.946204 0.8487269 0.8518296 0.8770763 0.8446518 0.8329599 0.8697191
1.046493 1.113805 1.13101 1.148352 1.12607 1.048223 1.076327 1.271141 1.254467 1.351255 1.398904 1.273772 1.13653 1.073887 1.219323 1.179256 1.293524 1.291634 1.278469 1.288012 1.363274 1.343878 1.284542 1.294241 1.344064 1.361257 1.390922 1.434867 1.435954 1.478026 1.459547 1.387242 1.391524 1.406689 1.451865 1.450744 1.450383 1.4425 1.387072 1.376706 1.392038 1.392353 1.376706 1.352652 1.338423 1.326093 1.332347 1.348951 1.349958 1.338863 1.289283 1.194842 1.110849 1.084081 1.022258 0.9568792 0.8949013 0.8468568 0.8384929 0.838047 0.8572873 0.8898184
0.9680172 1.031833 1.040023 1.04717 1.027026 0.9910805 1.112467 1.251704 1.230566 1.289699 1.306365 1.175707 1.097376 1.103619 1.080762 1.168597 1.260099 1.350566 1.342032 1.35331 1.400705 1.321054 1.311669 1.312464 1.312377 1.402068 1.418059 1.464078 1.475953 1.459174 1.418205 1.403608 1.378386 1.381264 1.330598 1.362473 1.419232 1.414024 1.422073 1.421119 1.413602 1.397536 1.399491 1.435197 1.428219 1.415393 1.421244 1.402558 1.366479 1.336253 1.316053 1.225266 1.152546 1.147711 1.08785 1.029063 0.9657517 0.8846791 0.8644133 0.8510785 0.8591748 0.9030042
0.9212371 0.9788624 0.9934589 0.9904577 0.972419 0.9584775 1.041425 1.147286 1.156424 1.306463 1.200339 1.105782 1.207912 1.26318 1.146453 1.153927 1.245503 1.378372 1.411483 1.430017 1.477957 1.48134 1.333299 1.282977 1.334792 1.388428 1.355008 1.422371 1.46834 1.505591 1.492566 1.447557 1.443562 1.420597 1.388111 1.365871 1.450912 1.40765 1.412258 1.434217 1.429473 1.422106 1.454788 1.476782 1.480337 1.441863 1.431342 1.433159 1.471296 1.395946 1.351519 1.297382 1.26317 1.20586 1.112505 1.078414 1.000251 0.9502169 0.9037176 0.879884 0.8725235 0.926836
0.9409485 0.9480293 0.9489434 0.950642 0.9235218 0.9325351 0.9592932 1.008251 1.097924 1.247847 1.250154 1.11921 1.241591 1.286946 1.167083 1.157593 1.303454 1.372223 1.376529 1.407467 1.383546 1.420192 1.304302 1.380903 1.345457 1.333333 1.318473 1.395058 1.467994 1.503944 1.538279 1.423408 1.439171 1.43997 1.393609 1.457409 1.466142 1.4407 1.439723 1.470229 1.453861 1.470708 1.506814 1.480164 1.482403 1.514455 1.497037 1.456563 1.520266 1.493704 1.396264 1.341306 1.33705 1.286992 1.188252 1.117517 1.069162 1.021276 0.9893501 0.9467278 0.9185637 0.9536419
0.8950669 0.8904699 0.8931778 0.9050627 0.8980907 0.8795681 0.915287 0.9267197 0.9971235 1.201615 1.305121 1.111148 1.113836 1.179542 1.120685 1.157442 1.317214 1.325951 1.300902 1.320024 1.370651 1.299374 1.311121 1.321041 1.309544 1.344883 1.327704 1.381653 1.481393 1.46655 1.523101 1.489965 1.457227 1.434047 1.46541 1.474115 1.468626 1.466236 1.403456 1.436311 1.4368 1.506687 1.517182 1.440873 1.497377 1.566311 1.577465 1.508131 1.575767 1.507247 1.449668 1.434725 1.420392 1.349417 1.245043 1.202639 1.148077 1.109819 1.078987 1.026307 0.9833562 0.9630075
0.8616164 0.8927584 0.9076071 0.937176 0.9386375 0.9148927 0.9357399 0.8837973 0.9654508 1.102821 1.146782 0.998745 1.046621 1.09102 1.105965 1.158683 1.263216 1.346804 1.2022 1.268478 1.282264 1.328653 1.263961 1.324476 1.306895 1.284395 1.355315 1.344427 1.403341 1.508326 1.622923 1.571636 1.521308 1.516781 1.505328 1.497595 1.569845 1.455519 1.393644 1.414995 1.41762 1.430958 1.49498 1.43909 1.495553 1.535393 1.576382 1.529862 1.585471 1.492711 1.418239 1.446772 1.457423 1.351833 1.31034 1.253398 1.25215 1.139462 1.097545 1.068768 1.03734 1.004794
0.8742663 0.8640826 0.9081089 0.9332299 0.9503262 0.947536 0.8868052 0.9057221 0.9490089 1.033961 1.027015 0.9730809 1.008813 1.098014 1.119674 1.227698 1.283094 1.270201 1.230378 1.25473 1.300339 1.371747 1.300357 1.295832 1.291573 1.263027 1.321896 1.271629 1.327621 1.512487 1.578042 1.506831 1.512868 1.516339 1.542663 1.506559 1.528577 1.511325 1.480074 1.443396 1.474189 1.434976 1.537332 1.498826 1.490161 1.521471 1.514129 1.556685 1.569792 1.452071 1.423862 1.453953 1.473226 1.383094 1.330824 1.312293 1.285086 1.21777 1.098422 1.069855 1.04086 1.023127
0.8439431 0.8440084 0.8764272 0.9049978 0.9080278 0.8867245 0.8876547 0.8606392 0.9298765 1.083428 1.08005 1.030221 1.034995 1.045499 1.115103 1.216717 1.232384 1.205477 1.23149 1.279506 1.252862 1.310194 1.339005 1.35777 1.420008 1.296459 1.306434 1.266347 1.285281 1.369271 1.410425 1.401581 1.472882 1.450313 1.474279 1.510226 1.490324 1.441501 1.454598 1.483564 1.486589 1.447825 1.521131 1.535726 1.499868 1.578616 1.571444 1.597368 1.581897 1.455198 1.490246 1.498311 1.494197 1.462044 1.396914 1.364515 1.277526 1.265567 1.140756 1.083043 1.049142 1.026055
0.8044469 0.8122367 0.8567459 0.8573459 0.8616644 0.8599489 0.8262788 0.8202906 0.8839162 1.022193 1.024923 1.021288 1.028539 1.020485 1.101797 1.123534 1.137672 1.136234 1.14841 1.121317 1.105271 1.133188 1.153283 1.146781 1.195468 1.2605 1.353368 1.334333 1.266367 1.29333 1.362762 1.360223 1.438741 1.431413 1.404645 1.399515 1.371289 1.373266 1.418415 1.488485 1.505995 1.490028 1.519944 1.500849 1.572158 1.630236 1.64048 1.618202 1.516504 1.505713 1.488481 1.483514 1.505172 1.50281 1.467161 1.392973 1.304127 1.252612 1.197327 1.122877 1.069499 1.028276
0.7299957 0.7634096 0.7856923 0.8083906 0.8125188 0.8005423 0.7788092 0.7755732 0.7773092 0.8505472 0.8894945 0.9257578 0.9790723 0.9570742 0.9969153 1.031292 1.080716 1.119422 1.048995 1.002963 0.973021 1.064774 1.082924 1.02579 1.09003 1.275123 1.315763 1.423944 1.240096 1.222329 1.266817 1.323406 1.351041 1.324139 1.271314 1.189446 1.24826 1.353503 1.419714 1.418227 1.444496 1.440237 1.487363 1.497726 1.484081 1.516065 1.583904 1.608315 1.477977 1.46068 1.455033 1.490036 1.52667 1.51492 1.476224 1.434012 1.330304 1.263766 1.214143 1.142038 1.08941 1.03951
0.6766636 0.7157847 0.7463185 0.749638 0.7503279 0.7244791 0.7307212 0.7363077 0.7297524 0.759587 0.7766486 0.82182 0.8934168 0.9150931 0.9688704 1.030186 1.02717 1.165358 1.089365 1.002492 0.9477929 0.9952958 1.114434 1.07857 1.117435 1.195089 1.156966 1.256535 1.248337 1.180657 1.212654 1.244804 1.289464 1.172813 1.153035 1.181987 1.220536 1.284688 1.351482 1.44165 1.457864 1.447668 1.408768 1.41483 1.42633 1.459955 1.508281 1.492831 1.458503 1.46728 1.477757 1.500887 1.526566 1.52521 1.508513 1.472087 1.395561 1.300894 1.308542 1.171678 1.100809 1.041481
0.6575266 0.6480976 0.6853233 0.7051994 0.7000359 0.6831074 0.6716746 0.6686246 0.6975198 0.6819571 0.7048532 0.751492 0.795235 0.8385231 0.9655642 1.133479 1.165992 1.107711 1.072822 1.058579 0.9783148 1.010637 1.131429 1.24685 1.16655 1.066941 0.9798409 1.030084 1.038353 1.076951 1.16574 1.161832 1.128021 1.200791 1.23575 1.167127 1.205254 1.266407 1.320262 1.401678 1.39828 1.38413 1.393992 1.400976 1.372295 1.369051 1.423589 1.4979 1.472095 1.488955 1.509759 1.522296 1.566062 1.567265 1.523069 1.506468 1.412409 1.364045 1.333585 1.241665 1.165138 1.137518
0.659929 0.641104 0.6388223 0.6512333 0.6524948 0.6465644 0.6601074 0.6708335 0.6711805 0.668063 0.6702232 0.6988513 0.7247813 0.7617745 0.8916513 1.001985 0.9372909 0.8652743 0.9644474 1.030259 1.002429 0.9896554 1.145507 1.303521 1.136984 0.9664921 0.9500456 0.9245125 0.9807584 1.057906 1.151296 1.115017 1.100042 1.143058 1.177249 1.276984 1.282649 1.319032 1.424773 1.437092 1.389679 1.381477 1.321228 1.249844 1.305667 1.358576 1.382224 1.473875 1.445303 1.486454 1.517977 1.514807 1.556895 1.591076 1.561841 1.488777 1.458894 1.443084 1.369009 1.310159 1.289198 1.237769
0.6320309 0.6230407 0.61872 0.6065481 0.6173381 0.622669 0.6495757 0.6395328 0.6288341 0.6587703 0.6914029 0.7414657 0.7508944 0.7340949 0.8077025 0.8997725 0.8887449 0.7833248 0.841125 0.9749703 0.9528572 0.9139574 1.070574 1.195227 1.113556 1.069098 1.016465 1.007528 0.9443524 1.001165 1.093172 1.150403 1.117943 1.206701 1.158148 1.190938 1.224902 1.350946 1.385307 1.367319 1.328436 1.314504 1.277499 1.213258 1.256534 1.278276 1.29611 1.345006 1.420207 1.461278 1.486215 1.486535 1.518111 1.542488 1.528943 1.472449 1.40851 1.361911 1.329167 1.325446 1.292245 1.310256
0.6157435 0.604548 0.5764586 0.5743506 0.5773497 0.5785694 0.574726 0.5830765 0.5948123 0.6272285 0.668683 0.7218342 0.7529595 0.749212 0.7563829 0.8426161 0.8588365 0.7994782 0.8564611 0.9115884 0.8810859 0.8602493 0.9951983 1.089175 1.101896 1.069718 1.150791 1.163306 1.07622 1.195265 1.099747 1.063972 1.095034 1.311414 1.269332 1.258446 1.234434 1.23585 1.249529 1.211458 1.25277 1.264406 1.261421 1.23555 1.228654 1.237714 1.24309 1.320838 1.402467 1.440049 1.476481 1.490422 1.467807 1.483543 1.466953 1.431492 1.353047 1.335321 1.354314 1.354613 1.302568 1.26912
0.585701 0.5747582 0.5612632 0.5660029 0.5683532 0.5740719 0.5687444 0.5447575 0.5575126 0.6010219 0.6351621 0.6733156 0.7228854 0.7497379 0.7748049 0.7985901 0.8519565 0.9097528 0.9506341 0.938857 0.9254445 0.811142 0.9376382 1.143006 1.092369 1.048632 1.06713 1.096553 1.149271 1.132056 1.015983 0.9832709 1.08722 1.321788 1.27359 1.143265 1.141303 1.17795 1.126096 1.098338 1.177435 1.17076 1.164537 1.16208 1.180504 1.254117 1.279337 1.341804 1.421157 1.44442 1.470807 1.492439 1.5 1.46529 1.415315 1.386451 1.311075 1.337512 1.338765 1.327973 1.29651 1.235417
0.5585649 0.54665 0.5509601 0.5518945 0.5491657 0.5546967 0.5578234 0.5373054 0.5335986 0.5410833 0.6131198 0.6429635 0.6744737 0.7863363 0.772593 0.8069299 0.8180431 0.8892547 0.9579296 0.9103696 0.8525521 0.9018119 0.9950375 1.051974 1.036653 0.9079382 0.941936 1.03765 1.145247 0.9921756 0.9492688 0.9515454 1.041396 1.130358 1.084503 1.052129 1.248758 1.276118 1.121306 1.069003 1.104174 1.136361 1.137348 1.155734 1.19055 1.278257 1.319895 1.330583 1.444201 1.44706 1.455139 1.453819 1.468283 1.444184 1.415732 1.372639 1.309232 1.310774 1.310886 1.346092 1.314496 1.243526
0.5388579 0.5262958 0.5307181 0.5256386 0.5379774 0.5362619 0.5462438 0.5162365 0.5075685 0.5440151 0.6174604 0.6398293 0.6468245 0.7042497 0.7323661 0.7417626 0.760896 0.7802179 0.7874722 0.777485 0.8204653 0.9276684 0.9355506 0.9950849 0.980419 0.9366912 0.943678 0.9393893 0.9729061 1.019613 0.9886312 0.989997 1.067354 1.129525 1.119326 1.054624 1.14793 1.221625 1.162062 1.170989 1.151012 1.202192 1.212616 1.167468 1.269995 1.334194 1.356277 1.383893 1.46663 1.436128 1.433005 1.433073 1.404786 1.377524 1.37181 1.34809 1.318842 1.33101 1.319992 1.355855 1.331895 1.273303
0.5303268 0.5262907 0.5244223 0.5245042 0.514439 0.5230947 0.5343893 0.5231577 0.5023233 0.5103654 0.5753196 0.6189333 0.636983 0.6723728 0.7049958 0.6993678 0.7507277 0.7587176 0.7028995 0.7323246 0.8011795 0.8249561 0.8843254 0.9337155 0.9177881 0.9152685 0.9299943 0.8789876 0.9832125 0.9627625 1.022212 1.067258 1.114249 1.176501 1.15059 1.031447 0.9816401 1.129089 1.347189 1.264572 1.161106 1.180672 1.173291 1.206604 1.303163 1.400109 1.427049 1.428792 1.444135 1.408155 1.386395 1.356211 1.361878 1.349723 1.363178 1.329989 1.362848 1.332162 1.316854 1.349555 1.32747 1.268604
0.5177902 0.5166726 0.5148532 0.5172893 0.5058872 0.5135868 0.5229429 0.5280522 0.4973051 0.4822665 0.5254227 0.5603144 0.5797139 0.6315482 0.6654318 0.690816 0.684579 0.7176721 0.7115476 0.6797571 0.7209667 0.7839601 0.8273263 0.8760775 0.8616588 0.7990155 0.8629501 0.901994 0.9396315 0.9722189 1.079316 1.127391 1.152031 1.153339 1.099111 0.9738818 0.9299093 1.149557 1.411156 1.300223 1.194562 1.154156 1.176405 1.232016 1.310479 1.358128 1.396667 1.38959 1.363268 1.33738 1.304163 1.318172 1.321249 1.333004 1.350901 1.355162 1.355102 1.325825 1.317163 1.357912 1.304143 1.26943
0.4988511 0.500192 0.5002416 0.5069957 0.5131142 0.4938347 0.4999614 0.5054855 0.4892367 0.5005315 0.5203794 0.5212641 0.5400891 0.5858244 0.6075618 0.6126957 0.6816783 0.7046138 0.6537071 0.6665479 0.6386693 0.7086251 0.7614504 0.8060006 0.7629391 0.7310468 0.7951398 0.8366188 0.9028124 0.9653356 1.035418 1.139721 1.174919 1.158488 1.067307 0.9797658 0.9080644 1.068892 1.127309 1.049905 1.113488 1.217436 1.23093 1.251754 1.316912 1.307804 1.37123 1.350013 1.29713 1.269452 1.299917 1.317109 1.307792 1.335063 1.364049 1.383689 1.339011 1.330528 1.359971 1.365361 1.336723 1.332594
0.4789428 0.4776146 0.4805057 0.4853441 0.4944513 0.494571 0.4804123 0.4737534 0.4778633 0.5060854 0.5234197 0.5184052 0.5363672 0.5405511 0.5360792 0.571599 0.6363076 0.6599047 0.6382756 0.6523726 0.6167466 0.633822 0.6446984 0.6724083 0.637749 0.705099 0.7955884 0.8240893 0.8414119 0.9045602 0.9254419 0.9734698 1.074879 1.080524 1.009853 0.9683771 0.9701857 0.9703022 1.0273 1.041225 1.137634 1.276344 1.274572 1.303739 1.311822 1.294718 1.281433 1.288528 1.32546 1.338852 1.318221 1.306931 1.330313 1.344114 1.330738 1.303806 1.312587 1.332728 1.403702 1.441721 1.419102 1.415916
0.471245 0.4689965 0.4667762 0.4710491 0.4872542 0.4697605 0.4615726 0.4520832 0.462372 0.5027667 0.5034536 0.5118212 0.551582 0.5467503 0.5096871 0.5148935 0.601854 0.6151087 0.6062545 0.6312634 0.6226433 0.599259 0.5996557 0.6300133 0.6218657 0.6751261 0.7618542 0.7714963 0.7497565 0.7999275 0.8555061 0.832848 0.9218014 0.9601035 0.9872795 1.007333 1.006595 0.9577602 0.9429267 1.046615 1.069531 1.19502 1.251172 1.283838 1.246784 1.279867 1.377326 1.375962 1.365807 1.370792 1.343665 1.340099 1.342684 1.326427 1.325479 1.283894 1.296332 1.328919 1.412302 1.447242 1.393594 1.388253
