project/src/data/BOM_climate/rainfall_variability/varjul.txt
ncols         178
nrows         139
xllcorner     111.875
yllcorner     -44.625
cellsize      0.25
NODATA_value  -9999
[rows 0 to 27 of 139, columns 0 to 62 of 178]
-9999 -9999 -9999 -9999 -9999 -9999 93.58191 13.50135 13.85762 13.8855 9.857954 8.793867 7.782395 8.692986 9.253892 9.526793 10.40161 10.84035 11.15041 12.53921 13.89861 14.88101 16.25789 16.17709 16.35356 15.7197 16.33178 16.75423 17.05884 16.98224 16.89595 16.85822 15.71554 14.15288 13.86835 13.81774 13.50471 12.44859 12.49833 12.06504 12.11168 11.36842 10.66023 9.252964 8.247819 7.141723 5.991185 6.364346 6.887078 6.988266 6.645565 5.634946 5.233982 5.117938 5.053312 4.756568 4.635652 4.21029 4.061823 3.937494 3.873689 3.977678 3.851745
-9999 -9999 -9999 50.86381 14.58746 9.805868 6.316939 5.497077 4.809165 4.276436 4.231481 4.205654 4.840531 5.544811 6.025278 6.182734 6.601569 7.45615 8.218522 9.188318 10.80369 12.2195 13.87475 15.75116 16.18283 16.12204 14.97712 15.67244 16.43784 16.29022 15.76227 16.81489 16.38778 15.17313 14.03579 14.517 13.31909 12.41623 13.40975 11.99215 10.71699 9.873116 9.351396 8.923087 8.014158 7.503098 6.924329 6.877459 6.907676 6.332852 5.854222 5.616474 5.186963 5.367468 4.837069 4.823391 4.717046 4.463261 4.227687 3.914141 3.736741 3.815728 3.775775
-9999 25.78287 9.346066 7.768185 8.286644 6.949916 4.855104 4.121536 3.533794 3.340247 3.819858 3.993104 3.999542 4.551251 5.06872 5.852552 5.980425 6.757356 7.058267 7.475745 7.764996 8.817812 9.931824 11.17245 13.18234 13.9018 14.08679 13.59311 14.60818 15.32778 14.66011 15.44849 16.43199 15.72927 14.56688 15.09475 13.63059 13.34792 11.74579 11.10145 10.33015 9.942706 9.047973 8.060386 7.738681 7.658166 7.242023 6.690302 6.075419 5.440956 5.351503 5.411377 4.854105 5.691445 5.240978 5.058527 4.782175 4.512775 4.577349 4.247 3.705953 3.618562 3.761727
16.36874 10.54995 7.437266 6.670061 6.318288 5.217398 4.195642 3.97861 3.905485 3.667408 3.728272 3.77378 3.813944 3.871715 4.587766 4.935111 5.584308 6.022658 6.674004 7.034021 7.783321 8.235336 8.777126 9.493652 10.88294 12.81616 13.44745 13.09436 12.71036 12.96931 13.25517 13.38539 13.65578 14.59986 14.20606 14.69442 14.54432 13.29192 12.56704 11.46238 11.09693 10.33479 9.547323 8.347464 7.257325 7.584933 7.638754 6.833132 6.287625 5.639105 5.225132 5.223889 5.241491 5.613254 5.236359 5.163273 4.890697 4.527526 4.810966 4.671098 4.051716 3.786713 3.788175
6.719912 5.499699 4.97588 4.791475 4.829018 4.252159 4.140314 4.337094 4.23625 3.752673 3.577508 3.716634 3.689895 3.677849 3.859165 4.577964 4.788327 5.434225 6.05975 6.636031 7.017983 7.77261 8.670931 9.478528 10.19901 10.82568 12.56834 13.3623 12.23968 11.84049 12.65583 12.93433 13.12193 13.89865 14.64172 14.51122 15.32712 15.30601 13.15659 11.26016 10.41839 10.41809 9.623534 8.281181 6.996287 6.783821 7.328387 6.718083 6.556 6.085931 5.81297 5.477165 5.125731 5.320514 5.347572 5.303992 5.091413 4.757356 4.833982 4.949095 4.448525 4.029275 3.804844
4.744325 4.770135 4.805585 4.64856 4.602792 4.237459 4.128759 3.99973 4.232697 4.173502 3.645184 3.579193 3.807529 3.830889 3.870765 3.944121 4.454656 4.733265 5.287121 6.119298 6.572336 6.97774 7.922369 8.701062 9.57577 10.6669 11.58092 12.41787 12.32602 11.65154 11.96667 12.43074 12.51394 13.37113 14.91314 15.44546 14.5341 13.77505 13.08117 12.25096 11.25916 10.26906 9.379063 8.820146 7.624522 6.592964 7.260388 7.208156 6.903675 6.74908 6.403233 5.861514 5.160328 5.144174 5.229997 5.009211 4.931834 4.995592 4.830517 4.766913 4.583357 4.246959 3.981089
4.852661 4.83067 4.927612 4.686001 4.174042 4.185019 3.985086 4.378914 3.885166 4.153924 3.950894 3.76487 3.695024 3.775212 3.855387 3.947125 3.934253 4.459222 4.600941 5.03868 5.698675 6.293632 6.964901 7.999532 8.668074 9.528045 10.50498 11.07048 12.4364 12.26033 12.06615 12.27598 13.19864 12.30118 12.53423 12.24126 11.99401 11.76231 12.08771 12.21826 11.89117 10.72782 10.05542 9.2079 8.208225 7.83024 7.516775 7.694467 7.408723 7.179709 7.205984 6.868174 6.748936 5.928863 5.214617 5.408508 5.008693 4.759199 4.924901 4.576454 4.391443 4.522195 4.018095
4.737638 4.746602 4.80166 4.607864 3.939295 3.935946 3.912876 4.149289 4.376831 3.834449 4.035229 3.747795 3.799479 3.68404 3.801208 3.996622 3.838754 4.05257 4.470539 4.690864 4.856985 5.394537 5.775985 6.731393 7.664313 8.218293 8.543855 9.627646 10.85004 12.13951 12.0117 12.06198 10.6256 9.955357 9.76725 9.842195 10.26899 10.60272 11.41154 12.30987 12.38275 11.89895 11.18153 10.04387 8.699363 7.760095 7.10013 7.424217 7.42588 7.231711 6.852762 7.317935 7.499006 7.445042 6.116455 5.4966 5.853219 5.006302 4.61977 4.431269 4.390686 4.403962 4.368266
4.495979 4.596363 4.678842 4.504188 3.966845 3.897127 3.962006 4.039734 4.348087 4.258478 3.930918 3.836413 3.707967 3.768705 3.784883 3.903858 3.992345 3.839902 4.140064 4.676933 4.854401 5.113963 5.343998 5.352593 6.351256 6.785282 7.349493 8.136274 9.25464 10.83202 11.71649 11.2344 9.63623 9.133702 9.458692 9.475724 9.830424 10.53179 11.38992 12.14068 12.5554 12.91874 12.59001 11.286 9.957774 8.454391 7.443639 7.307452 8.387851 8.402111 8.041549 7.641444 8.199211 8.198828 7.392961 6.598549 5.593506 5.3426 4.645636 4.567979 4.39731 4.318015 4.30747
4.383317 4.402848 4.503496 4.429744 4.04686 3.838214 3.890795 3.943938 4.163707 4.442648 4.124031 3.955344 3.656698 3.795536 3.716266 3.895351 4.029141 4.014812 3.942589 4.169706 4.783856 5.076472 5.304528 5.468811 5.640776 6.242843 6.728655 7.255008 7.981865 9.724739 10.40709 9.580938 8.546478 8.773005 9.38079 10.24414 10.01487 10.40451 11.07104 11.98869 12.35165 12.90316 12.95798 12.51628 11.21889 9.20875 8.244009 7.868953 8.701365 8.677073 8.87164 8.732036 7.977958 8.648247 8.331765 7.057501 6.637718 6.347902 5.163459 4.798783 4.652169 4.52817 4.248468
4.227252 4.311445 4.324606 4.31335 4.078214 3.817208 3.898996 3.955248 4.031359 4.353965 4.396168 3.968926 3.833735 3.646727 3.696166 3.711204 4.063045 4.03786 4.024769 4.063901 4.309188 4.853784 5.105396 5.212948 5.511341 6.045036 6.237559 6.528362 6.898797 8.458822 9.141815 8.727051 9.367493 10.19535 10.26004 10.82671 10.86932 10.73111 11.17235 11.72562 12.90237 12.87876 13.27652 12.86329 11.31891 10.06813 9.325082 9.469813 9.791545 8.663033 8.78658 9.152956 9.08468 8.387427 8.608704 7.900685 6.253596 6.288629 5.682799 4.860149 4.865476 4.768721 4.544015
4.198038 4.188267 4.106737 4.034549 3.930001 3.853351 3.858704 3.950104 3.877073 4.165504 4.35439 4.246235 3.921992 3.730468 3.585296 3.610346 3.952329 4.092214 4.074548 4.014415 4.16452 4.332877 4.624638 5.058596 5.208167 5.596792 5.980243 6.327497 6.806238 7.390887 8.984218 9.25109 9.469833 10.32583 10.47695 10.93217 11.63973 11.44659 12.40191 12.74747 13.9221 13.881 14.17732 14.49673 12.67674 10.46188 10.00158 10.22386 10.04901 11.24764 9.688609 9.010695 8.905685 8.679198 8.428956 9.545893 8.340294 6.873901 5.801326 5.396929 5.128611 5.361326 4.931407
4.177834 4.156404 4.098851 4.016619 3.93545 3.727109 3.658774 3.78817 3.864165 4.027455 4.284703 4.306982 4.03037 3.893672 3.58045 3.567277 3.666375 3.717041 3.758175 3.93791 3.984615 4.087554 4.446424 4.727518 5.168388 5.490229 6.182088 7.123446 8.027167 8.87921 10.12988 10.45161 10.02016 10.17954 11.0489 11.07474 12.02463 12.44182 13.63111 14.39102 16.49608 15.67712 15.58004 16.48243 15.39322 13.32717 11.69345 12.49372 11.97317 10.93207 10.71546 10.17469 9.221628 10.25751 11.36355 12.88861 11.35424 8.474988 7.651976 6.267568 5.564797 5.46083 5.420722
4.095991 4.114501 4.086425 4.036054 3.964392 3.801055 3.648055 3.7472 3.859715 3.809405 3.927265 3.976183 3.937192 3.826769 3.547068 3.305333 3.532335 3.835574 3.71415 3.842498 3.991077 4.07481 4.259893 4.782129 4.76329 5.224552 5.733868 6.78831 7.746202 8.576315 9.489081 10.54321 11.07893 10.90681 11.62833 12.44885 13.77247 14.6744 15.65841 17.01094 18.95008 17.14725 16.59369 16.72156 17.91913 14.92064 13.42073 13.05894 13.40991 12.26256 12.32965 9.955192 10.05489 10.49069 13.76202 15.73829 15.49293 11.64519 9.782515 8.634884 7.511825 5.524044 5.74325
4.000246 4.028707 4.032063 4.002919 3.938857 3.86047 3.664662 3.684567 3.781665 3.839949 3.900584 3.962848 3.929384 3.969936 3.771372 3.386617 3.402355 3.668322 3.792165 3.745204 3.913599 4.098873 4.297543 4.581622 4.822656 5.294984 5.33356 6.064804 7.208213 8.153887 8.802858 10.35555 10.83365 11.28084 11.64846 12.96792 14.09119 16.09666 18.37139 20.24507 20.62453 19.19188 20.46417 18.66299 17.51982 17.27871 15.09304 14.40848 14.33646 13.01992 11.55336 12.33979 10.07012 10.99808 15.06238 19.98938 24.35251 21.54537 14.24517 12.14684 10.19668 7.638448 5.530238
4.056259 4.034395 4.039145 3.953032 3.910362 3.867284 3.698175 3.59832 3.693308 3.822854 3.798755 3.937753 3.920353 3.935009 3.845423 3.681288 3.309901 3.60987 3.754821 3.742419 3.824662 4.050758 4.174225 4.406463 4.636217 5.203506 5.610436 5.733913 6.350767 7.408736 8.252454 9.441066 10.66456 11.80225 12.49856 12.80431 15.16544 19.02953 20.28623 21.54797 21.74694 23.20806 21.5778 18.99756 19.50104 19.54467 16.62691 15.45826 15.404 14.89908 12.59309 11.66444 12.307 12.39558 15.31096 19.45452 26.87946 31.0764 23.87817 18.11884 13.14666 10.37904 7.62291
3.964161 3.992302 3.970047 4.082874 4.215805 4.170386 3.897282 3.611012 3.610402 3.722248 3.89281 3.860654 3.9186 3.906077 3.826957 3.780938 3.618732 3.541229 3.641322 3.780431 3.900801 4.028053 4.170404 4.332355 4.729753 4.985969 5.480735 5.86797 5.916402 6.827117 7.879256 8.837133 10.06329 12.49882 12.95574 13.36439 17.89982 20.58091 22.20675 21.76534 24.00829 23.61774 21.914 23.75442 21.40307 21.69164 17.9714 15.70803 15.38594 15.32548 13.70758 12.35961 14.93666 14.50214 16.43558 21.15816 24.57567 29.01982 34.7258 25.36237 16.07043 12.98541 9.445751
3.828729 3.951155 3.911072 3.949306 4.081362 4.195989 3.99835 3.749464 3.634793 3.753083 3.902133 3.947129 3.962721 3.972783 4.028221 3.801612 3.453784 3.538243 3.526506 3.770512 3.925693 4.046554 4.235168 4.386899 4.637189 4.795959 5.105013 5.602319 5.790878 6.287091 7.545815 8.518392 9.812332 12.21389 13.81859 17.08117 20.1229 22.7367 25.53036 25.40588 26.44656 23.53702 23.84278 24.52534 23.00197 21.61614 21.09447 17.05193 15.27319 15.31491 13.05659 11.80178 14.62634 16.21834 17.02204 19.70123 21.4742 27.72943 30.30035 26.3227 17.21132 11.93868 9.573828
3.709691 3.864801 3.875729 3.83338 3.942791 4.075068 4.035974 3.799018 3.610221 3.697207 3.826164 3.917685 3.825623 3.784334 3.853716 3.822548 3.38895 3.433882 3.484037 3.566947 3.833731 4.015717 4.1551 4.303843 4.535745 4.801338 4.858113 5.317841 5.722013 6.284465 7.417922 8.947909 10.46146 12.66677 14.12796 17.6804 20.05127 22.60642 24.17182 25.86554 25.36288 25.97277 25.31183 23.7605 22.95866 22.78783 22.56868 19.75509 17.20277 14.7559 14.90299 15.1157 14.04112 15.07302 17.21244 18.53651 20.29164 22.3256 26.87235 29.40792 17.86216 11.72873 12.38527
3.577497 3.734083 3.838164 3.791594 3.812515 3.93809 4.043538 3.778467 3.53808 3.58079 3.759976 3.633652 3.485512 3.604311 3.819545 3.85339 3.607488 3.477743 3.336752 3.531875 3.643154 3.852668 4.100502 4.226771 4.361177 4.622689 4.887286 5.01706 5.599531 6.168138 7.168857 9.022553 10.45228 11.99653 15.23796 18.0022 20.09539 22.07878 23.89758 24.1679 25.19084 25.67542 26.6893 25.26341 22.76803 23.54653 22.68603 21.16947 20.41365 23.95754 20.29277 16.37308 14.48113 14.89156 16.88621 17.51013 16.27551 16.02948 19.86246 23.94617 24.77915 17.45272 20.39424
3.453108 3.609548 3.755249 3.75632 3.693747 3.71944 3.721216 3.413297 3.299172 3.52296 3.688664 3.479952 3.475841 3.480491 3.709154 3.888364 3.797129 3.477309 3.508999 3.35657 3.514762 3.761914 3.954713 4.275573 4.352422 4.505124 4.767816 4.827957 5.422102 6.108324 7.071729 9.483455 10.17971 11.47218 14.21731 17.15456 18.94011 21.92457 23.59194 24.53224 24.58486 23.57903 24.94749 25.46149 22.95898 25.14034 24.7845 20.12882 27.28539 25.36121 20.49469 17.53315 15.91646 14.01392 15.84824 14.34462 13.26364 14.05735 11.94217 17.78108 21.02793 25.7495 28.25902
3.37027 3.477055 3.620564 3.630799 3.447638 3.174557 3.1726 3.164907 3.212077 3.449729 3.555535 3.468091 3.45511 3.422777 3.577181 3.83215 3.908912 3.634587 3.525416 3.384503 3.482292 3.605456 3.855132 4.166874 4.503182 4.455368 4.734681 4.987366 5.345788 6.226561 7.530618 9.348566 10.4226 11.25556 12.66128 15.28671 18.14003 19.0672 22.40153 25.58718 24.03951 22.73076 23.94729 25.85819 23.56481 22.97184 26.63831 27.56403 30.46929 28.83285 22.92019 20.60413 15.03328 12.22944 9.940466 9.824534 12.21867 12.53597 12.02001 11.99796 17.12376 23.34144 29.60567
3.287055 3.327266 3.374621 3.156932 2.991471 3.004905 2.982232 3.009778 3.128106 3.33689 3.509128 3.539709 3.444475 3.434119 3.486589 3.771149 3.901817 3.833308 3.547727 3.513532 3.399448 3.609714 3.884296 4.118792 4.470717 4.685595 4.831379 5.157145 5.403212 6.621896 7.935092 8.682495 9.993112 10.36419 11.59839 13.35112 15.90431 18.63865 19.12224 22.70827 25.32923 22.7286 21.99615 22.56553 23.86813 23.69487 29.57093 36.91473 38.91177 29.53374 27.89815 22.41741 16.028 10.65943 9.268451 9.254283 10.97086 13.13936 14.95836 12.7891 12.17419 20.33 27.0761
3.119399 3.072512 3.048041 3.039088 3.06608 2.889142 2.857347 2.917371 3.052471 3.224038 3.487632 3.571601 3.435103 3.44295 3.439196 3.661226 3.907783 4.013964 3.708484 3.659731 3.516538 3.569608 3.90291 4.186529 4.533717 4.886023 5.306684 5.303873 5.563838 7.312656 7.827112 8.108499 8.994581 9.946324 10.26938 11.69934 13.6497 17.04677 18.88047 19.9207 23.99613 25.41917 25.71035 20.87618 25.17344 29.18306 32.11122 35.31506 28.39707 33.89584 28.22356 20.64431 13.09463 12.27021 8.776953 9.347034 12.06681 12.21804 14.35577 14.73181 18.0228 21.62732 31.13498
3.048687 2.919663 2.894746 2.802959 2.833502 2.83866 2.836596 2.850526 3.013555 3.157078 3.383994 3.54213 3.546875 3.484012 3.490461 3.64535 3.944674 4.089109 3.939206 3.771106 3.658455 3.749863 4.135416 4.435554 4.86288 5.375675 5.581956 5.872451 6.559901 7.730382 7.854927 8.323815 8.616199 9.331316 10.08443 10.53245 12.04342 14.12137 16.84358 20.44854 25.59928 31.62113 36.36375 33.507 27.33547 28.13046 35.71021 34.39364 25.13874 25.09048 23.43681 22.05097 13.92799 12.11197 10.91991 8.925756 12.04804 12.2466 12.99233 15.18003 20.33673 34.07431 30.58811
2.646389 2.592937 2.631996 2.716116 2.791362 2.833522 2.838762 2.835662 2.927055 3.096313 3.296951 3.561117 3.652873 3.533561 3.609108 3.727755 4.040923 4.234239 4.264124 4.03734 4.014959 4.209471 4.617004 4.977118 5.673421 6.038689 6.879019 6.779737 6.98793 7.033447 7.580653 7.902648 8.513802 8.862461 9.777676 10.70175 11.12736 12.20268 15.55673 20.33896 26.06275 32.35588 42.21889 42.33187 37.37877 33.25881 37.26306 43.20757 37.83818 25.57353 20.47023 24.54635 18.09106 12.11344 11.17955 12.42787 13.30148 13.46582 11.33891 14.00995 20.75182 27.37159 25.22388
2.417955 2.477417 2.567365 2.659268 2.750237 2.822912 2.821111 2.858702 2.867607 3.092304 3.270059 3.524594 3.686377 3.788277 3.803165 3.968524 4.282084 4.553605 4.682099 4.52011 4.687496 4.914101 5.215771 5.730792 6.17223 6.789949 7.200522 7.292852 6.927885 7.062907 7.058745 7.631139 7.950688 8.575556 9.222596 10.13631 11.12198 11.49812 15.67794 19.49467 26.61273 32.35589 41.36217 44.7976 50.72787 33.23714 39.02838 36.55604 37.93678 28.35508 27.02261 23.91183 16.08011 11.02159 11.04116 10.70094 13.36057 14.45564 17.02604 13.72534 19.56624 22.47216 23.98723
2.381615 2.423425 2.507206 2.603933 2.694757 2.788801 2.860461 2.896781 2.886189 3.029941 3.257878 3.53694 3.835045 3.969139 4.001632 4.347102 4.618904 4.857922 4.9078 5.013989 5.364662 5.672472 6.060361 6.322364 6.497044 6.46873 7.142381 7.616747 7.491483 7.262544 6.981214 6.924013 7.839619 8.140282 8.591573 9.29264 10.08539 11.21528 15.1031 17.85537 22.91123 39.38073 47.77985 54.55442 54.36464 36.56805 35.30204 34.55067 40.88947 37.84697 37.25864 23.60392 17.6633 15.4863 10.27293 10.52913 12.50425 14.72968 14.41513 15.02916 17.61794 20.60207 23.82441
