project/src/data/BOM_climate/rainfall_variability/varjul.txt
ncols         178
nrows         139
xllcorner     111.875
yllcorner     -44.625
cellsize      0.25
NODATA_value  -9999
[rows 28 to 55 of 139, columns 0 to 62 of 178]
2.358559 2.395529 2.450498 2.545833 2.641043 2.745989 2.860196 2.912176 2.982194 3.097423 3.261649 3.591952 4.014505 4.120375 4.51341 4.62719 4.941327 5.072169 5.86144 5.70157 5.624083 5.674642 6.257619 6.462505 6.504117 6.387693 6.72111 7.376894 7.77137 7.423028 7.616844 6.806236 6.743871 7.640579 8.212358 8.95962 8.918788 9.829006 11.32964 15.12757 20.07114 39.24501 64.18298 86.72631 71.43861 48.14338 29.82824 35.88363 41.02082 44.0315 48.5132 28.69951 15.76462 15.05172 13.99384 13.66406 15.46472 17.07882 12.7648 18.59316 17.05914 21.51861 25.721
2.348639 2.380181 2.423141 2.495322 2.591964 2.692128 2.817989 3.016473 3.129994 3.246142 3.493508 3.80852 4.300555 4.735743 4.812322 4.823815 5.064065 5.302101 5.861203 5.940648 5.69833 5.604395 6.045176 6.509301 6.403111 6.373359 6.552775 7.102164 7.786659 8.080462 7.809445 7.725991 6.667325 6.973319 7.768945 8.583976 8.613496 9.474938 9.936237 11.26504 13.84873 22.58455 33.30462 39.50191 41.05797 35.89135 32.24067 69.23212 50.1161 36.46041 36.65776 30.76569 16.75899 15.82515 18.4735 19.81536 18.05193 13.72322 13.1635 19.12625 24.11571 27.56807 28.16526
2.372404 2.391051 2.445131 2.532308 2.561206 2.658413 2.785756 3.061102 3.331543 3.670552 3.869014 4.065937 4.521779 5.079533 5.194405 4.955866 5.15838 5.115343 5.633279 5.94199 5.798985 5.417944 5.814211 6.130253 6.388563 6.482408 6.533448 6.857339 7.351936 8.220558 8.260939 8.488346 7.583582 6.813225 7.539012 8.418567 9.137734 9.889949 10.64242 10.15903 9.742639 12.06013 15.27535 20.45127 21.40226 20.50798 26.79343 76.5952 42.78761 28.08649 31.8145 28.69098 18.46172 17.08664 19.12892 18.44222 18.68637 16.61496 14.31274 19.08547 24.49991 30.1766 29.07418
2.418234 2.430198 2.481296 2.589225 2.678764 2.758608 2.868203 3.215213 3.575745 3.860076 4.088973 4.365626 4.868228 5.026901 5.348451 4.956393 5.090976 5.128974 5.381981 5.715936 5.650218 5.375209 5.657493 5.830173 6.112824 6.546062 6.528178 6.846067 7.175349 7.985337 8.32364 8.586761 8.614407 8.023332 8.801493 8.739 9.736424 10.16674 10.1363 10.40404 11.46445 11.71487 11.38854 15.02143 15.83866 16.10598 16.62811 21.49577 23.8996 24.25955 22.60147 22.56013 21.46669 19.6378 18.62828 21.1763 20.88132 16.36848 16.74283 21.5814 26.0015 27.69637 27.52342
2.461494 2.491969 2.586726 2.69945 2.804996 3.003867 3.305609 3.527348 3.700711 3.826119 4.000162 4.331575 4.619259 5.003278 5.151019 5.235675 4.979375 5.051722 5.234202 5.602155 5.522131 5.406334 5.643322 5.802175 5.734435 6.226891 6.426994 6.794762 6.989373 7.29704 8.00308 8.177683 8.841289 8.422482 8.961679 10.02822 9.654484 10.19348 11.45477 11.81111 12.17904 16.3196 13.59718 13.23817 14.29648 15.44283 14.77444 14.72585 28.60599 29.61638 24.30545 24.11732 24.49622 19.68644 26.05003 21.41883 17.50009 19.98159 19.8357 20.78658 22.00708 26.24157 30.1285
2.441154 2.546828 2.694518 2.876471 3.08631 3.38267 3.553421 3.6482 4.024806 3.936154 3.908931 3.9955 4.39293 4.682177 4.951649 5.362182 4.921701 4.947879 5.278475 5.307549 5.428357 5.33345 5.44336 5.734366 5.657144 5.994758 6.277551 6.656597 6.736425 6.893267 7.537604 8.075295 8.245165 8.780995 11.36155 12.17879 11.43999 12.01946 12.04712 12.46201 11.73002 12.39818 13.04617 11.70625 13.4932 13.88783 14.93789 13.65047 14.5224 19.54836 24.15355 21.8337 23.08652 28.88505 36.60818 24.81394 22.58862 25.13356 30.34164 26.51626 23.94419 29.5973 28.9109
2.534308 2.702374 3.113061 3.257007 3.656226 3.869086 3.831661 3.80465 4.016154 3.97933 3.938564 3.984295 4.137293 4.363159 4.774659 5.090378 4.941763 4.902919 5.102589 5.269819 5.432986 5.159602 5.373939 5.630859 5.818164 5.900455 6.343156 6.596908 6.934559 7.048553 7.133024 8.005791 7.713635 9.604996 11.15723 12.05982 12.94723 14.49036 15.19749 14.77304 13.32125 13.2221 14.32676 14.40417 12.33586 12.14506 13.56388 12.54859 12.69645 14.50484 17.62432 19.57158 24.60187 27.82159 27.85524 21.87733 26.37258 33.5808 55.13992 50.44272 33.88698 27.98696 29.47032
2.786226 3.143544 3.403243 3.482033 3.775797 3.954944 3.924675 3.784245 3.886216 4.034434 3.947192 3.952598 4.038595 4.214195 4.319766 4.720874 4.816728 4.663458 4.951439 5.185458 5.20861 5.148836 5.264847 5.541632 5.782893 5.979977 7.004585 7.230057 7.334406 7.065632 7.540761 7.555742 8.72084 10.23044 10.34799 11.0633 13.45841 14.64607 15.67166 21.10087 17.1675 16.82332 16.00024 14.45132 12.73347 11.79479 10.60855 13.17392 13.94538 12.66335 18.77462 21.71752 27.21531 27.11714 25.93258 25.43278 34.68676 53.42988 104.3305 100.2025 39.64313 34.35352 30.16614
3.110607 3.299016 3.461307 3.594088 3.652158 3.774993 3.861688 3.813479 3.782366 3.845563 3.852694 3.950702 4.004956 4.123276 4.198062 4.49408 4.762361 4.515048 4.654401 4.876029 5.22489 5.084897 5.355002 5.66869 5.916087 7.035985 7.624314 7.681658 7.918026 7.141504 7.104681 7.675262 8.2118 11.10839 11.17923 12.47671 11.83533 13.69439 16.08802 18.96708 14.10746 15.51537 15.61643 13.85547 11.81136 11.23685 9.789937 10.61676 12.82671 12.9162 15.04582 18.54933 21.52607 21.22132 22.89604 33.06851 48.70296 93.48644 102.365 120.6932 48.90762 38.80047 33.86553
3.154566 3.321867 3.49841 3.523773 3.572614 3.665835 3.731877 3.769589 3.766747 3.744237 3.789803 3.799663 3.89106 4.053478 4.060342 4.318175 4.660966 4.54513 4.448066 4.417072 4.946546 5.318459 6.088742 6.162358 6.842789 7.88607 7.815844 7.37712 7.187835 6.381878 6.526926 7.081536 8.099394 11.60199 14.29607 12.54417 12.82818 10.69663 16.3116 16.04469 13.92765 12.87607 12.55411 12.02341 10.91556 9.417525 9.308617 8.884768 10.31674 11.91384 11.58175 14.19139 15.96645 18.25596 20.17462 28.33985 49.82499 73.01168 62.70248 54.3805 42.60563 41.53914 42.28482
3.134858 3.218687 3.26635 3.446258 3.548791 3.607762 3.709687 3.687845 3.733821 3.63204 3.654249 3.574355 3.659004 3.874928 4.025669 4.283463 4.800226 4.676339 4.537999 4.715607 4.811764 5.074924 6.20514 5.989345 6.182974 7.672059 7.557499 7.028422 6.442273 6.525669 5.819494 5.849572 8.165951 11.24116 15.79478 16.82214 13.77461 11.60435 11.43831 14.96327 14.64106 11.12732 11.32986 11.06272 9.607271 8.697533 8.467759 8.501822 8.653438 9.733513 9.762528 11.67539 13.62978 15.82955 18.62219 23.70814 26.11045 32.2066 34.93344 31.93979 26.11013 33.27324 30.40763
2.993662 3.07412 3.137799 3.15554 3.349263 3.526338 3.620989 3.580307 3.665649 3.724036 3.564735 3.480389 3.514933 3.667851 3.86943 4.117777 4.441814 4.374924 4.693037 4.679737 4.647989 4.687841 5.72066 6.133914 6.147405 7.038336 7.079745 7.321492 6.023197 5.87634 5.882016 5.930923 6.614083 10.41644 11.26609 14.32542 13.6551 11.20955 10.15091 10.68268 10.61847 10.94388 10.39193 9.489338 8.113298 7.66073 7.194393 7.612536 7.767972 8.040172 8.974246 10.46392 11.87288 13.99291 17.09101 19.11631 20.76021 21.36767 25.71185 26.46859 24.43261 23.38549 20.8131
2.861139 2.903392 2.98583 3.040812 3.057637 3.263127 3.509167 3.508203 3.502074 3.613457 3.685061 3.756408 3.854703 3.662519 3.823607 4.00135 4.357601 4.512104 4.572112 4.544262 4.480984 4.507427 5.434038 6.397093 5.940195 6.677005 7.194467 7.138083 7.125307 6.119408 6.147548 6.489007 6.545757 6.952033 10.39478 10.86643 11.34926 10.52219 8.926702 8.845432 9.473363 9.876928 8.54288 7.678052 7.040741 6.968976 7.141263 7.303542 7.004093 7.061152 7.740071 8.259497 9.999455 12.10511 14.047 15.00362 15.93376 14.73452 17.70488 18.08956 18.79043 18.95225 16.86659
2.742374 2.768011 2.805558 2.879144 2.957755 3.03763 3.288471 3.432377 3.49439 3.534081 3.573954 3.551216 3.884924 3.653101 3.628249 3.6858 4.48284 4.6683 4.554639 4.315569 4.080933 4.248718 5.369672 5.727742 5.817851 5.759697 6.806127 7.262537 7.050425 9.56953 9.635846 7.372807 6.721515 7.01437 6.939114 8.43165 8.956006 8.645798 8.418755 8.901504 9.113323 8.207483 7.604287 7.467544 7.148699 6.97932 7.575441 7.108551 6.328873 6.251457 6.567885 7.215365 8.066576 9.389524 11.01575 12.0273 12.37302 11.85662 14.03625 15.40932 14.96936 15.20394 14.66495
2.582936 2.569939 2.642637 2.700836 2.770097 2.868772 3.104818 3.221971 3.34393 3.418596 3.608989 3.62632 3.406934 3.660221 3.552023 3.399998 4.001552 5.137602 5.006598 4.718733 4.519936 4.518505 5.384535 5.423608 5.299007 5.156662 6.92912 8.287374 8.366524 9.173971 10.8136 10.87456 8.624679 6.991434 6.76293 7.21147 6.963816 7.738353 8.278717 7.978106 7.058533 7.104435 6.774439 7.186814 7.310633 7.227082 7.267931 7.625909 6.756236 5.941538 5.920262 6.51997 7.19929 8.387894 9.724382 11.52968 11.35258 11.65393 12.12296 13.92632 13.58319 13.39416 14.00333
2.416965 2.48123 2.486052 2.57861 2.68954 2.961523 3.136057 3.206867 3.305223 3.502968 3.504232 3.479903 3.325328 3.433266 3.532626 3.224125 3.507421 4.871008 5.299539 4.995895 5.056716 5.954982 5.728614 5.542458 5.522907 5.576535 6.174737 7.206594 7.502326 7.309034 8.563787 9.306016 9.116507 8.995199 7.464237 7.336029 7.055738 7.364935 8.014087 9.008978 8.255594 6.210265 6.362701 6.579502 6.939986 7.088137 7.091982 7.467007 7.127984 6.591132 5.760748 5.84943 6.47362 7.70473 9.01902 10.15479 10.54965 10.29496 10.96725 12.71912 13.26832 13.75598 13.60802
2.219257 2.335711 2.430974 2.604826 2.833084 2.792065 2.975147 3.185393 3.255203 3.390615 3.437593 3.387805 3.147063 3.015991 3.293347 3.44742 3.965333 3.988517 4.735271 4.559693 5.138093 4.992213 5.063884 5.248787 5.605137 5.955533 4.62022 4.484207 4.963985 6.052261 7.517028 7.78253 8.069612 7.336741 6.672887 6.650723 7.235517 8.02396 7.936781 8.845782 6.883621 6.987326 7.531378 7.004956 6.651236 6.912183 6.685491 6.546862 7.133024 6.770819 6.240801 5.941087 5.928624 6.898868 8.272243 9.119611 9.827914 9.311574 9.485755 11.14378 13.10596 13.20621 15.07124
2.056408 2.143481 2.290029 2.675661 2.862426 2.692167 2.867362 3.118426 3.407167 3.371764 3.229676 3.444829 3.096049 3.092458 3.10645 3.70524 3.934944 3.370568 3.655491 3.865274 4.207915 4.012871 4.407992 5.046299 5.665601 4.984973 3.840254 3.629866 4.356361 4.91063 5.144334 7.515994 7.432888 5.697961 5.422636 6.070456 7.217589 7.265697 7.215874 7.558394 7.442909 7.741477 7.69289 7.193541 7.160528 6.677621 6.480519 6.049482 6.039691 6.20256 6.508112 5.787654 5.894237 6.352843 7.238562 8.109692 9.137021 8.770538 9.265774 10.38361 12.28817 12.96275 13.29357
2.082338 2.01677 2.138423 2.502455 2.771736 2.731346 2.736032 2.889613 2.953922 3.414551 3.349696 3.547645 3.242712 3.222035 3.261935 3.778289 4.029324 3.666557 3.331689 3.529193 3.591598 4.319067 5.024133 5.830275 5.426356 5.135891 4.132967 3.735677 4.334237 4.898952 5.269474 5.332473 5.14413 5.106665 5.59492 5.882698 6.095778 7.365985 7.436976 7.66717 7.981668 7.87976 7.821335 7.404101 6.563054 6.608266 6.164692 5.642533 5.426999 5.719062 6.056877 5.792652 5.6271 5.70908 6.635821 7.346418 8.029043 8.247904 8.914538 9.713387 10.79731 11.93245 12.36302
2.02787 2.061355 1.984653 2.17492 2.356688 2.624013 2.541335 2.866904 3.031528 3.026583 3.101771 3.705573 4.138426 3.813086 3.614433 3.657852 3.982293 3.597033 3.302696 3.66605 3.729271 4.355669 5.235325 6.616627 6.705453 5.76405 5.223108 4.102559 4.227649 4.446829 4.368872 4.368121 4.43551 4.545459 4.656679 5.271934 5.474476 6.094516 7.401461 7.882296 7.720774 7.440025 8.055745 7.646301 7.598713 6.692763 5.786859 5.826226 5.553652 5.2774 5.304409 5.575609 5.254023 5.433142 5.812931 6.232029 6.702316 6.877722 7.969979 8.830212 10.00262 10.62485 10.71889
1.8783 1.90527 1.857012 1.894841 1.964759 2.077208 2.256394 2.621274 2.844283 2.845001 3.024862 3.374264 4.099708 4.081829 3.611439 3.786254 3.577892 3.25532 3.176893 3.098192 3.820245 4.320236 4.526167 4.638459 5.357952 6.131602 5.493852 4.488575 3.840067 3.794633 3.901616 4.031809 4.953773 4.847187 4.642941 4.86015 5.668452 6.287023 6.547447 8.063176 7.351701 6.998347 6.750807 7.279341 7.343608 7.27503 6.441811 5.684466 5.378586 5.081993 5.393628 5.258209 4.944793 5.194092 4.890589 5.164246 5.647127 5.942014 6.597335 7.299822 8.550892 8.99268 8.867645
1.825089 1.737908 1.674746 1.694891 1.779729 1.887642 2.02181 2.098736 2.436167 2.760537 2.761284 2.968764 3.539629 3.843995 4.006215 4.20814 3.837674 3.362414 3.224474 3.009801 3.228686 3.276777 3.573998 3.80037 4.146066 5.013885 5.31446 4.458343 4.261443 3.742822 3.820668 4.136606 4.950972 5.100147 4.649045 4.711853 5.603053 5.602348 6.953767 7.602995 7.603596 7.169761 6.998088 6.996642 6.919942 7.116981 6.798244 6.006725 5.309646 5.520837 5.497423 5.040584 5.381225 4.881359 5.038786 4.412325 4.6613 5.2643 5.596557 6.310144 7.270191 7.528052 7.102528
1.729168 1.514367 1.457304 1.485062 1.517726 1.459398 1.550278 1.887606 2.020616 2.358028 2.501392 2.64237 3.086069 3.489355 4.025276 4.188824 4.17776 3.397208 2.881365 2.614803 2.8638 3.011973 2.738373 3.21481 3.630956 4.318763 4.565507 4.266058 4.831236 5.045091 4.270391 4.11608 4.316615 4.417789 4.287216 5.228478 5.476165 5.657279 5.774292 6.742675 6.723842 7.160457 7.268582 7.27658 7.581051 6.659867 6.31403 6.200216 5.713897 5.879597 6.073235 6.11138 5.194758 5.056822 4.563559 4.541885 4.191429 4.435349 4.901075 5.088723 5.885289 6.324839 5.750009
1.68332 1.448168 1.360623 1.408404 1.582288 1.534637 1.595966 1.567673 1.710551 1.908696 2.231908 2.447778 2.715589 2.865658 3.192969 3.566324 3.738068 3.485226 2.786806 2.754724 2.791404 2.815389 2.77976 2.761975 3.085392 3.648639 3.979324 4.512435 5.32913 5.006691 4.496364 4.288741 4.242297 4.395036 4.352481 4.709525 5.076853 5.962222 6.018853 5.864593 6.424628 6.720083 7.283856 7.373305 6.811216 6.588632 6.104489 6.020483 6.366261 6.338203 6.126901 5.754258 5.083257 4.857732 4.301092 3.830614 3.94826 4.107857 4.277651 4.796192 4.861601 5.279621 5.217776
1.519631 1.457305 1.380674 1.346796 1.414448 1.542154 1.599185 1.533328 1.629127 1.919228 2.092366 2.418334 2.382749 2.519755 2.567279 2.283692 2.685387 2.848164 2.833878 2.707791 2.732667 3.000025 2.767056 2.833575 3.019591 3.457234 3.541775 4.423049 4.917757 4.934955 4.362381 4.522277 4.09558 5.130496 4.245399 4.71515 5.392817 6.179349 6.393483 5.827798 5.981685 6.251046 6.591907 5.805468 5.807151 6.353832 6.586261 6.446401 6.844127 7.288437 6.104948 5.518677 4.916312 4.547741 4.468405 3.671391 3.497672 3.571593 3.804704 4.314469 4.589753 4.748653 4.789471
1.463133 1.412277 1.399792 1.452349 1.545334 1.744563 1.794656 1.803666 1.826257 1.825644 2.170858 2.538965 2.33489 2.483968 2.519516 2.538139 2.559606 2.613129 2.900006 3.036589 3.127264 3.114059 2.922546 2.973145 3.148719 3.273113 3.156361 3.541822 4.158614 4.435951 4.778349 4.600463 4.302287 4.066947 4.196469 4.58243 4.4993 5.021917 5.722379 6.020682 5.932071 5.965368 5.847764 6.107263 6.430401 6.35617 6.715135 7.213954 7.363449 6.842468 6.541471 5.90865 5.120801 4.54215 4.125379 3.406782 3.116656 3.210136 3.259976 3.706583 4.010623 4.237147 4.437461
1.400854 1.381867 1.37518 1.377738 1.590583 1.587873 1.603119 1.587983 1.801145 1.960768 1.964002 2.103717 2.7111 3.174327 2.82859 2.578726 2.33614 2.403042 2.816472 3.378343 3.210399 3.222094 3.333438 3.305043 3.538818 3.977825 4.061228 3.721789 3.591562 3.522792 3.632871 4.138973 4.010207 3.844003 3.793483 4.25242 4.448094 5.378034 5.088234 5.111197 5.217436 4.857934 5.366183 5.605865 5.832439 6.264525 6.621867 6.275403 5.969319 5.984696 6.031352 6.129881 4.911099 4.612473 4.220398 3.302806 2.95422 2.771932 3.235385 3.336435 3.235315 3.384085 3.875001
1.283144 1.216626 1.184037 1.219461 1.336608 1.387428 1.463708 1.420761 1.531478 1.712119 1.683851 1.772075 2.34498 2.966819 3.146771 2.774837 2.594907 2.45092 2.768433 2.841581 3.022287 3.25423 3.508569 3.421545 3.896736 4.263843 4.48658 3.842365 3.825162 3.720392 3.557153 3.870971 3.448201 4.699419 5.224621 4.115063 4.383529 4.704575 4.782878 4.79179 4.865654 4.907278 5.168697 5.136336 5.05146 5.053695 5.221828 5.26547 5.280152 5.625032 5.689137 5.302927 4.566972 4.338435 3.829207 3.213885 2.824432 2.899622 2.847972 2.866502 3.064249 2.94197 3.261554
