project/src/data/BOM_climate/rainfall_variability/varjan.txt
ncols         178
nrows         139
xllcorner     111.875
yllcorner     -44.625
cellsize      0.25
NODATA_value  -9999
[rows 28 to 55 of 139, columns 63 to 125 of 178]
0.8230627 0.8217757 0.9143972 0.9087446 0.8915744 0.8429342 0.8431897 0.9233962 0.9572065 0.9725214 0.9544033 0.9966968 1.032379 1.073611 1.094808 1.099387 1.130145 1.05275 1.107895 1.139881 1.075404 1.150265 1.174484 1.173716 1.204473 1.243333 1.294737 1.289862 1.208722 1.258463 1.215481 1.190458 1.119882 1.098809 1.091458 1.047024 1.035412 0.9797778 0.9814993 1.071385 1.187593 1.260202 1.238947 1.216151 1.184067 1.153656 1.126572 1.065479 0.998399 0.999057 0.9625179 0.8679166 0.9309407 0.9966409 0.934262 0.9003725 0.9088879 0.9504203 0.9904664 0.9488138 0.8917257 0.8612114 0.8974582
0.8223313 0.8378052 0.8778347 0.9054994 0.962963 0.9426465 0.9566993 0.9593449 0.9783018 0.9892923 1.000271 1.01324 1.091385 1.121666 1.097606 1.110255 1.085494 1.071505 1.075818 1.059152 1.088796 1.126903 1.157654 1.241497 1.211084 1.279562 1.352149 1.431109 1.291133 1.2787 1.265931 1.247608 1.314274 1.231764 1.200491 1.177776 1.136713 1.079453 1.17189 1.160919 1.263818 1.302887 1.299194 1.269034 1.218524 1.172938 1.198774 1.152606 1.094211 1.127085 0.9771962 0.9174746 0.9421997 1.035432 1.032114 1.006205 0.969666 0.9214167 0.9285714 0.9348146 0.8190447 0.8488988 0.8384936
0.9247094 0.9171956 0.9664148 0.9883707 1.048237 1.050345 1.089993 1.022096 1.048625 1.079906 1.064193 0.9989909 1.085293 1.181309 1.151952 1.14264 1.119769 1.055499 1.096473 1.084086 1.149991 1.195965 1.177013 1.279695 1.289104 1.358214 1.404255 1.442626 1.435702 1.44049 1.412841 1.345621 1.338965 1.335245 1.365004 1.346744 1.348883 1.35934 1.292053 1.279613 1.382122 1.353319 1.32202 1.275778 1.255535 1.279998 1.230579 1.164466 1.153258 1.156178 1.036843 0.9626697 0.9692497 0.9844506 1.047023 0.9911546 0.9559615 0.9682561 0.9579998 0.8649223 0.8679494 0.8618413 0.8089728
0.9832197 1.068635 1.071802 1.111978 1.158557 1.170347 1.16596 1.113541 1.053001 1.119879 1.108061 1.111879 1.137702 1.135677 1.153851 1.13317 1.12604 1.110556 1.106841 1.133241 1.144901 1.229495 1.29795 1.333542 1.393215 1.443963 1.431912 1.471871 1.461862 1.545133 1.414039 1.281734 1.364115 1.377517 1.373564 1.485244 1.423425 1.438213 1.358166 1.39993 1.442526 1.382926 1.373099 1.358326 1.308587 1.223582 1.242828 1.179609 1.209443 1.192764 1.056307 0.9447228 0.9331747 0.9851305 1.048863 1.034228 0.9800767 0.9995662 0.9381551 0.8861145 0.8825237 0.8286837 0.8035175
1.092231 1.132076 1.173497 1.186775 1.205466 1.228639 1.194855 1.172929 1.217106 1.295253 1.264268 1.215001 1.204409 1.169771 1.115358 1.109905 1.072305 1.081529 1.123851 1.216101 1.243122 1.342823 1.408267 1.489469 1.491538 1.473188 1.391442 1.439146 1.481433 1.609369 1.415104 1.444511 1.534735 1.489207 1.468195 1.581463 1.417731 1.357391 1.313344 1.387955 1.447322 1.397761 1.386797 1.372645 1.234727 1.163781 1.103016 1.185971 1.216013 1.091954 0.982666 0.9725684 0.8992006 0.9569476 1.039125 1.056106 1.007326 1.019751 0.9383461 0.9435574 0.8805034 0.8442125 0.8383495
1.218738 1.176146 1.158086 1.15833 1.177645 1.207828 1.237181 1.232033 1.263219 1.304024 1.285295 1.279006 1.244464 1.125413 1.118497 1.023182 0.997296 1.067627 1.127517 1.183794 1.284531 1.382447 1.439503 1.494216 1.482167 1.414988 1.379103 1.366361 1.463426 1.614492 1.632945 1.621737 1.515095 1.576287 1.693792 1.554787 1.446225 1.43067 1.348041 1.315206 1.330407 1.46488 1.384164 1.294468 1.175167 1.07978 1.038707 1.09044 1.130966 1.001686 0.9824836 0.9965301 0.9583523 0.9887065 1.052011 1.030607 1.042688 1.047253 0.9335482 0.9048124 0.8652909 0.873368 0.907307
1.203421 1.179975 1.126416 1.203283 1.212222 1.221373 1.213509 1.249688 1.243215 1.238352 1.258005 1.273944 1.233364 1.142288 1.11748 1.043507 1.021094 1.103377 1.116384 1.139279 1.242198 1.368673 1.414077 1.435026 1.437759 1.483279 1.46014 1.419743 1.56367 1.629001 1.664176 1.779171 1.800156 1.856572 1.749151 1.667658 1.683188 1.651648 1.399235 1.380929 1.3939 1.402422 1.394357 1.291494 1.138303 1.071911 1.065706 1.118636 1.06718 1.099879 0.9946783 1.03454 1.043921 1.015888 1.072829 1.056979 1.072035 1.022089 0.9198513 0.8732027 0.8632287 0.8491003 0.9429798
1.212032 1.24214 1.264225 1.283008 1.393688 1.32778 1.238384 1.276411 1.256888 1.236338 1.270736 1.244205 1.241296 1.167026 1.167499 1.10117 1.119796 1.138873 1.142058 1.173825 1.238684 1.358086 1.40571 1.488833 1.537081 1.490376 1.526464 1.606998 1.621491 1.63682 1.73418 1.892107 1.959751 1.935126 1.878455 1.798725 1.680335 1.566143 1.53746 1.37291 1.433288 1.389249 1.32045 1.290398 1.203566 1.126833 1.186828 1.173981 1.160738 1.093875 1.040487 1.055491 1.052944 1.073691 1.070997 1.056522 1.138805 1.021385 1.00128 0.9411103 0.9034472 0.8495756 0.9681554
1.324755 1.396147 1.483221 1.537284 1.544389 1.459463 1.30912 1.315019 1.235962 1.272431 1.244638 1.226364 1.228769 1.174818 1.204912 1.172845 1.192292 1.190637 1.197228 1.282966 1.31182 1.380818 1.471039 1.508224 1.505074 1.626683 1.663098 1.632581 1.57853 1.682531 1.915598 1.977038 1.82892 1.793442 1.83493 1.741137 1.641275 1.549155 1.506257 1.37516 1.370787 1.433633 1.334695 1.277648 1.241271 1.195449 1.238131 1.256472 1.283556 1.215132 1.052909 1.073972 1.023849 1.084018 1.092525 1.096228 1.100331 1.020189 0.9941095 1.039027 0.9885739 0.9703397 0.9580307
1.506733 1.620531 1.664718 1.787907 1.670999 1.447053 1.428264 1.324154 1.205168 1.261701 1.213812 1.157865 1.170489 1.238353 1.233394 1.239284 1.236001 1.259337 1.2708 1.28283 1.356473 1.43264 1.532351 1.572936 1.628383 1.686228 1.76243 1.767268 1.688803 1.734621 1.917145 1.937734 1.782781 1.970233 1.861004 1.682054 1.575342 1.49008 1.464815 1.400686 1.250714 1.322452 1.315892 1.233258 1.214964 1.176158 1.234185 1.28633 1.270186 1.230495 1.111627 1.043652 1.014381 1.018066 1.10797 1.130678 1.107079 1.019147 0.9798488 1.011134 1.041702 1.018452 0.9819406
1.497662 1.653464 1.775496 1.816963 1.559423 1.54973 1.489294 1.334991 1.262887 1.238653 1.261137 1.285406 1.290428 1.26049 1.230186 1.236699 1.286053 1.313097 1.312803 1.384581 1.475463 1.510422 1.514793 1.71676 1.771657 1.856813 1.882531 1.834497 1.762899 1.768164 1.862699 1.868678 1.881333 1.884184 1.784268 1.60214 1.564563 1.459957 1.479144 1.383592 1.279626 1.347159 1.315196 1.330397 1.300586 1.187366 1.193982 1.258769 1.266683 1.201979 1.126747 1.093655 1.045784 0.9848673 1.047481 1.071785 1.13982 1.070739 1.006057 1.010722 1.061017 1.049838 1.049063
1.505796 1.627083 1.712382 1.847943 1.708089 1.640584 1.496711 1.374331 1.405839 1.380865 1.371683 1.299454 1.297008 1.242515 1.20672 1.252584 1.27739 1.365628 1.397346 1.460173 1.541752 1.571228 1.61978 1.767715 1.841817 1.963201 1.924158 1.930664 1.838336 1.909039 1.840359 1.839055 1.847319 1.867262 1.781178 1.685249 1.625062 1.605208 1.457111 1.443106 1.323497 1.305167 1.283403 1.327653 1.302767 1.263829 1.349175 1.386847 1.384724 1.311017 1.239851 1.185191 1.130918 1.037242 1.105379 1.138127 1.156617 1.094494 1.078957 1.131455 1.155436 1.110067 1.087735
1.601266 1.688773 1.734532 1.745984 1.7101 1.616296 1.533449 1.475539 1.503528 1.549488 1.526973 1.446679 1.395059 1.304093 1.236761 1.273146 1.309587 1.389571 1.437 1.450977 1.566834 1.660991 1.723693 1.774952 1.830379 1.934969 1.948696 1.990542 1.946772 1.942079 1.810639 1.770612 1.807663 1.88594 1.969324 1.913591 1.866869 1.819736 1.654266 1.492833 1.340097 1.314825 1.317747 1.296396 1.30735 1.26674 1.302081 1.334611 1.380613 1.434152 1.296211 1.230621 1.204941 1.073162 1.072463 1.13743 1.166151 1.205545 1.186602 1.216921 1.216391 1.19528 1.154422
1.656684 1.709835 1.715181 1.621398 1.593238 1.601655 1.524781 1.55284 1.622466 1.670844 1.656324 1.590632 1.540357 1.458467 1.337985 1.292943 1.372806 1.429708 1.436694 1.473465 1.583427 1.688966 1.750925 1.785294 1.840153 1.863943 1.934662 1.971915 1.874143 1.913356 1.867571 1.763361 1.864802 1.86811 1.921052 2.026867 1.986189 1.758821 1.641485 1.552659 1.4914 1.37644 1.412194 1.407328 1.307476 1.205321 1.284293 1.258934 1.414853 1.515357 1.370471 1.328757 1.232859 1.117526 1.052168 1.135233 1.200106 1.233624 1.19981 1.289624 1.27938 1.280103 1.237782
1.800047 1.830303 1.859448 1.622085 1.615556 1.631748 1.558102 1.605291 1.747737 1.77701 1.737191 1.648364 1.572701 1.460054 1.355941 1.378811 1.405764 1.433735 1.471638 1.544323 1.616462 1.71262 1.830671 1.875463 2.003834 1.983657 2.041306 1.959227 1.959478 1.957776 1.751838 1.740862 1.872845 1.845175 1.842505 1.918007 1.924133 1.678629 1.628861 1.559312 1.503393 1.518021 1.556806 1.404071 1.383264 1.178084 1.149389 1.219079 1.373879 1.435195 1.424493 1.387559 1.290078 1.171768 1.079525 1.148403 1.262739 1.20397 1.286938 1.358763 1.35755 1.349721 1.450561
1.868904 1.892463 1.808158 1.684924 1.710867 1.62095 1.623819 1.691305 1.76532 1.774644 1.784009 1.650345 1.579996 1.475813 1.445615 1.480356 1.40701 1.416771 1.565648 1.669188 1.750743 1.828776 1.940021 1.980038 1.986666 2.014122 2.13054 2.074899 2.011982 1.869607 1.816957 1.801151 1.864276 1.890781 1.972919 1.86568 1.871431 1.78475 1.72978 1.688697 1.783304 1.696043 1.570538 1.454 1.349277 1.292386 1.204532 1.218431 1.301732 1.40889 1.406282 1.424433 1.345676 1.271479 1.232651 1.25937 1.306439 1.337984 1.371457 1.478962 1.391202 1.43472 1.461046
1.846435 1.824396 1.747641 1.642781 1.673767 1.630814 1.650438 1.708346 1.758376 1.800853 1.728365 1.647718 1.619768 1.536597 1.437377 1.420436 1.475135 1.551774 1.61212 1.73923 1.821134 1.898567 2.033397 2.025631 2.130688 2.256866 2.095985 2.022747 1.912745 1.941116 1.820324 1.739171 1.797908 1.833182 2.013056 2.066964 1.918796 1.889295 1.935859 1.922411 1.927721 1.855348 1.707731 1.547155 1.419783 1.357929 1.325728 1.297459 1.288283 1.361076 1.505483 1.501824 1.498597 1.401769 1.414747 1.38446 1.447093 1.457929 1.377229 1.362563 1.373587 1.421062 1.377964
1.689592 1.704441 1.736715 1.720178 1.746129 1.772475 1.733091 1.747436 1.789072 1.691299 1.752046 1.724855 1.659636 1.501877 1.423497 1.495316 1.466669 1.512946 1.625948 1.714955 1.824967 1.829764 2.086605 2.065346 1.990777 2.096436 2.12996 2.069995 1.995836 2.048819 1.921425 1.865527 1.786812 1.814266 1.938317 2.020532 2.047665 2.063344 2.084794 1.92849 1.887595 1.7526 1.649645 1.518225 1.431847 1.458922 1.488626 1.469579 1.499249 1.569454 1.687912 1.657842 1.577502 1.479842 1.540151 1.613713 1.623493 1.642432 1.445197 1.408355 1.443784 1.451148 1.340287
1.595725 1.627768 1.67391 1.732985 1.71306 1.746012 1.722409 1.682154 1.692137 1.743848 1.663582 1.666977 1.573889 1.504179 1.462352 1.475154 1.50192 1.600809 1.616415 1.838636 1.975942 1.894045 2.056326 2.043339 2.132635 2.0496 2.111725 2.194723 2.093585 2.120806 1.95983 1.869138 1.783836 1.733497 1.873583 2.050821 2.079669 2.062726 2.102609 1.931144 1.721941 1.763029 1.659288 1.493005 1.571271 1.624421 1.716343 1.61085 1.584733 1.64941 1.683746 1.707949 1.631856 1.562774 1.63012 1.652089 1.736326 1.624254 1.502473 1.418505 1.544197 1.534962 1.472044
1.606357 1.632544 1.680963 1.687718 1.692716 1.703792 1.648853 1.555449 1.637231 1.661445 1.658083 1.616341 1.591402 1.595374 1.551253 1.49931 1.665912 1.691303 1.720659 1.835466 2.163092 2.055037 2.059283 2.132018 2.123621 2.158704 2.174185 2.162289 2.131775 2.244301 2.227228 1.960001 1.845244 1.83476 1.856505 1.915579 1.956038 2.071495 2.015679 1.911921 1.909529 1.866406 1.725916 1.666126 1.677712 1.769969 1.920636 1.775564 1.643091 1.642683 1.623316 1.73518 1.627455 1.622675 1.731587 1.754809 1.698395 1.61233 1.644884 1.536458 1.642082 1.564202 1.625667
1.611945 1.635588 1.646476 1.650666 1.661369 1.652081 1.573187 1.538179 1.529707 1.629443 1.67576 1.704183 1.770691 1.718177 1.642829 1.672062 1.827767 1.777346 1.659158 1.807095 2.129878 2.23054 2.196091 2.143605 2.268443 2.251732 2.219453 2.22586 2.142835 2.202269 2.335789 2.075241 1.888388 1.861148 1.773296 1.806209 1.835408 1.953719 1.905602 1.853695 1.881802 1.854574 1.930118 1.846094 1.827885 1.905963 2.013574 1.959421 1.826919 1.798916 1.750328 1.65097 1.555064 1.555837 1.652006 1.643252 1.698336 1.593587 1.615304 1.738862 1.737648 1.675156 1.620013
1.600566 1.629621 1.630799 1.680451 1.678881 1.606471 1.609614 1.561658 1.560095 1.664416 1.732328 1.800622 1.820262 1.837892 1.783918 1.72314 1.782344 1.787238 1.698659 1.824262 1.989412 2.239008 2.264804 2.248267 2.277157 2.1299 2.127234 2.299484 2.283823 2.283426 2.206705 2.247338 2.128846 2.009026 1.878955 1.776941 1.887015 1.964593 1.998675 1.941882 1.997401 2.085908 2.096504 2.205155 2.196802 2.007024 2.088078 2.019768 2.05913 2.004044 1.955921 1.734571 1.505064 1.666721 1.667519 1.734519 1.675401 1.589404 1.684399 1.89231 1.863039 1.751918 1.73016
1.629978 1.682693 1.697012 1.665587 1.63689 1.611774 1.628814 1.53145 1.570085 1.71607 1.77722 1.86328 1.964103 2.048357 1.931898 1.839639 1.765133 1.825102 1.837708 1.8783 1.943988 1.984053 2.14421 2.116622 2.109523 2.147923 2.168427 2.155505 2.220773 2.118893 2.1389 2.138809 2.097758 1.989152 2.006171 2.057451 1.986659 2.025801 2.064144 2.061858 2.053395 2.221696 2.378141 2.459937 2.27226 2.227096 2.016669 2.156691 2.134459 2.126299 1.901168 1.791176 1.644466 1.775066 1.791514 1.842489 1.761029 1.718487 1.724198 1.889813 1.99357 1.84727 1.665251
1.589145 1.621644 1.613525 1.597417 1.589333 1.574166 1.542784 1.526387 1.567583 1.861887 1.958798 2.05908 2.151631 2.164196 2.056734 1.943821 1.961247 1.947128 1.913633 1.874375 2.030451 1.907205 1.931009 1.950156 1.83468 1.927828 2.043372 2.168643 2.067361 2.039924 2.235577 2.221826 2.105174 2.085555 2.129058 2.246737 2.15308 2.115373 2.084992 1.932599 2.014643 2.362033 2.396984 2.627691 2.336104 2.165536 1.994245 2.29574 2.327453 2.377921 2.084806 1.929949 1.763109 1.784989 1.928973 1.944244 1.92842 1.939316 1.878874 1.951301 1.948293 1.863687 1.762253
1.55269 1.560014 1.586677 1.522116 1.580862 1.593101 1.558295 1.559638 1.59652 1.940598 1.972061 2.012115 2.16385 2.227201 2.215843 2.013871 2.025835 2.10884 2.149532 2.033764 2.046354 2.038096 1.997037 1.979889 1.870937 1.941433 2.031739 2.181002 2.277408 2.141142 2.084424 2.128518 2.196585 2.089737 2.026932 2.124916 2.349921 2.258976 1.984244 1.991646 2.243402 2.349696 2.586833 2.801866 2.653429 2.415426 2.190667 2.527877 2.83311 2.635084 2.329566 1.965614 2.044775 1.931268 1.925751 1.828745 1.889353 2.060066 1.994705 1.935878 1.838319 1.789193 1.855789
1.500951 1.516932 1.523005 1.507329 1.558053 1.57287 1.571918 1.566043 1.597255 1.824106 2.004087 2.07225 2.206687 2.238027 2.229348 1.953148 2.038369 2.135723 2.148498 2.093096 2.032344 2.110541 2.04654 2.081321 2.028944 1.985744 1.935155 2.147028 2.28716 2.397232 2.298568 2.238075 2.293721 2.130915 1.914713 2.069563 2.100964 2.111691 2.016905 2.003546 2.149676 2.321887 2.563703 2.798998 2.730736 2.574257 2.316971 2.576469 2.69103 2.793807 2.649737 2.365695 2.211464 2.09546 2.066971 2.003216 1.91907 2.211575 2.155422 1.950866 1.921395 1.855878 1.980439
1.361385 1.41518 1.425075 1.456213 1.496942 1.539076 1.597183 1.612411 1.716799 1.868058 1.96977 2.103129 2.135733 2.110979 1.997036 1.918105 2.057479 2.113791 2.201757 2.234348 2.226672 2.269382 2.071743 2.12207 2.098566 2.088923 2.054978 2.201949 2.414609 2.448117 2.419602 2.332994 2.220036 2.067865 2.042727 2.069551 2.189779 2.103744 2.01044 1.932517 2.033991 2.286676 2.520683 2.721801 2.791358 2.437971 2.601507 2.657268 2.641617 2.642734 2.697183 2.351076 2.389348 2.231855 2.283064 2.132897 2.147213 2.291149 2.350636 2.116682 1.982107 2.061526 2.131021
1.478064 1.490618 1.432697 1.488069 1.586471 1.683743 1.737192 1.758513 1.773849 1.840563 1.950265 2.018928 2.025722 1.990222 1.960462 1.940411 1.942152 1.99398 2.262066 2.371155 2.424512 2.400851 2.186942 2.199383 2.345432 2.398092 1.919161 2.033562 2.290949 2.460776 2.301878 2.215286 2.207652 2.154999 2.213102 2.122267 2.105528 2.001057 1.995133 1.943809 1.954881 2.25203 2.517885 2.568298 2.42201 2.484621 2.533884 2.611032 2.662018 2.604147 2.68309 2.595513 2.590281 2.457283 2.399831 2.278532 2.321974 2.432934 2.54258 2.326834 2.071863 2.081336 2.153872
