project/src/data/BOM_climate/rainfall_variability/varjul.txt
ncols         178
nrows         139
xllcorner     111.875
yllcorner     -44.625
cellsize      0.25
NODATA_value  -9999
[rows 56 to 83 of 139, columns 0 to 62 of 178]
1.13888 1.077903 1.09702 1.106459 1.177971 1.179917 1.169034 1.358799 1.331917 1.461399 1.518224 1.568809 1.828626 2.334985 2.657037 2.620712 2.492748 2.550302 2.675501 2.824317 2.847953 3.174937 3.18984 3.64699 3.989939 4.295417 4.323524 4.258151 3.920812 3.73481 3.925961 3.673973 3.789829 4.826424 4.936259 4.167449 3.931252 4.012485 4.302489 4.514939 4.517912 4.862275 5.016751 4.943789 4.998792 5.193192 5.287213 5.53157 5.046586 5.178192 5.117854 4.824333 4.232612 4.043033 3.482962 3.103937 2.658719 2.535151 2.641831 2.676942 2.664804 2.881195 2.787243
1.00299 0.9443657 0.9512824 0.9754025 0.9236019 0.9276886 0.9952651 1.092224 1.1136 1.185811 1.355028 1.545791 1.746991 2.055561 2.379409 2.152745 2.412432 2.776458 2.93763 2.532351 2.678393 2.882888 2.989815 3.29638 3.566303 3.950477 3.895864 3.908908 3.641994 3.716542 3.968249 4.538657 4.570963 4.348839 4.494132 4.235583 4.416488 4.36542 4.309376 4.285686 4.624082 4.780285 4.921353 4.847881 5.057058 5.24845 5.527656 5.566707 5.694638 5.938047 5.754144 4.600075 3.779965 3.655563 3.395346 2.807429 2.602695 2.438129 2.364012 2.371979 2.491462 2.585299 2.719647
0.880844 0.8512373 0.8355676 0.8009675 0.7937758 0.7815085 0.8440335 1.057736 1.060665 1.08624 1.333364 1.376592 1.484478 1.927505 2.162289 1.982241 2.328735 2.525466 2.359493 2.6397 2.614058 2.690041 2.755699 2.90231 3.037347 3.244909 3.605963 3.372945 3.496263 3.631977 3.752043 4.574475 5.41831 5.14996 4.791841 4.685339 4.538018 4.521016 4.462921 4.451322 4.251373 4.587882 4.999203 5.410476 5.800613 7.140224 6.778876 6.969528 6.07401 6.546877 5.742839 4.720397 3.877429 3.327595 3.082689 2.764757 2.515395 2.326928 2.237173 2.296897 2.329382 2.520698 2.620096
0.8366576 0.7874298 0.7700706 0.7476477 0.7134914 0.7683863 0.8972756 1.179713 1.148155 1.005162 1.109318 1.262433 1.390811 1.630233 1.628781 1.678786 2.039517 2.314731 2.569313 2.579236 2.840191 2.613185 2.606162 2.71261 2.933118 2.952488 3.02849 2.721603 3.160482 3.246099 3.634803 4.328089 4.894026 4.849365 4.785561 4.483706 4.611379 4.671172 5.215005 4.832677 4.590039 5.025476 5.176863 5.222119 5.456893 6.461639 8.561332 8.135185 7.390729 6.006288 5.793631 4.989216 4.258048 3.41423 2.910648 2.718 2.58721 2.25225 2.101384 2.165805 2.21085 2.421654 2.666136
0.7788773 0.7012113 0.7032006 0.7541882 0.7481337 0.7644947 0.8212673 0.9953638 0.9841235 1.11629 1.092874 1.165751 1.345906 1.563293 1.39394 1.559138 1.898252 2.23948 2.528366 2.727506 2.708254 2.864809 2.546818 2.465192 2.481544 2.675045 2.568467 2.490764 2.816514 3.169259 3.571214 4.404813 4.291968 4.661669 5.034816 4.95184 4.845252 4.304462 4.994815 5.316999 4.850115 5.389767 6.01143 5.800081 6.158608 6.337852 6.835388 7.948003 8.665063 7.002175 6.302069 4.905999 4.641947 3.597565 3.116754 2.804526 2.520102 2.183726 2.062156 2.076556 2.124235 2.222249 2.57365
0.7043143 0.703304 0.700716 0.7066106 0.7405733 0.772203 0.7473168 0.7618436 0.9284523 1.247943 1.413551 1.147962 1.337106 1.479553 1.472625 1.339156 1.56954 1.806872 2.174542 2.534699 2.442506 2.783583 2.590778 2.235466 2.212002 2.211275 2.247699 2.394541 2.439391 2.767637 3.244482 3.838405 4.149165 3.91394 4.640959 4.90039 4.33435 3.783117 4.331841 4.80888 5.226004 5.48389 6.040356 6.071307 6.408944 7.031275 7.081703 7.1891 8.32882 9.078405 7.211345 5.898049 5.107237 3.99318 3.42576 2.970351 2.633241 2.315096 2.025521 1.986969 2.087788 2.134897 2.304342
0.68174 0.6319582 0.6171193 0.6489019 0.7235009 0.6547643 0.7181874 0.7264797 0.8792899 1.372888 1.548752 1.273347 1.169421 1.343158 1.248537 1.349408 1.465646 1.592649 1.716822 1.837172 2.087779 2.064701 2.156858 2.124997 2.175935 2.240797 2.23253 2.489999 2.565291 2.416499 2.614735 2.651724 3.063428 3.392135 3.949729 3.972714 4.144688 3.529063 3.750878 4.558496 5.082582 5.697614 6.193467 6.138111 7.240744 7.322226 6.926069 7.416253 8.140568 7.945217 8.659224 7.053138 5.849303 4.28706 3.520464 3.007478 2.627613 2.279227 2.080784 1.953974 1.987691 2.04693 2.039149
0.6650218 0.705478 0.7086278 0.7085464 0.761986 0.8306533 0.6740611 0.7489144 0.8283154 1.218314 1.338093 1.175294 1.145712 1.097265 1.249547 1.365469 1.564092 1.567344 1.593457 1.694622 1.753725 1.736089 1.817736 1.852491 1.814857 1.934123 2.023849 2.264176 2.387604 2.307992 2.240073 2.298007 2.619805 3.161476 3.320752 3.571973 3.79318 3.510641 3.49999 4.244192 5.102383 5.731398 5.905001 6.620329 7.181982 7.276996 7.361646 7.421915 8.526559 8.189936 8.038785 7.206583 6.283088 4.497006 3.637743 3.078371 2.586081 2.342032 2.064404 1.917346 1.855631 1.899082 1.871731
0.6348649 0.7009917 0.7059392 0.7083468 0.7308153 0.7939945 0.6633838 0.6453279 0.7248963 0.9792699 1.156059 1.102123 1.114214 1.179782 1.22524 1.37227 1.47057 1.608213 1.754636 1.827942 1.680389 1.816554 1.740077 1.749075 1.691235 1.587957 1.753685 1.755125 1.918463 2.109392 2.213804 2.155539 2.396527 2.57123 2.84628 3.455486 3.433385 3.752504 3.840188 3.898659 4.483048 5.144247 5.674408 6.150199 6.268627 6.887458 7.127252 6.566602 7.129571 7.435585 7.279314 6.881908 5.744702 5.176092 3.972514 3.160039 2.65284 2.364512 2.157183 1.942454 1.792598 1.826733 1.775601
0.5656501 0.6493974 0.7041359 0.7093801 0.707214 0.7660059 0.6406423 0.5953289 0.7331067 0.9896808 1.031744 0.989413 1.035552 1.256292 1.379531 1.491118 1.560875 1.600062 1.610868 1.699546 1.640306 1.554159 1.675732 1.71739 1.948749 1.842589 1.977536 1.632153 1.690464 1.794383 2.002825 2.262458 2.59609 2.573304 2.957461 3.402523 3.786901 3.708586 3.843105 4.054228 4.480562 5.303172 5.577231 5.6376 5.803552 5.528089 5.591004 5.284277 5.747529 5.605793 5.661747 5.564197 5.324539 4.83461 4.39649 3.328762 2.744868 2.426669 2.200553 2.046138 1.884314 1.781534 1.738329
0.5056238 0.5960757 0.6561294 0.6590048 0.6693391 0.6578487 0.5991838 0.6194679 0.6638927 0.8287741 0.8101078 0.9158328 1.006543 1.21606 1.449502 1.460299 1.46341 1.413602 1.386945 1.380994 1.419265 1.258774 1.152512 1.228896 1.505585 1.799051 1.772883 1.825233 1.331208 1.507143 1.824107 2.167407 2.390349 2.224251 2.365996 2.799989 3.354043 3.395699 3.538061 3.758061 4.112073 5.245829 5.85195 5.736129 5.341745 5.180572 5.100226 5.000066 5.070425 4.933739 5.224076 5.195793 5.063194 4.69689 4.058496 3.489599 3.008579 2.533256 2.233961 2.132736 1.955049 1.835109 1.670519
0.479605 0.5814778 0.5729677 0.5883168 0.593679 0.5818657 0.5640244 0.607512 0.6488287 0.5806683 0.696188 0.8129405 0.9050411 0.9998299 1.164635 1.311465 1.259313 1.322774 1.29175 1.183751 1.140188 1.12117 1.090287 1.106706 1.42558 1.701951 1.90266 1.826838 1.344687 1.370026 1.518847 1.84836 1.859587 1.896421 1.9399 1.973933 2.201334 2.759095 3.306168 3.342587 3.797774 4.358884 4.554552 4.428572 4.739266 4.834222 4.84574 4.802696 4.781245 5.07419 5.12191 5.083585 4.834652 4.409382 3.943302 3.706148 3.000087 2.695111 2.373727 2.137197 2.029446 1.813863 1.727644
0.4474985 0.5115578 0.5048241 0.4903521 0.4944526 0.4642341 0.4676255 0.5138882 0.5543535 0.567598 0.6178351 0.7264407 0.8379403 0.9066318 1.009284 1.080349 1.115873 1.322144 1.274295 1.070588 1.083629 1.09933 1.217947 1.41568 1.568888 1.828179 1.669953 1.828017 1.519174 1.322838 1.509746 1.684057 1.623813 1.568547 1.575391 1.574922 1.844066 2.398987 2.91086 2.987489 3.339642 3.424746 3.701281 3.825185 4.128122 4.372795 4.70086 4.758204 4.738363 4.689716 4.68312 4.602504 4.462545 4.183867 4.007649 3.560357 3.037601 2.678959 2.623084 2.205379 2.018492 1.875331 1.90349
0.3835302 0.4072613 0.4467821 0.4406831 0.43043 0.4295477 0.4734923 0.5457392 0.5838414 0.6001246 0.6258749 0.6476956 0.6496623 0.7657081 0.9262871 1.165495 1.188341 1.129093 1.255521 1.196948 1.086638 1.051564 1.325449 1.715616 1.580418 1.35663 1.147997 1.150771 1.187378 1.28857 1.607232 1.608612 1.712528 1.82235 1.922709 1.616859 1.679946 2.130994 2.515718 2.729147 2.785127 2.827569 2.855023 3.079814 3.281955 3.57596 4.010769 4.221387 4.316932 4.475206 4.359622 4.348319 4.184124 3.923658 3.786651 3.461852 3.025118 2.805214 2.542173 2.421701 2.250042 2.07474 2.028488
0.3520018 0.3676574 0.4012923 0.388392 0.3942208 0.4561302 0.5196728 0.5726351 0.5972667 0.5984606 0.6193795 0.6157911 0.6179343 0.6235381 0.7760665 1.102805 0.9729714 0.8851247 1.010464 1.145619 1.111969 1.127768 1.277353 1.457244 1.386262 1.057735 0.8793603 0.9958979 1.068216 1.195469 1.443791 1.734753 1.676503 1.989295 2.085831 2.06931 1.682666 1.935185 2.433033 2.407398 2.429064 2.38075 2.642675 2.802822 2.820697 2.910017 3.351419 3.970144 4.023705 4.114895 4.009449 4.068438 4.086175 3.650612 3.582298 3.439586 3.179504 2.736286 2.725541 2.524807 2.257764 2.158244 2.108479
0.3374518 0.3648108 0.3577909 0.3951837 0.4197393 0.4797397 0.5370377 0.5560054 0.526786 0.539826 0.5411047 0.6092838 0.6563982 0.6192556 0.722418 0.8553543 0.8519323 0.8282477 0.8873302 1.046407 1.016292 0.9792219 1.114877 1.185981 1.075568 0.8870675 1.001855 1.100872 1.058096 1.127768 1.450358 1.731444 1.594935 2.049036 1.987977 1.873622 1.593359 1.845446 2.137045 2.245561 2.119506 2.083259 2.102675 2.259652 2.477474 2.847727 2.900096 3.442564 3.650712 3.680215 3.74509 3.852654 3.86098 3.653391 3.475596 3.201251 2.982727 2.737137 2.703936 2.646282 2.380593 2.181263 2.191709
0.3472394 0.3595398 0.3731125 0.3880039 0.4274496 0.4591998 0.4895281 0.4969801 0.4632009 0.4641794 0.4997678 0.5905523 0.6446216 0.691786 0.7059889 0.7759499 0.8069839 0.8036042 0.9428288 1.056287 0.9666609 0.9514297 1.132549 1.192623 0.9961212 1.050383 1.24821 1.296153 1.325311 1.440828 1.510454 1.313153 1.537657 2.076231 1.490458 1.354103 1.517457 1.588682 1.717301 1.782814 1.823296 1.779775 1.768699 1.937072 2.216517 2.39985 2.566346 2.77356 3.090666 3.329932 3.535948 3.692802 3.591369 3.469918 3.316028 3.198968 2.973576 2.858078 2.613234 2.754062 2.596062 2.382669 2.312587
0.3606373 0.370689 0.3826988 0.4011766 0.4101933 0.4314338 0.4629366 0.4475702 0.4285659 0.4203176 0.4617463 0.4893207 0.6075658 0.7021378 0.6416394 0.6657157 0.6749871 0.8319045 1.113758 1.081387 0.9712522 1.031126 1.134311 1.20506 1.139732 1.126541 1.088513 1.157236 1.301043 1.28538 1.264536 1.19132 1.302163 1.738161 1.738856 1.409474 1.42832 1.338378 1.330565 1.341398 1.450087 1.552176 1.5756 1.634561 1.90097 2.071328 2.108924 2.26248 2.558918 3.010866 3.354979 3.465374 3.356142 3.257676 3.22449 3.200347 2.997707 2.88797 2.558949 2.662691 2.527476 2.58306 2.600046
0.3702008 0.3724731 0.3878101 0.4075961 0.4257789 0.4304333 0.4425431 0.4138445 0.383496 0.4048297 0.4429086 0.4942918 0.525439 0.5895244 0.6053532 0.6694856 0.6878511 0.7444686 0.9917527 1.048321 0.9520175 1.021362 1.035992 1.163171 1.045604 0.8963749 0.9275276 1.003479 1.238606 1.156735 1.07906 1.084367 1.221451 1.270981 1.335902 1.34144 1.821962 1.617463 1.211781 1.082112 1.18103 1.366079 1.558218 1.545045 1.750524 1.894348 1.895147 2.051382 2.470522 2.839376 3.032861 3.22505 3.26807 3.155778 3.120161 3.104779 2.904456 2.878918 2.841213 2.66188 2.633939 2.651271 2.855211
0.3780501 0.3817065 0.3804119 0.3941152 0.4158946 0.4199423 0.4201179 0.3965392 0.399492 0.3887667 0.3879991 0.4229842 0.5006088 0.5080729 0.509613 0.6201942 0.7025471 0.6945173 0.6618259 0.7756292 0.8735936 1.119912 1.080209 1.158826 1.118923 0.9460763 0.9391308 0.9851949 1.105112 0.9808074 1.010794 1.173409 1.330028 1.259016 1.325714 1.355483 1.712975 1.672644 1.502584 1.485623 1.2708 1.652435 1.774647 1.616198 1.822004 1.771742 1.823608 2.230011 2.500706 2.722146 2.997758 3.14477 3.12013 3.161826 2.988486 2.915213 2.821691 2.787665 2.761842 2.938877 2.644526 2.711982 2.814682
0.3969389 0.3940898 0.388506 0.3882047 0.4061126 0.4043826 0.3999936 0.4121721 0.4149374 0.4202341 0.4075767 0.4225603 0.4745167 0.5522311 0.604058 0.6322098 0.6406393 0.7013691 0.640701 0.6815049 0.7734604 0.8485847 0.9399685 1.048766 1.073244 0.9542866 0.9534752 1.009888 1.042535 1.031641 1.016754 1.215821 1.302755 1.28812 1.214042 1.225762 1.143107 1.458489 2.021714 2.244994 1.624373 1.603848 1.646276 1.707011 1.903251 1.872296 2.0071 2.327012 2.462119 2.614739 2.717131 2.901349 2.869597 2.900938 2.76272 2.78533 2.746677 2.647622 2.702061 2.905229 2.786928 2.739562 2.750068
0.3969224 0.3924153 0.3792078 0.3689642 0.4045779 0.4088702 0.4096369 0.4109073 0.4106455 0.4010683 0.4007542 0.43391 0.4994656 0.526445 0.608243 0.6690209 0.7072027 0.713303 0.6748074 0.6664881 0.7708904 0.8252939 0.881869 1.052422 1.015213 0.9474632 0.9380149 0.9575633 1.074803 0.972139 1.025586 1.128417 1.271689 1.218924 1.153531 1.100212 1.053308 1.419981 2.073526 2.263625 1.961401 1.642524 1.709501 1.873648 1.936674 1.968502 2.071343 2.34441 2.456733 2.476563 2.634851 2.640772 2.60169 2.631834 2.639602 2.770323 2.77526 2.596354 2.698901 2.683693 2.585766 2.4212 2.593288
0.3800977 0.3750344 0.3678546 0.3600456 0.3880078 0.4010186 0.4060774 0.4020406 0.3940024 0.4091377 0.3920398 0.39174 0.4087467 0.436534 0.4778345 0.6313031 0.695026 0.6943946 0.6754244 0.6513028 0.6842892 0.7473516 0.798515 0.8520156 0.7808896 0.8393809 0.8670777 0.9204152 1.067171 1.016966 1.10777 1.178893 1.252949 1.25501 1.234356 1.178868 1.067166 1.27978 1.456073 1.504848 1.691597 2.139656 2.051594 2.145832 2.193414 2.197681 2.186771 2.490597 2.670095 2.499719 2.418686 2.440608 2.366864 2.474657 2.649036 2.726774 2.504369 2.455601 2.490959 2.42187 2.35219 2.317039 2.519932
0.3690002 0.3680893 0.3648485 0.3620379 0.3579527 0.3712021 0.3841147 0.3876402 0.3780195 0.3757823 0.3662134 0.3637817 0.3939617 0.4038146 0.4302794 0.5031366 0.6338712 0.6925889 0.6829847 0.6428422 0.5843934 0.6250631 0.6814294 0.7007253 0.6791274 0.6969654 0.7940685 0.8805477 1.033905 1.108818 1.127965 1.185509 1.207365 1.228889 1.287658 1.362259 1.352092 1.216288 1.247205 1.433464 1.727269 2.0434 2.291275 2.370352 2.362938 2.392731 2.44855 2.602407 2.682289 2.660989 2.565889 2.47821 2.474521 2.436668 2.426083 2.332546 2.23206 2.258677 2.23866 2.20278 2.227534 2.293249 2.325419
0.3653677 0.3701156 0.374062 0.3737873 0.3601269 0.3556071 0.353348 0.3621166 0.3603837 0.3617275 0.3837678 0.3957385 0.4150212 0.4224055 0.4100417 0.4494815 0.5602061 0.6808234 0.6941473 0.6942859 0.6271136 0.608774 0.5976112 0.6458203 0.6498331 0.6400126 0.708509 0.820935 0.9350251 0.9972894 1.040194 1.095467 1.134072 1.159795 1.286321 1.347236 1.394304 1.206165 1.252149 1.359389 1.602492 1.853877 2.084008 2.217357 2.255712 2.274282 2.407916 2.555692 2.517294 2.567422 2.621658 2.468805 2.359475 2.360238 2.260593 2.168287 2.261849 2.181031 2.139431 2.1913 2.207644 2.207162 2.38938
0.36972 0.3718684 0.375063 0.3781348 0.367426 0.3557392 0.3488512 0.3588457 0.3679606 0.3585742 0.3286118 0.356115 0.3711459 0.3595672 0.3986835 0.4361066 0.5367333 0.5765667 0.6302301 0.6886889 0.6896745 0.6374331 0.5796899 0.6086033 0.6036833 0.6112885 0.6108301 0.6850427 0.7670826 0.8087026 0.8588243 0.9131057 0.9201716 1.015181 1.063221 1.050925 1.181125 1.268898 1.115644 1.178137 1.343022 1.604634 1.981321 2.262567 2.163904 2.099299 2.154639 2.223309 2.226839 2.246082 2.44292 2.29996 2.243559 2.109606 2.016642 2.031917 2.062676 2.049471 2.056174 2.069758 2.075227 2.100285 2.271086
0.3739072 0.3752004 0.3761781 0.3780401 0.3743107 0.3577504 0.3529375 0.3370707 0.3590988 0.3372889 0.3313044 0.3688271 0.4173876 0.3769032 0.3874271 0.4674962 0.5495403 0.6431581 0.5978827 0.6177647 0.6439314 0.6592269 0.6296631 0.6352172 0.6694591 0.6293724 0.6659508 0.5459583 0.6120446 0.6619403 0.7180002 0.7299302 0.7954526 0.8824797 0.9712733 0.9678984 0.9122002 1.126354 1.380444 1.353444 1.187322 1.241443 1.421729 1.692691 1.689333 1.731637 1.840407 1.941512 2.104009 2.053028 2.215246 2.023966 1.955569 1.919328 1.852532 1.827007 1.892989 1.853294 1.897759 2.079839 2.118622 2.034375 2.084004
0.3643215 0.365554 0.3655972 0.3679947 0.3728097 0.3711662 0.367981 0.3578181 0.3614752 0.3560113 0.3528818 0.3520559 0.358537 0.3741414 0.3891633 0.4555053 0.5283385 0.6160027 0.6354054 0.63195 0.6037258 0.6863616 0.6741212 0.6734547 0.6848002 0.6883766 0.6648989 0.610651 0.6434126 0.6692458 0.6770441 0.6886132 0.7348764 0.8052586 0.8472505 0.896566 0.7891341 0.9981728 1.293574 1.135499 1.017763 1.076636 1.298073 1.467574 1.437267 1.489734 1.633378 1.838388 1.9052 1.791601 1.874149 1.769285 1.673973 1.69999 1.730881 1.742457 1.753171 1.683488 1.782748 2.068518 2.079537 1.98241 1.866194
