project/src/data/BOM_climate/rainfall_variability/varjan.txt
ncols         178
nrows         139
xllcorner     111.875
yllcorner     -44.625
cellsize      0.25
NODATA_value  -9999
[rows 0 to 27 of 139, columns 63 to 125 of 178]
0.6635347 0.6377844 0.6207862 0.6017714 0.5934843 0.6005372 0.5955558 0.593312 0.5919175 0.5898898 0.5895972 0.5867559 0.5807707 0.5824835 0.575049 0.5572033 0.5752792 0.6199545 0.627022 0.6094481 0.5996275 0.5802991 0.6065567 0.6153144 0.6081658 0.6178121 0.6337412 0.6376777 0.6408109 0.6422392 0.6468365 0.6571869 0.6532497 0.5924475 0.5248505 0.5180335 0.5159577 0.5073845 0.5554051 0.5475304 0.5286685 0.511574 0.4920233 0.4558467 0.4404673 0.4265804 0.396808 0.3703109 0.3547471 0.3676867 0.3884621 0.3993055 0.4200986 0.4247496 0.4236599 0.446796 0.4771243 0.4825465 0.5151447 0.5031862 0.503223 0.4995117 0.4657866
0.6449497 0.6116121 0.6085536 0.5956423 0.5982053 0.5969859 0.5986419 0.5987893 0.6032609 0.5933359 0.5751938 0.5860025 0.5880065 0.5824881 0.5791739 0.6256437 0.6472029 0.656166 0.6592162 0.6472563 0.6311433 0.6015245 0.6141232 0.6039071 0.5939711 0.6089812 0.6241462 0.6389217 0.6308796 0.6418 0.6524176 0.650749 0.6443358 0.6105146 0.5666348 0.5764117 0.5537726 0.5250695 0.553964 0.5335143 0.5290964 0.5153708 0.4898096 0.4421883 0.4484813 0.430658 0.3964863 0.3562205 0.3485225 0.3677042 0.3838305 0.3874893 0.3987071 0.4184811 0.4237418 0.4446537 0.4139785 0.4322054 0.4491918 0.4738139 0.4754145 0.4797861 0.4475695
0.6193585 0.5982682 0.5936965 0.593398 0.5904061 0.5963561 0.60288 0.6129447 0.6028158 0.6009244 0.6108568 0.5968186 0.602044 0.6130484 0.6329562 0.6612766 0.6798576 0.6759993 0.6954668 0.6949587 0.6646164 0.6536654 0.6458325 0.6421753 0.6429371 0.6127655 0.6307383 0.639227 0.6314035 0.6404701 0.647123 0.6462059 0.6236899 0.5998821 0.6135027 0.601164 0.5811029 0.5229629 0.530233 0.5501215 0.5111036 0.5152807 0.4867264 0.4408537 0.4513937 0.4271642 0.4052139 0.3654113 0.3453151 0.3573072 0.3664403 0.3799195 0.3838876 0.4089502 0.4194933 0.4564541 0.4247239 0.4396696 0.4708743 0.4464053 0.4618821 0.4637359 0.4439479
0.5965689 0.5833986 0.5846973 0.5833786 0.5855076 0.5955592 0.6114628 0.6092303 0.6018142 0.6023772 0.5952699 0.6020681 0.6065911 0.6093053 0.6328445 0.693091 0.7183913 0.7091172 0.7138783 0.7129503 0.7018558 0.6801002 0.6885914 0.6847131 0.6796102 0.6641024 0.6536749 0.6554293 0.6563287 0.6527932 0.6488988 0.6503276 0.6399769 0.6015457 0.615044 0.6074148 0.5977036 0.5560193 0.5162273 0.5304539 0.5043977 0.5137863 0.4880909 0.446068 0.4311201 0.4259526 0.4088147 0.3693327 0.3473192 0.3537756 0.3578716 0.3654185 0.3709652 0.4025336 0.4245595 0.4459262 0.4091497 0.4083304 0.4641154 0.459199 0.4699608 0.4651175 0.4353448
0.5786131 0.571676 0.5743867 0.5746557 0.5812434 0.597706 0.6083431 0.6151001 0.5964804 0.5979391 0.621882 0.6299918 0.6171167 0.6039928 0.6234502 0.6798718 0.7382693 0.7232437 0.7119399 0.7198419 0.6760269 0.6887478 0.706172 0.7191557 0.7146946 0.684786 0.6914815 0.6695038 0.6869671 0.692949 0.6602259 0.6682957 0.6446037 0.6325905 0.5876377 0.6022626 0.6107415 0.5858708 0.5273746 0.5201644 0.4984839 0.5133359 0.4937011 0.446491 0.4130561 0.4178153 0.4108829 0.3659538 0.3587837 0.3561932 0.3737663 0.3819154 0.3750925 0.3902422 0.4119937 0.4160186 0.4470445 0.4037803 0.4069913 0.4580118 0.4727857 0.4624343 0.4357857
0.5573858 0.5717073 0.5774094 0.5710847 0.5771841 0.5996048 0.6184319 0.6250797 0.5909706 0.6173204 0.6565842 0.6522023 0.6267799 0.5883366 0.5961555 0.6545385 0.6789659 0.6927685 0.6639068 0.6854517 0.6512519 0.7006069 0.6996941 0.767327 0.734246 0.7099029 0.7203922 0.6851805 0.728251 0.7373754 0.7089093 0.6771984 0.6641537 0.6327135 0.5952049 0.5905082 0.5895669 0.5839291 0.548025 0.5353797 0.5230694 0.5078558 0.4936211 0.4450716 0.4217203 0.4130762 0.4003325 0.3740221 0.3739876 0.3748316 0.383137 0.3961062 0.4068094 0.4048475 0.4044841 0.4315516 0.4454101 0.4456395 0.4506814 0.4826262 0.491809 0.4499073 0.4203705
0.5431319 0.5686988 0.5791108 0.5784932 0.5736418 0.5955564 0.6298428 0.6291749 0.6078563 0.5929363 0.6358287 0.6377847 0.6367702 0.6076785 0.5701578 0.6165708 0.6315538 0.6435821 0.6082367 0.6281997 0.6101489 0.6520903 0.6987779 0.734182 0.7511785 0.7286537 0.7317182 0.6860511 0.7186591 0.7481638 0.745177 0.722898 0.7275797 0.6742953 0.5941803 0.6025065 0.6210176 0.6048166 0.5995944 0.6000649 0.5651336 0.5193491 0.4766999 0.4526941 0.4383861 0.4237973 0.4046397 0.3750415 0.3694656 0.378568 0.3964044 0.4017833 0.4091061 0.4193182 0.4499761 0.4669149 0.4583199 0.4741227 0.4649639 0.4594959 0.4709182 0.4462444 0.4211616
0.5404387 0.5587363 0.5665311 0.5756121 0.5855967 0.5961558 0.6149858 0.6205854 0.63418 0.6274073 0.6190733 0.6262436 0.5948451 0.5815583 0.5598516 0.5833268 0.5432253 0.5520916 0.58832 0.5806681 0.6088639 0.6148132 0.681748 0.6993718 0.7284784 0.7180613 0.7032897 0.7073743 0.7463594 0.7743641 0.7776227 0.7731436 0.7733091 0.7084367 0.6061203 0.6100763 0.653963 0.6510481 0.6456961 0.6225781 0.5755414 0.5295419 0.4799324 0.451307 0.4429559 0.4295803 0.4168074 0.3805676 0.3756881 0.3924897 0.4068021 0.4141487 0.4348493 0.4878303 0.5024518 0.5046555 0.4888102 0.4779299 0.5106848 0.4687342 0.4776145 0.4590804 0.4651153
0.5353254 0.5481805 0.558924 0.5629503 0.5771229 0.5794948 0.6026592 0.628139 0.6388043 0.6190997 0.6205205 0.6077392 0.6006125 0.6002607 0.5717769 0.5489929 0.5551319 0.5830315 0.5984374 0.6032293 0.6255954 0.6513866 0.6521562 0.6808342 0.7257221 0.7112753 0.7095962 0.7281879 0.7617539 0.7538947 0.7816399 0.7732804 0.8041639 0.7646703 0.6168463 0.6284131 0.6769332 0.7007765 0.6814668 0.6432415 0.5855269 0.5310672 0.4919609 0.4567509 0.443972 0.4342881 0.4245445 0.3858599 0.3961766 0.4099216 0.427291 0.4413126 0.4582134 0.4789142 0.5171493 0.5296637 0.5163173 0.5031018 0.4896456 0.4965853 0.4906915 0.4959399 0.5127061
0.5514109 0.5427015 0.5545169 0.563336 0.5709555 0.5820037 0.5988841 0.6076815 0.6286722 0.6582487 0.6591866 0.6653134 0.6802876 0.6621162 0.6081049 0.5732244 0.5946479 0.6238339 0.6294395 0.6176609 0.6643049 0.6931902 0.7105297 0.7304786 0.6890271 0.6462836 0.7000852 0.7169205 0.7304134 0.7845642 0.7881405 0.7869168 0.8488651 0.7489564 0.6265641 0.6277443 0.7292572 0.7354286 0.7137613 0.6702757 0.6040592 0.552282 0.5085494 0.46624 0.4408371 0.4318641 0.4238041 0.3996002 0.3917839 0.4081272 0.4347507 0.4688483 0.4944577 0.5244636 0.5775761 0.5891709 0.5955215 0.5691525 0.5494459 0.5262529 0.5491771 0.5384704 0.5935814
0.5916969 0.5702454 0.5580848 0.56597 0.5705743 0.5761734 0.5950496 0.5908613 0.601081 0.6381189 0.6465392 0.6789057 0.6579595 0.6471466 0.59435 0.5644919 0.6262305 0.6203761 0.6336669 0.6619558 0.6756533 0.6882369 0.7283389 0.7498558 0.6830632 0.6674543 0.6816142 0.7083337 0.757429 0.7968358 0.7853784 0.7447347 0.7877646 0.7077632 0.6608001 0.7206323 0.7452424 0.7482424 0.719358 0.7086701 0.6490905 0.5832557 0.5371781 0.483887 0.457192 0.4294689 0.4230042 0.4330015 0.4193652 0.4338436 0.4588356 0.4997774 0.5354037 0.5603992 0.5838318 0.6215144 0.6320477 0.6008346 0.5578027 0.5383588 0.5772721 0.6142176 0.6432339
0.6088616 0.6066945 0.59263 0.5803505 0.5864409 0.5820251 0.5808238 0.569061 0.5669056 0.5859578 0.5994735 0.6106071 0.6224676 0.5787269 0.5609316 0.5841333 0.632273 0.6503782 0.6430264 0.6617658 0.6811263 0.6731808 0.6938911 0.7046002 0.6818538 0.661391 0.6593994 0.7159697 0.7465972 0.7399261 0.7547783 0.715463 0.7208423 0.6643183 0.7151509 0.7553039 0.7491952 0.7587658 0.7377701 0.7363416 0.6898221 0.6210415 0.5580682 0.5132018 0.4811553 0.4706017 0.44898 0.4465364 0.4406761 0.4483864 0.4826609 0.5328265 0.5685724 0.5643297 0.6026756 0.6053168 0.6076241 0.5697423 0.5574461 0.5631577 0.5620264 0.6405506 0.6573028
0.6105292 0.6142116 0.6242474 0.6207211 0.6240414 0.6124902 0.612771 0.5907222 0.5825732 0.5628676 0.6171574 0.5969896 0.6099861 0.5898562 0.5944019 0.6493225 0.6512724 0.6481722 0.639062 0.6198583 0.6467621 0.6718148 0.6502813 0.6577225 0.6441673 0.6390347 0.6465895 0.7046143 0.7272394 0.7467962 0.7132448 0.7283792 0.7027542 0.7283514 0.8003364 0.8066244 0.7917698 0.7932064 0.7745781 0.742357 0.7147183 0.6434574 0.5942605 0.5568534 0.5261424 0.5121002 0.4912435 0.4918922 0.4733152 0.4645824 0.5225682 0.5478868 0.564607 0.5661575 0.5765733 0.6113971 0.5968587 0.6170226 0.5936179 0.6177235 0.6392348 0.6303323 0.6373583
0.6256763 0.6305479 0.6399565 0.6527199 0.6708714 0.690846 0.7082055 0.6794671 0.6580789 0.614672 0.6338365 0.6379073 0.620468 0.6473533 0.6513863 0.6834962 0.6684456 0.6559877 0.5973868 0.6072044 0.6371731 0.6066287 0.6374923 0.6429297 0.5941564 0.6283427 0.6311511 0.6740669 0.7109105 0.743039 0.7311097 0.7149268 0.7318813 0.8093038 0.8475615 0.8872327 0.8969324 0.8963147 0.8620927 0.8030512 0.7307083 0.7004209 0.6409828 0.6089858 0.5654543 0.5275599 0.5127499 0.5189768 0.5111028 0.5199927 0.5353537 0.5566264 0.6113988 0.6299379 0.6782218 0.689081 0.6643664 0.6401102 0.624113 0.6287136 0.6421838 0.6550703 0.6538845
0.6654459 0.6458947 0.6722766 0.7117898 0.7123664 0.7863632 0.8002337 0.8007032 0.741349 0.699251 0.6399136 0.6454307 0.6430474 0.6508567 0.6597049 0.6567782 0.6346066 0.616147 0.6147884 0.6195384 0.6347165 0.6395305 0.6205149 0.6500211 0.6721435 0.6778395 0.6896713 0.7194132 0.7437747 0.7738126 0.7174996 0.7080656 0.8010498 0.8602234 0.8598215 0.9459704 0.9800984 0.9388219 0.9148965 0.8615371 0.8001165 0.7283495 0.6425698 0.6196581 0.5656811 0.5460931 0.5366804 0.5289283 0.5521152 0.5649658 0.546526 0.5882561 0.6174619 0.685594 0.7199803 0.7300781 0.7093745 0.6861885 0.6453236 0.6337494 0.637235 0.6437247 0.6805488
0.7310559 0.6924608 0.717966 0.7190486 0.8346854 0.9093291 0.8898037 0.8703554 0.7927146 0.7221237 0.6633509 0.6981325 0.6853102 0.6467934 0.649529 0.6792212 0.6732858 0.6795025 0.6590697 0.6915264 0.6844714 0.714971 0.6821648 0.6861989 0.6909456 0.7377216 0.8066541 0.8548873 0.83651 0.8633195 0.7863159 0.789111 0.8736988 0.900069 0.9058253 0.9646323 1.00025 0.9954177 0.9833896 0.8771446 0.8249313 0.722918 0.6460683 0.6216062 0.5972066 0.5767099 0.5549179 0.5531526 0.5645484 0.5723696 0.5910807 0.6134025 0.6188994 0.688915 0.6926599 0.6923932 0.715926 0.7287304 0.6171085 0.6606324 0.6711217 0.6764982 0.7391528
0.7870692 0.7392649 0.7484288 0.7449856 0.8281366 0.9110719 0.9256872 0.9210621 0.8480219 0.708037 0.6897358 0.7173567 0.7374102 0.6851552 0.6843033 0.6509091 0.6712586 0.6968567 0.7078215 0.7388341 0.7392093 0.7698552 0.7739998 0.7430129 0.734222 0.7810219 0.883576 0.937582 0.8985195 0.9378846 0.897385 0.8509174 0.8898081 0.9547994 0.9461182 0.9392576 1.013684 0.9905028 0.9763603 0.8847021 0.8025898 0.7304519 0.6550723 0.6485148 0.6146616 0.5916596 0.5678954 0.5726874 0.5909331 0.6088624 0.6179727 0.6152021 0.621046 0.6447296 0.6486852 0.6577269 0.6522199 0.6573973 0.6333321 0.6590016 0.7055185 0.7262729 0.7662523
0.747326 0.7800172 0.7901019 0.7771655 0.8127134 0.9188302 0.9766179 0.938797 0.8721581 0.7932401 0.7059188 0.7287776 0.7376313 0.7144148 0.6960428 0.7003898 0.6860075 0.729134 0.7651827 0.7869039 0.7787686 0.8556021 0.8026313 0.7712647 0.7883809 0.8489854 0.9353059 0.9762516 0.9397547 0.9497419 0.9550655 0.88541 0.9233059 0.9534807 0.921079 0.9215587 0.9711949 0.9700067 0.9344353 0.8516365 0.776537 0.7297232 0.6747681 0.6575378 0.6346939 0.6174542 0.6313621 0.6263334 0.6202793 0.6287741 0.6465695 0.6326182 0.6472743 0.6331798 0.6543569 0.6569191 0.649968 0.6378285 0.6119508 0.6588718 0.669746 0.7139984 0.7673429
0.793873 0.83404 0.8149028 0.8164372 0.844023 0.9188695 0.977349 0.9833474 0.9181592 0.7697077 0.7265351 0.7646217 0.7246229 0.7167279 0.7170839 0.7310666 0.7101105 0.7320231 0.8121245 0.8714495 0.8513993 0.7946042 0.8135093 0.7828207 0.8034109 0.8842196 0.9555627 0.9440693 0.97637 1.023942 1.031976 0.9905495 0.9007888 0.9391537 0.9346588 0.8978518 0.9317883 0.9162341 0.8794416 0.8311697 0.777715 0.7116369 0.6825998 0.7002201 0.6573809 0.6568649 0.6670535 0.6642509 0.6677377 0.6765266 0.664456 0.6918125 0.6912632 0.6591725 0.6569417 0.6708953 0.6606982 0.6478955 0.6565484 0.7100388 0.695711 0.6923743 0.7627313
0.8855928 0.8682413 0.8211827 0.8006264 0.8294482 0.9027412 0.9076166 0.9406009 0.8994606 0.8516085 0.7661484 0.731828 0.7215739 0.7448848 0.7784302 0.8082917 0.8087832 0.7616359 0.853769 0.8665797 0.8569173 0.8596551 0.865132 0.826973 0.8230335 0.8834876 0.9476238 0.9533508 1.000286 1.022889 1.083994 1.070736 0.9598699 0.8786423 0.8298913 0.8857146 0.9167742 0.8805403 0.865723 0.8099594 0.7561265 0.7368677 0.7515301 0.7258763 0.6864243 0.6852031 0.6885079 0.691434 0.6859896 0.69903 0.6972167 0.709069 0.7246808 0.7595537 0.7793645 0.7492527 0.743175 0.7106821 0.6981716 0.721534 0.7241118 0.7502574 0.8059924
0.9139122 0.879371 0.8100695 0.7883821 0.8284029 0.8980297 0.9497554 0.9695003 0.9398556 0.8966528 0.822714 0.7883787 0.7423759 0.7638229 0.8651119 0.8786557 0.8307403 0.8625049 0.8883563 0.8654119 0.8740447 0.8969198 0.9041958 0.8991404 0.8773196 0.89123 0.9192313 0.9600798 1.001939 1.061091 1.040386 1.057235 0.9474056 0.8894978 0.8729814 0.9025233 0.9114801 0.9111041 0.8958109 0.8788995 0.7936703 0.7953011 0.7854021 0.7333196 0.7126525 0.7143914 0.712948 0.7125022 0.6989128 0.7302606 0.7226147 0.7378835 0.7499457 0.7877275 0.808367 0.7897724 0.7742652 0.7613969 0.761942 0.7489293 0.7436496 0.7565612 0.7860325
0.9145174 0.8628712 0.8255332 0.8239954 0.8216483 0.862706 0.962492 0.9093963 0.9202102 0.855924 0.8336772 0.7975664 0.8113824 0.8180741 0.86185 0.9179363 0.8997878 0.9287286 0.9136451 0.9002723 0.8846892 0.9208109 0.9633368 0.9813702 0.9920011 0.925335 0.9783625 1.037165 1.042807 1.078511 1.075589 1.007903 0.9865066 0.9471801 0.9697281 1.029893 1.004293 0.9963364 1.018612 0.9308332 0.8560722 0.8496593 0.8296216 0.7862423 0.7622479 0.7283654 0.7345166 0.7363638 0.7364139 0.7354712 0.777379 0.7752663 0.7844382 0.8344586 0.8655968 0.8616886 0.8359058 0.7900687 0.7770117 0.7443444 0.7361274 0.7736039 0.7671459
0.8536933 0.8544956 0.8681242 0.8876508 0.8723201 0.8624304 0.9209985 0.9338511 0.8688809 0.8586925 0.8400381 0.8159598 0.8319005 0.8898863 0.9693439 0.9521114 0.9777203 1.049117 0.9622812 0.9495847 0.9813679 0.983929 1.004795 1.056232 1.065844 1.027693 1.026461 1.008169 1.079572 1.089054 1.07596 1.011778 1.032141 1.05082 1.033397 1.121174 1.141438 1.126747 1.074886 1.032632 0.8881742 0.9137752 0.8771375 0.8491517 0.8188466 0.7762868 0.7600933 0.7616145 0.7677575 0.7797194 0.7808155 0.840541 0.8353732 0.8569492 0.8542128 0.8524007 0.8076129 0.7872509 0.8262179 0.822668 0.8135085 0.7277517 0.8287516
0.8145937 0.8376938 0.8150442 0.8614094 0.9158216 0.8712885 0.8708805 0.8535567 0.8420448 0.8361655 0.8498937 0.8556808 0.8515603 0.8797591 0.9976465 1.050274 1.124144 1.095001 0.9980561 0.9669903 0.9890225 1.017042 1.068591 1.065295 1.021073 1.067277 1.071693 1.102252 1.112613 1.067716 1.075783 1.099861 1.068064 1.05411 1.132483 1.130765 1.190879 1.180461 1.08085 1.04106 0.9843111 0.9526105 0.947529 0.9547607 0.9402085 0.9395149 0.9136051 0.8490344 0.7871361 0.8217353 0.7821765 0.8272523 0.8728645 0.8679186 0.8816881 0.8409758 0.7865627 0.8229756 0.9102308 0.8701336 0.8670394 0.803899 0.8561356
0.7868845 0.7861344 0.7784163 0.7925151 0.8071227 0.8468719 0.8699164 0.8585709 0.8717571 0.859722 0.8957298 0.903513 0.9111929 0.9502351 1.048944 1.149434 1.136588 1.096835 1.030474 1.022434 1.032313 1.085614 1.090635 1.123464 1.143521 1.095981 1.138206 1.062127 0.998673 1.000463 1.079392 1.119463 1.126757 1.048785 1.027314 1.041915 1.114826 1.167185 1.08089 1.043987 1.042432 0.9853038 1.057018 1.047885 1.036729 1.019529 0.9936264 0.9793814 0.9058017 0.8512247 0.814659 0.8114939 0.8273403 0.8169279 0.8528633 0.8855355 0.8754529 0.910593 0.9322079 0.9485464 0.9290913 0.8592619 0.8759783
0.9035971 0.8183583 0.7869418 0.7429086 0.7671497 0.8144504 0.8078502 0.9007125 0.8999892 0.9086553 0.9009347 0.9587601 0.9935848 1.043426 1.090969 1.113485 1.124462 1.130612 1.064423 1.069553 1.085143 1.116045 1.131264 1.139202 1.208132 1.216286 1.164267 1.128914 0.9772858 0.9425556 0.995897 1.1186 1.118514 1.088425 1.07405 1.079492 1.048979 1.064834 1.035688 1.077636 1.039842 1.073601 1.124329 1.097288 1.115937 1.072209 1.03556 0.9685585 0.9394726 0.8899298 0.8670002 0.8409753 0.8436915 0.8408694 0.88434 0.9026003 0.9315463 0.9834563 1.015285 1.015633 0.9956279 0.9180052 0.8714406
0.8691726 0.875109 0.8018307 0.7942591 0.8191924 0.8197644 0.8405601 0.9182761 0.9055389 0.887779 0.966656 1.019879 1.085513 1.123782 1.092049 1.108965 1.129781 1.104877 1.100317 1.066713 1.099332 1.144459 1.089886 1.057317 1.178654 1.221528 1.134859 1.121343 1.014904 1.003826 1.042674 1.088001 1.11842 1.088753 1.099331 1.100098 1.153349 1.125694 1.028684 1.024682 1.034228 1.110476 1.127116 1.118165 1.127425 1.056038 1.045307 1.004948 0.9743108 0.898011 0.915982 0.8731973 0.908682 0.8946508 0.9064738 0.8988455 0.9197915 0.9569669 1.022524 0.9781509 0.9486321 0.8731384 0.9080601
0.7775928 0.8870891 0.8832131 0.9418703 0.8801471 0.8105235 0.8272207 0.863193 0.9346688 0.9378055 0.9888911 0.986005 1.116884 1.106341 1.089914 1.090758 1.105078 1.158769 1.149288 1.033629 1.070212 1.137115 1.133424 1.164334 1.167004 1.273652 1.203216 1.187031 1.146174 1.096422 1.056764 1.06457 1.203016 1.185555 1.122844 1.064005 1.115048 1.023259 0.9661665 0.9922456 1.108764 1.186346 1.169929 1.163073 1.101016 1.047629 1.064858 1.063417 0.989499 0.974945 0.8955355 0.8678231 0.9080225 0.9460195 0.9704944 0.9534112 0.9112249 0.9511815 0.9449015 0.9321697 0.8644526 0.8987374 0.9124608
