project/src/data/BOM_climate/rainfall_variability/varjul.txt
ncols         178
nrows         139
xllcorner     111.875
yllcorner     -44.625
cellsize      0.25
NODATA_value  -9999
[rows 28 to 55 of 139, columns 63 to 125 of 178]
21.05895 24.34676 43.97332 23.76308 19.13885 13.7905 11.29054 14.78062 16.193 11.22298 13.29816 13.97754 19.93767 23.31029 19.91062 18.75944 16.16117 16.7464 11.41426 9.615618 8.508746 8.694039 9.40024 9.901734 11.46393 11.0297 10.07887 10.29437 10.63886 9.618161 11.87064 17.68218 24.77103 33.94452 20.6513 16.66885 32.03728 35.6795 30.98269 21.05317 13.63039 13.37378 15.64862 13.87683 10.04931 9.906247 11.62957 11.5221 13.42397 18.78335 21.34118 25.83166 74.94041 83.00632 28.07786 17.62925 21.65815 10.9873 5.989196 5.859694 7.27008 8.737066 10.12923
21.55541 24.22758 32.16157 21.36116 21.5684 20.99279 15.5425 15.19658 17.64825 12.9443 14.71105 15.82147 27.18668 30.06867 23.15415 27.47675 20.78724 19.16351 12.8413 10.36066 9.370032 11.53246 10.27692 14.63301 15.44742 12.34533 12.23365 9.819164 12.61029 11.0488 11.03227 16.37514 22.31182 32.4701 22.72048 13.34563 20.07155 25.28595 25.31214 19.44283 13.35679 16.75358 26.67595 22.15989 16.36229 12.94422 14.81803 16.66492 21.23067 15.20212 17.54807 23.39451 33.42089 20.18649 16.50689 12.82114 30.19937 11.03063 6.38552 6.798505 6.858216 7.630197 8.539633
25.24423 26.33016 25.49355 24.70702 23.54299 23.34245 19.41969 18.88387 20.26471 18.91718 16.54781 17.56018 36.7766 37.34734 36.68999 32.79165 31.50644 20.6485 14.80752 10.63333 10.90054 13.05018 15.12553 18.70657 14.64087 13.6997 13.21544 12.61724 14.9588 12.2356 15.7327 24.54016 31.24264 36.43829 27.97997 15.69081 18.86446 17.99955 17.6265 16.58358 13.70808 12.69356 24.17308 27.22092 21.40966 19.28951 22.07937 29.60042 24.2615 15.71951 13.85941 16.90857 18.22138 21.60493 10.78883 9.221196 8.620738 6.880273 6.353113 5.658235 5.097908 5.228533 5.026733
25.65928 30.06702 32.59349 29.27877 24.43723 32.56357 25.44139 28.91771 18.65154 18.28923 22.15483 18.3975 26.31846 32.56186 36.14056 34.27558 31.31639 21.38363 14.6406 11.33397 10.68789 11.8664 12.47926 13.91832 14.19279 13.53882 16.90829 16.39743 15.34511 14.86094 19.66171 34.1739 28.94476 25.1593 22.73024 19.12996 20.71983 21.02785 16.13505 13.89035 15.17214 11.95675 20.32409 34.61417 28.68271 15.48586 12.33761 26.05667 18.98588 14.61073 12.65675 13.28289 12.41311 14.34619 8.732501 7.39378 7.520129 6.034562 5.364878 4.762157 4.010752 3.891003 3.535849
30.8718 29.40796 29.3901 32.69192 31.30652 37.29019 31.63924 26.2093 27.22864 17.74644 18.22441 18.96201 19.70355 27.46956 29.83652 26.6173 24.64071 18.84836 13.44574 11.60625 12.26644 12.40976 14.32827 13.78335 13.82972 14.43371 17.00978 17.84576 14.90914 16.98405 20.67972 26.62632 19.01989 18.10602 18.59344 22.86366 20.30721 18.39119 15.92389 11.26428 10.97233 16.14499 24.26468 27.43321 16.38342 15.90822 12.39094 16.87292 17.66132 11.19999 12.3839 10.94689 11.00507 8.923295 7.468451 7.105108 6.039706 6.545494 5.278963 5.476261 3.845881 3.630782 3.170873
39.55874 30.45033 33.41882 32.48255 36.41042 36.30478 35.55988 28.03699 19.91202 18.08492 16.69143 15.55221 19.20887 22.36366 19.00935 17.12983 17.00569 15.41892 12.82608 10.61581 12.05883 14.46788 12.93404 15.26584 18.63935 20.0492 20.56366 17.68494 17.55115 18.52992 25.41357 22.3297 15.27208 19.09906 24.11281 23.16622 20.41532 20.09404 20.21349 14.32336 12.36275 13.94303 22.81295 24.91991 16.05901 15.49788 16.91647 17.29017 15.62445 16.43096 9.659928 10.3262 11.07992 12.6499 8.597245 6.936049 4.846716 6.640319 6.406276 4.547434 4.427477 4.563293 5.503708
34.58195 34.01985 42.79635 42.13938 34.87829 30.6054 32.49817 27.11591 23.81086 14.97854 14.82002 16.40209 15.49652 15.77495 15.2911 12.90276 13.47828 14.07221 11.32489 10.1946 11.21181 12.20824 14.46207 15.56841 18.40552 18.92315 20.00787 18.32024 20.64931 21.61217 17.20034 14.60615 18.19216 24.69141 23.48708 21.54677 21.1716 22.50944 25.91806 24.53574 18.39544 17.68287 20.2506 21.84038 16.1008 16.79676 22.51605 20.7734 17.77449 15.60233 13.61643 14.74128 15.6901 13.28851 10.56817 7.807457 5.72747 5.210567 5.414734 4.446589 4.467549 3.605195 4.028775
30.92279 31.61049 39.51684 47.05769 44.01306 36.7016 27.46856 24.18143 20.91686 18.40509 16.69966 15.47955 15.53097 13.88908 12.38429 10.76032 13.64261 12.83817 11.00677 9.041403 10.5477 12.00592 12.15912 13.75759 16.12256 18.22348 16.21842 14.76101 15.24108 14.75666 12.23007 14.73573 15.48888 17.24525 18.09229 16.20397 23.05556 20.59269 20.37471 24.54766 27.17718 23.15645 22.03667 17.39444 15.70779 14.75327 17.19387 23.9166 29.59692 18.56467 12.34197 12.4268 13.68623 16.30812 14.80082 10.18721 7.605236 5.993679 6.567633 5.793325 4.722067 4.1892 4.414453
40.44453 51.3606 70.62332 57.67392 47.5727 46.90086 30.60553 25.01194 23.26999 17.87537 15.612 14.24872 13.0939 12.64653 11.52732 10.20333 10.93673 12.00222 9.840405 9.019918 8.438643 9.956765 10.71502 14.22478 15.2348 14.14155 13.66457 16.11651 12.99927 12.73329 10.91342 11.85886 12.5665 15.71313 16.48523 15.79474 21.14885 20.0577 16.28892 22.34041 28.37707 24.95941 14.82973 15.66804 14.14379 13.8497 15.12414 19.82802 24.38235 19.31324 15.87212 12.76343 9.375533 9.193499 9.927228 7.334526 7.060873 6.545457 7.212018 6.554537 5.549901 5.504756 5.234485
44.77279 57.92994 84.46986 83.39034 44.19289 36.3998 30.72874 25.00734 22.42414 18.98826 17.10546 13.84147 11.89024 10.91005 9.59776 9.898551 9.967142 10.36008 10.21106 8.651524 8.366467 9.59863 11.72057 13.77915 15.42142 16.11129 15.62499 15.14104 12.10479 11.41598 12.86245 12.59899 12.61879 14.60498 13.87556 12.75069 12.0073 12.74349 14.80523 15.6494 13.14662 16.24454 11.74478 15.32101 14.69639 12.0361 14.72435 16.73682 16.03243 16.62764 12.85881 10.74123 9.581114 7.577816 6.679184 5.307874 5.620003 5.611343 6.609359 6.610848 6.969435 5.482547 4.127879
40.21065 46.92001 49.07935 52.4919 40.80046 32.33231 28.17255 23.1713 20.82207 18.25687 16.53723 13.60536 11.92551 11.59566 10.04514 9.379818 9.872195 9.883482 9.608754 9.15756 9.218663 9.521668 11.92835 13.87123 13.90711 13.94976 15.46462 16.00469 12.41736 11.73882 12.09157 12.28362 12.79882 12.6367 12.7402 10.71014 12.17144 16.11364 13.06473 11.82693 10.27179 12.18476 12.90009 13.35841 12.54985 9.800585 9.210009 12.17734 14.69645 15.44263 15.2798 12.63937 7.992024 7.760497 5.976678 4.809078 4.341605 4.615442 5.367231 6.050114 5.188349 4.245661 3.867145
20.49901 26.04665 26.62699 26.87715 26.49863 25.08361 22.3856 17.8716 15.27714 14.40717 12.83148 11.63762 11.27735 10.6946 9.853139 10.20063 10.02393 9.034328 8.729959 8.672895 9.315042 10.13949 10.89783 12.79731 14.177 12.87522 14.29343 12.90656 11.09354 9.776771 10.44028 11.05516 11.04418 9.592189 9.582696 11.16406 11.03685 11.06869 12.11693 12.47035 10.40421 10.00061 10.92002 10.84483 11.88943 8.876195 7.648561 7.964047 9.549954 10.56767 11.7 11.12806 9.496646 6.436696 6.080656 5.012999 4.313859 4.374392 5.149778 5.312345 4.860174 4.412198 3.494133
15.92906 20.38097 21.56253 23.10266 23.55146 21.65166 19.23446 16.01232 14.33447 13.26641 11.788 10.15975 9.376305 9.151647 9.260277 9.786244 9.29762 8.535607 8.08488 8.308307 8.370668 9.548683 10.63394 10.46462 11.30245 11.99619 10.83808 9.695848 9.954041 10.12764 9.722343 10.825 9.846824 9.673143 8.628489 8.635286 9.549738 9.810586 11.22765 10.45781 8.147401 9.087077 10.02116 9.770094 8.034641 8.875776 7.299449 7.013004 7.308856 10.91282 13.30665 10.09378 6.773921 4.926086 5.568472 6.102242 6.608407 4.977402 5.345172 5.293241 4.151871 3.925066 3.863495
14.10204 14.65231 16.64312 18.65519 20.72588 20.97146 17.20956 16.58082 16.46237 13.57568 11.40709 10.55605 10.2632 10.15958 8.302414 8.504017 8.989004 8.494412 8.051615 7.551494 8.052761 8.451476 9.317822 10.821 10.81706 11.24697 10.74947 11.05827 11.29112 10.18792 10.59518 11.09938 10.83853 8.618009 7.999349 7.070467 6.823344 6.912604 8.926741 9.118429 9.751481 8.709141 10.07774 8.103248 7.834636 7.081784 7.557641 7.1512 6.885387 5.972798 8.318954 8.818119 5.990438 4.309548 5.225471 6.537524 6.715271 4.671474 5.419954 5.916508 5.175632 4.156054 4.415634
13.48892 13.90027 16.37641 16.99714 20.39908 17.67722 16.63157 14.82979 16.55198 13.99527 12.2179 10.83886 10.51649 9.8066 9.140691 8.310213 8.799812 8.938777 8.252335 7.960054 8.005824 8.950397 8.842052 8.707084 9.186039 9.198316 9.164346 8.673002 7.661169 8.762867 9.72742 11.49854 11.06539 9.63849 6.929083 6.550892 6.387746 6.040429 7.848176 8.82765 8.144263 7.432572 6.827666 6.150117 6.489414 6.040535 6.637746 6.208859 6.105125 5.684755 5.84283 6.653045 4.553366 3.646522 4.366524 5.609753 6.371794 5.084325 5.071495 6.750509 5.923728 5.547111 5.051495
13.13162 14.25703 14.41873 15.33738 16.85589 17.12989 14.06789 14.11678 14.13766 11.97517 11.96753 12.36964 11.29654 10.35719 9.514651 8.668294 8.4876 8.199596 8.127497 8.613804 8.401038 9.706203 9.384838 9.309604 9.431905 8.618331 9.101696 8.65171 8.635095 8.289185 7.94854 9.672615 9.492598 8.994745 7.493577 6.294141 5.704574 5.584556 8.537707 8.453534 7.758368 7.223316 7.061874 6.595804 5.773176 5.130645 5.945195 5.833297 5.396878 5.30293 5.759859 5.468277 4.276318 3.464209 3.995245 5.110491 5.688665 5.924043 5.897263 6.936888 6.244262 6.794023 6.356062
14.27989 13.53589 13.68572 15.39307 15.13934 15.31917 13.25317 12.98988 13.0565 12.41391 12.45319 12.1556 11.09748 10.52669 9.783972 9.688444 9.093732 8.354724 8.249535 8.661637 9.124902 10.12099 9.503826 8.791673 8.921867 8.988907 8.477345 8.658977 7.420871 7.605186 7.31381 7.439687 7.64841 8.082431 7.659264 6.85053 5.882909 5.52914 7.427311 8.344585 7.249218 7.036064 6.431324 6.247168 5.612433 6.449422 5.147133 5.049296 4.800551 5.234106 5.796124 4.714023 3.888864 3.457855 3.688139 4.228696 4.745556 4.798607 4.913068 5.087623 5.688377 5.884955 4.847934
13.74255 12.83267 13.80972 15.00736 15.08675 13.65458 13.63588 12.53876 12.29392 11.65109 11.13169 10.67962 10.78626 10.31089 9.758351 9.158581 8.483295 8.264467 9.265227 9.112013 8.065033 9.574408 9.883944 8.409256 8.462915 8.580161 8.415095 7.51433 6.873209 7.327536 7.77527 7.187146 6.593548 6.635252 6.999951 6.390832 6.223544 5.562693 6.25749 6.851526 6.597652 6.344214 5.864167 5.513171 5.716047 5.440203 6.186678 6.187459 5.489065 4.837228 5.137064 5.167032 4.192004 4.100177 4.835925 5.181432 5.628891 5.704769 5.102574 4.538129 5.162879 4.739333 3.985161
11.81161 11.68402 12.73455 14.12035 15.48957 14.55106 13.38713 11.32803 10.27525 11.49058 11.40485 12.1275 10.9651 9.942051 9.7152 8.735257 8.39326 8.783013 8.915203 9.684887 8.590297 8.773282 9.134834 8.787347 9.615002 9.447523 9.110079 8.217514 7.135986 7.710665 6.67747 6.902079 6.581842 6.104928 6.18004 6.182369 5.740323 5.284841 5.68399 6.108706 6.109468 5.346175 5.415448 5.110463 5.538511 5.547935 6.294628 6.551639 6.542037 5.544729 4.800494 4.599568 4.589687 4.443712 5.160666 6.341738 5.495148 5.546841 5.501968 4.661203 4.553812 4.364883 4.280922
10.82406 11.63801 12.56167 13.42034 13.47094 12.41006 11.11187 9.815579 10.17995 9.663645 10.08655 9.58346 9.83708 9.932003 8.586779 7.631167 7.498276 7.353163 8.31535 9.378876 8.909903 7.724058 8.759133 9.07035 8.770994 9.005425 8.898877 8.119647 6.941364 5.979999 6.122066 5.386383 5.88947 6.314882 5.729589 5.220023 5.708174 5.59576 5.282155 5.199743 5.758309 5.58547 5.324152 5.066976 5.250369 5.470898 5.754507 5.182647 5.12594 4.574328 4.376114 4.560807 4.14177 4.206283 4.747527 5.525054 5.356743 4.933883 4.685944 4.916506 4.532426 4.010401 4.369124
9.759749 10.3218 10.97465 11.10875 10.52716 10.21926 9.537533 9.819777 8.598022 9.037032 9.593844 9.301194 8.336297 8.360823 8.376863 7.292964 6.910776 6.979523 7.382594 8.955555 7.741399 8.066545 7.662602 7.187691 7.836996 7.964216 7.559891 7.432765 6.542818 5.752743 5.331225 4.965997 5.183899 5.350993 5.413403 5.378095 5.11656 5.471609 5.755973 5.206486 4.51879 4.482446 4.118984 4.568567 4.729089 5.127042 5.426953 4.657629 4.989655 4.484756 4.401466 4.183842 4.216755 4.179235 4.339506 4.116917 4.828493 4.37535 4.131358 5.065085 5.301964 4.506031 4.827828
7.370026 7.872959 8.545445 9.02743 9.424017 9.305135 8.769049 8.428985 7.962701 7.694808 8.562393 8.834892 8.344934 7.754511 7.422574 6.91891 6.642296 6.605223 6.373299 7.50537 8.443542 8.591784 7.583378 7.417392 7.631633 7.11781 6.511675 6.258587 6.133339 5.762451 5.038649 4.884376 5.074678 5.576688 5.039642 5.457084 4.792372 5.108788 5.273589 5.419219 5.268741 4.333786 3.988331 4.26177 4.655187 5.039984 4.632682 4.271738 4.271984 4.225338 3.94776 4.348761 4.60519 4.495628 4.622533 4.199755 4.10501 3.918135 3.677809 4.548542 5.050363 4.97473 4.599021
6.301521 6.513642 7.385513 7.982943 8.413779 8.233384 7.710529 7.301219 6.988887 6.818443 7.186509 8.164706 7.845473 6.910818 6.972704 6.893374 6.566509 6.213334 5.67926 5.77851 6.697587 7.614694 7.66998 6.816657 6.865264 6.497117 5.80901 5.648943 5.619421 5.202633 4.749375 4.560582 4.593833 5.042396 4.949415 4.673334 4.559339 4.687315 4.808713 4.834581 4.808147 4.535948 4.307967 4.633035 5.008587 5.172964 4.549418 4.107608 4.265273 3.883565 4.429556 4.297193 4.283216 4.07903 4.830461 4.370946 3.848054 3.498916 3.604243 4.128026 4.524031 4.603158 4.247587
5.386396 5.714106 6.007942 6.604428 7.137038 7.002921 6.6514 6.599319 6.447728 6.105073 5.966075 6.34077 6.772662 6.432203 6.211539 5.963026 5.84237 5.997233 5.825653 5.493434 5.786255 5.664268 5.662755 5.818926 6.276896 5.621311 5.615358 5.253201 5.102277 4.83336 4.497012 4.557758 4.411224 4.759409 4.375286 4.256484 4.37314 4.469699 4.601277 4.198654 4.309868 4.807889 5.167892 5.334616 5.202769 5.141875 4.778668 4.465528 4.303778 4.082477 3.900222 4.050896 4.053624 4.143753 4.138288 4.438139 3.984268 3.62686 3.308992 4.192748 4.094202 4.315058 3.819535
4.726931 4.914718 5.01671 5.371586 5.901084 6.042955 6.173506 6.523874 6.58186 6.585094 5.730003 5.625646 5.604501 5.333 5.391593 5.511506 5.587415 5.801384 5.261404 5.096427 4.874725 4.796855 4.904055 5.014015 5.146042 5.150535 4.881116 4.818343 5.146026 4.958193 4.46503 4.309856 4.451261 4.278746 4.188826 4.059664 4.000771 4.317946 4.049053 4.37191 4.403163 5.07109 4.874559 5.190462 5.099884 4.988011 4.633959 4.803254 4.287105 5.211058 4.169322 3.825629 3.748962 3.671037 4.254814 4.433649 4.279005 3.715999 3.397705 3.807264 3.832956 3.418755 3.693047
4.257648 4.156571 4.182868 4.296634 4.708369 5.33826 5.678924 6.190827 6.470728 6.278696 5.976977 5.666891 5.428822 5.423717 5.814052 5.794803 5.186329 5.31109 4.928058 4.406126 4.02389 4.156737 4.442276 4.752154 4.574149 4.570761 4.695203 4.553967 4.598364 4.37981 4.268738 4.38787 3.979033 3.939304 4.284387 3.958672 3.748946 4.161766 3.820441 3.94711 4.397283 4.605522 4.416424 4.59968 4.562067 4.274364 4.401963 4.691937 4.705955 4.497701 4.230281 4.111061 3.786041 3.653307 3.865846 4.024116 3.876809 3.950759 3.913796 3.372847 3.1411 3.049445 3.488118
3.942333 3.806237 3.725216 3.738534 4.180238 4.776338 5.35434 5.743847 6.040719 6.131092 5.796061 5.496544 5.369842 5.4298 5.422742 5.513915 5.335911 4.822507 4.819728 4.608732 4.248846 4.078476 4.320174 4.403511 4.37347 4.203337 4.180427 4.405839 4.436128 4.429105 4.1719 4.036256 4.070879 3.76383 4.082735 3.91414 3.948756 3.910568 3.860572 3.950934 4.283916 4.415618 4.108989 3.931995 4.283702 4.316072 4.320147 3.98479 4.111262 4.536681 4.94735 4.491074 4.060737 3.771422 3.646351 3.688399 3.642663 3.65984 4.132071 3.778651 3.500329 3.297438 3.632821
3.586186 3.517217 3.486382 3.568919 4.0424 4.639452 4.749291 5.057225 5.496951 5.484846 5.3774 5.111886 4.985923 5.155182 5.444774 5.082189 5.061278 4.686701 4.598787 4.174878 4.061066 4.059753 4.396224 4.380616 4.268792 4.236598 4.328833 3.997766 4.065085 4.102805 4.406234 4.224895 4.120638 3.605082 3.721519 3.666216 3.884216 4.128526 4.098873 4.126579 4.303793 4.80567 4.596057 4.675462 4.729142 4.431394 4.012107 4.062745 4.18668 4.201145 4.819947 4.832584 4.306831 4.458168 4.132961 4.503087 3.528998 3.693052 3.778914 3.814448 3.440871 3.470265 3.630144
