project/src/data/BOM_climate/rainfall_variability/varjan.txt
ncols         178
nrows         139
xllcorner     111.875
yllcorner     -44.625
cellsize      0.25
NODATA_value  -9999
[rows 0 to 27 of 139, columns 0 to 62 of 178]
-9999 -9999 -9999 -9999 -9999 7698.2 59.23926 13.4995 6.543113 5.43369 5.040546 4.802772 4.619205 4.677151 4.759497 4.857631 4.998059 5.134866 5.220258 5.356676 5.502954 5.665202 5.825255 5.945934 6.037229 6.113778 6.178782 6.251876 6.333726 6.32215 6.289291 6.25898 6.187022 6.052217 5.804255 5.206012 4.394554 3.717938 3.165064 2.724103 2.324787 1.946477 1.749608 1.635105 1.581857 1.44639 1.412532 1.357032 1.225508 1.122403 1.018626 0.9024935 0.8481822 0.8066671 0.7106012 0.6786905 0.6268026 0.590929 0.5896414 0.6247938 0.6579736 0.6711929 0.6725879
-9999 19.90996 25.07189 19.15399 14.4733 12.52666 7.619379 3.930007 3.366777 3.09459 3.039527 3.012718 3.049432 3.154043 3.261211 3.385359 3.511642 3.649095 3.762964 3.886559 4.010138 4.123099 4.238901 4.346064 4.445231 4.525846 4.58243 4.627745 4.691037 4.712471 4.696696 4.677794 4.634789 4.552414 4.325257 3.754651 3.167862 2.688755 2.300483 1.983225 1.741172 1.690385 1.606608 1.521345 1.433554 1.375253 1.292857 1.197667 1.071301 0.9804103 0.8954646 0.8433018 0.8012848 0.7262934 0.6588104 0.643752 0.6172854 0.5984134 0.602629 0.6188666 0.643497 0.6600825 0.6544457
-9999 4.615219 3.057517 3.431414 3.28682 2.704792 2.158743 2.027247 1.996696 2.006078 2.140911 2.148435 2.185886 2.295663 2.421713 2.515713 2.588741 2.677072 2.79993 2.888917 2.978491 3.062099 3.14583 3.234909 3.315488 3.384266 3.433336 3.471757 3.526027 3.566982 3.570854 3.559197 3.531205 3.4477 3.195441 2.726517 2.292731 1.948309 1.789133 1.782816 1.646399 1.518742 1.477064 1.401392 1.282359 1.203745 1.125533 1.066677 0.9720434 0.8964077 0.8386229 0.7561348 0.7143043 0.6803606 0.6540062 0.6400499 0.6361845 0.6244021 0.6197664 0.6310616 0.6442157 0.644857 0.6384832
5.861679 3.668913 2.396621 1.932266 1.970781 1.672876 1.581665 1.535521 1.588344 1.565181 1.657032 1.72486 1.798524 1.860712 1.917243 1.970968 2.019008 2.053187 2.103466 2.1634 2.231199 2.29264 2.351156 2.419115 2.488079 2.54841 2.591771 2.620891 2.670363 2.707511 2.72373 2.719358 2.704868 2.609934 2.318906 1.976318 1.854623 1.750791 1.621417 1.524202 1.439766 1.376122 1.291433 1.219494 1.142418 1.079209 1.017217 0.9705285 0.8704065 0.7870052 0.7617539 0.7312753 0.703527 0.6667817 0.660437 0.6396266 0.6339677 0.6370202 0.646015 0.6435782 0.6399561 0.623062 0.6110705
2.62378 2.320316 1.993021 1.910741 1.76224 1.665639 1.603059 1.506971 1.524339 1.487396 1.532011 1.564834 1.524191 1.547854 1.593411 1.65952 1.760738 1.850102 1.903332 1.903913 1.918586 1.946288 1.956776 1.964683 1.97588 1.995239 2.030774 2.049667 2.079586 2.106783 2.115684 2.119931 2.103762 1.998545 1.904122 1.772959 1.580385 1.492657 1.37608 1.317003 1.247863 1.208287 1.16168 1.111463 1.056276 1.001027 0.9305187 0.8415942 0.7887257 0.7580256 0.7327843 0.7068952 0.6909285 0.6757641 0.648241 0.632698 0.6242957 0.6398556 0.6480293 0.6356486 0.6283489 0.6023123 0.5842887
2.027471 1.952959 1.996173 1.875115 1.693637 1.569551 1.48484 1.528878 1.566484 1.524017 1.429281 1.432168 1.429866 1.406314 1.421729 1.447045 1.450296 1.484472 1.520519 1.550224 1.594735 1.641204 1.698905 1.720957 1.741853 1.754559 1.749878 1.776277 1.815968 1.852767 1.862904 1.864314 1.855055 1.764148 1.565645 1.419442 1.344857 1.299824 1.212593 1.163617 1.131989 1.107893 1.064932 1.011161 0.958708 0.8949075 0.8306287 0.7949937 0.7973133 0.7539503 0.7198139 0.6877911 0.6863385 0.6658892 0.6498108 0.6402849 0.6434017 0.6270418 0.6322266 0.624236 0.6152619 0.5819855 0.5634366
1.969166 1.966869 1.947465 1.857503 1.708309 1.591703 1.52694 1.528704 1.555378 1.54218 1.534319 1.422192 1.413257 1.420993 1.37979 1.378731 1.377615 1.39315 1.403756 1.4429 1.446817 1.444837 1.439541 1.414397 1.447003 1.467285 1.490861 1.511308 1.534805 1.564992 1.594053 1.615819 1.548664 1.400546 1.347359 1.254066 1.16286 1.113715 1.069202 1.050943 1.039677 0.9972059 0.970538 0.9302155 0.8860122 0.8538876 0.8380076 0.8141338 0.7641172 0.7509012 0.7288623 0.707498 0.6957425 0.7056104 0.7031993 0.6906998 0.6689368 0.6534089 0.6295766 0.6167335 0.6032343 0.564885 0.5491259
1.986518 1.933106 1.90527 1.785726 1.67846 1.62624 1.587611 1.557124 1.539428 1.537685 1.536083 1.530521 1.458286 1.431566 1.429619 1.376617 1.350352 1.346635 1.352454 1.324782 1.306228 1.352178 1.386295 1.405165 1.419747 1.433706 1.417001 1.435511 1.443617 1.437674 1.421008 1.38792 1.337019 1.271341 1.153875 1.092735 1.05215 1.024397 0.9954311 0.9790367 0.9589971 0.9427086 0.9319873 0.9184234 0.8915519 0.8529576 0.8220428 0.7850558 0.7769085 0.7657056 0.7439636 0.7556801 0.7670653 0.7555496 0.739439 0.7118415 0.6840659 0.6673304 0.644239 0.6273611 0.6067263 0.5702972 0.5450655
2.008986 1.913454 1.853309 1.755809 1.690139 1.663438 1.621372 1.592538 1.52481 1.548255 1.545152 1.549882 1.556315 1.483313 1.444362 1.46556 1.394277 1.383432 1.365572 1.352781 1.343889 1.31012 1.28962 1.305871 1.309045 1.3213 1.341825 1.345605 1.357006 1.352819 1.31214 1.264153 1.15506 1.097839 1.063549 1.027927 1.014346 0.9963276 0.9627845 0.9350761 0.9173296 0.8952442 0.8747781 0.8641284 0.8517384 0.8274667 0.8031946 0.794933 0.7748523 0.7849178 0.7955686 0.7982369 0.7799608 0.7725163 0.769279 0.7331631 0.6924011 0.6779286 0.6450045 0.6309506 0.6114259 0.5888903 0.5618061
1.990031 1.934748 1.832257 1.753576 1.721777 1.712944 1.63249 1.613442 1.564074 1.515348 1.555016 1.5613 1.529452 1.578263 1.495091 1.469837 1.449252 1.432755 1.428613 1.380772 1.348942 1.341141 1.327304 1.313494 1.315234 1.333123 1.33631 1.330221 1.305632 1.24813 1.14057 1.070454 1.049784 1.025643 1.01386 0.9897723 0.9587822 0.9401394 0.9105287 0.8789106 0.8654545 0.8624385 0.8676747 0.849471 0.8355138 0.837604 0.8231546 0.8052629 0.8219017 0.8377172 0.8149737 0.8101671 0.83085 0.7955633 0.7669159 0.7375447 0.6999682 0.6840729 0.6686624 0.6353943 0.6267722 0.6004133 0.5921937
1.994701 1.930106 1.823327 1.764135 1.732443 1.733248 1.657387 1.622808 1.598771 1.543803 1.510477 1.541442 1.540151 1.525603 1.539956 1.475266 1.456487 1.417857 1.405276 1.417737 1.403125 1.390084 1.375273 1.366316 1.343615 1.299885 1.285295 1.299904 1.208156 1.117634 1.078009 1.040156 1.012438 1.0127 0.9849402 0.9559066 0.9367682 0.9183105 0.9147346 0.8842705 0.8691441 0.8820928 0.8696185 0.8619859 0.8444924 0.8213956 0.8135457 0.8198342 0.8279849 0.834488 0.8235386 0.8264278 0.8169292 0.7921579 0.7731146 0.7462326 0.7241388 0.7074742 0.6939729 0.6744593 0.6329467 0.6198098 0.6016905
2.010912 1.887377 1.830638 1.778488 1.739361 1.744533 1.693376 1.630953 1.6097 1.577669 1.519348 1.510517 1.559514 1.51383 1.524406 1.487011 1.435979 1.46112 1.41804 1.381666 1.404136 1.388961 1.347009 1.362073 1.351447 1.324449 1.256128 1.150172 1.151053 1.090226 1.041451 1.002395 0.9933671 0.9778547 0.949546 0.9442996 0.9442427 0.9395398 0.9232957 0.8997456 0.9055928 0.9127697 0.9184496 0.9104889 0.8893372 0.8466861 0.820864 0.8122439 0.8565041 0.8579085 0.8337047 0.8110266 0.7977037 0.7956177 0.7828172 0.7786022 0.7747284 0.7612484 0.7356082 0.7152606 0.6675873 0.6268152 0.611248
2.012141 1.896873 1.834148 1.780754 1.748104 1.754507 1.732334 1.649678 1.617231 1.603823 1.550436 1.512322 1.508845 1.528637 1.503156 1.510276 1.45136 1.41771 1.452946 1.410994 1.393386 1.390286 1.356158 1.325514 1.335075 1.251093 1.219874 1.140888 1.08662 1.035861 1.02256 0.9881448 0.9583302 0.9601229 0.9613782 0.9651566 0.9698027 0.9621413 0.9434955 0.93267 0.9196815 0.9174858 0.9412206 0.9505886 0.9042814 0.8655186 0.8531013 0.8795624 0.8820279 0.8637586 0.8234766 0.8044469 0.7955028 0.8043383 0.8319587 0.8334836 0.8231615 0.7972984 0.7910256 0.7495161 0.7191209 0.6733307 0.6268967
1.997279 1.913873 1.844851 1.80966 1.762981 1.769595 1.764545 1.680228 1.629084 1.605039 1.578139 1.520367 1.501744 1.510036 1.502301 1.505853 1.482288 1.425677 1.406113 1.443458 1.41127 1.40493 1.38558 1.33035 1.240257 1.155993 1.094203 1.050664 1.046528 1.020821 0.9876449 0.9776906 0.9824305 0.9770459 0.9796172 0.9953205 0.9915849 0.965619 0.9351435 0.9359715 0.95211 0.9735558 0.9812185 0.9872876 0.9829053 0.9272092 0.8982108 0.8775603 0.86838 0.8514115 0.8319044 0.813773 0.8196169 0.8494739 0.8574612 0.8622453 0.8398013 0.8266836 0.8119178 0.7992363 0.7687804 0.7236146 0.6724691
1.995999 1.94597 1.878442 1.833771 1.769568 1.792196 1.790514 1.72346 1.667233 1.593255 1.582824 1.55132 1.490663 1.501502 1.506771 1.470724 1.508364 1.450406 1.417212 1.423515 1.430041 1.408903 1.300861 1.19406 1.135892 1.088223 1.032515 1.018358 1.021353 1.018011 1.009032 0.9915299 0.9929529 0.9821197 0.9990544 1.015897 0.9969541 0.9789144 0.9614027 0.9609494 0.9662962 0.9865357 1.031708 1.016316 0.9840747 0.9386849 0.9023291 0.8724518 0.8530693 0.8370115 0.8144067 0.8084017 0.8091431 0.8556853 0.8959017 0.8818969 0.8777246 0.8469927 0.8603698 0.8309866 0.8398576 0.7977351 0.7376058
2.014554 1.970062 1.913671 1.859012 1.795177 1.796128 1.804614 1.756063 1.704651 1.630587 1.584957 1.562715 1.516281 1.485265 1.493671 1.475368 1.476097 1.480429 1.406478 1.40791 1.379787 1.270951 1.219142 1.144431 1.093188 1.061481 1.038231 1.024497 1.02679 1.025567 1.021705 1.00675 1.009315 1.009747 1.00375 1.010105 1.010793 0.997075 0.996877 1.008507 0.9993608 1.018059 1.008965 0.990307 0.9628546 0.9335893 0.8953798 0.8494066 0.8370778 0.8276762 0.8120423 0.8050411 0.8280872 0.8971879 0.9152246 0.9164393 0.9086811 0.8975903 0.8593153 0.8795298 0.8553162 0.8169991 0.7672589
2.041635 1.995667 1.931207 1.881823 1.813603 1.792397 1.818164 1.773559 1.730575 1.669526 1.613602 1.562227 1.543716 1.482791 1.489293 1.484521 1.419883 1.405566 1.387957 1.354976 1.295456 1.259594 1.218434 1.159848 1.115098 1.079501 1.062217 1.031754 1.029136 1.035344 1.031807 1.030475 1.041987 1.039337 1.036451 1.044358 1.052527 1.046565 1.019662 1.006546 1.000798 0.9949434 0.9881361 0.9614772 0.9326826 0.9083121 0.8819447 0.863238 0.8365091 0.8471664 0.8474938 0.8530139 0.9091166 0.9473158 0.9467193 0.9078503 0.9070761 0.8709852 0.8852899 0.888811 0.8517727 0.834289 0.8154911
2.076689 2.027065 1.954848 1.895087 1.854796 1.78217 1.823776 1.798234 1.745321 1.699038 1.626011 1.593896 1.541712 1.500023 1.471875 1.407371 1.345247 1.322214 1.315904 1.318953 1.296446 1.283413 1.239724 1.196627 1.146277 1.101686 1.075656 1.057641 1.037926 1.040735 1.057462 1.068035 1.08348 1.084419 1.093371 1.117702 1.092668 1.061903 1.031282 1.013212 0.9935585 0.9817092 0.9716198 0.9432381 0.9168466 0.893708 0.8905228 0.8868262 0.8740404 0.88944 0.8922273 0.8956034 0.897296 0.9513133 0.9466653 0.9504068 0.9129523 0.8771057 0.8838118 0.8919559 0.8999853 0.856741 0.8430324
2.070722 2.042117 1.98819 1.911986 1.875451 1.796458 1.814483 1.810976 1.760091 1.718876 1.645881 1.634452 1.565049 1.516586 1.433804 1.344018 1.309906 1.292378 1.318721 1.289462 1.313217 1.289545 1.272732 1.242167 1.187562 1.13816 1.095153 1.070885 1.056827 1.057926 1.084053 1.099183 1.12321 1.127232 1.13943 1.158824 1.119129 1.062377 1.020982 0.9948811 0.9773644 0.9650889 0.9644505 0.9364963 0.9108704 0.8928754 0.9126474 0.9091868 0.9181986 0.9184463 0.9716365 1.008576 0.9965479 0.9570204 0.9354937 0.8905683 0.8673114 0.8507147 0.8773336 0.8931599 0.8883554 0.8676605 0.8040871
2.097194 2.054651 2.014752 1.931567 1.866425 1.819664 1.784906 1.804484 1.740904 1.706334 1.674317 1.633207 1.596717 1.505155 1.439177 1.37058 1.318587 1.293538 1.303989 1.288446 1.306116 1.299306 1.287152 1.266918 1.240705 1.181099 1.132521 1.090157 1.074792 1.087763 1.097694 1.152302 1.161826 1.177591 1.168904 1.142532 1.116088 1.064236 1.018013 0.9874096 0.9675934 0.9611329 0.9582984 0.9419914 0.897314 0.9123587 0.9089153 0.9355955 0.9416336 1.047367 1.070291 1.070837 1.035374 0.9943538 0.9740459 0.8960454 0.8775988 0.8514965 0.8396861 0.8496284 0.8547119 0.8197861 0.8263549
2.12852 2.063181 2.026252 1.957807 1.877706 1.818671 1.77568 1.744354 1.699438 1.699653 1.672744 1.656798 1.615186 1.575696 1.4987 1.428689 1.350803 1.293348 1.280716 1.300025 1.275617 1.310939 1.295887 1.270756 1.2685 1.233669 1.182986 1.126587 1.085217 1.106169 1.131391 1.181201 1.216815 1.189702 1.161739 1.145307 1.115991 1.072568 1.023941 1.004741 0.9710277 0.9897923 1.006355 0.9751802 0.9502736 0.9374042 0.9220067 0.9454969 1.047882 1.082201 1.0888 1.071715 1.035154 0.9745156 0.9643383 0.92133 0.813234 0.834401 0.8042808 0.8086896 0.7939445 0.8259235 0.889531
2.162311 2.078662 2.036434 1.984237 1.909589 1.818304 1.797788 1.769329 1.729663 1.75966 1.720286 1.673103 1.635143 1.600409 1.533608 1.467865 1.392439 1.326354 1.303729 1.282218 1.285676 1.289004 1.291208 1.289523 1.276322 1.273589 1.235345 1.166804 1.115357 1.128067 1.16489 1.229785 1.23641 1.180335 1.141706 1.127124 1.116036 1.083649 1.04271 1.036149 1.041806 1.037618 1.028308 1.00869 0.991532 1.018775 0.9819127 0.9785886 1.035213 1.097449 1.094747 1.049623 1.031492 0.9667653 0.9279677 0.8989928 0.813152 0.8152587 0.7866993 0.8096033 0.8084376 0.8791862 0.9206594
2.178971 2.13976 2.09311 1.998427 1.857323 1.851322 1.781947 1.771352 1.776087 1.779074 1.7337 1.702097 1.657331 1.604023 1.576685 1.505049 1.437835 1.357315 1.310709 1.30099 1.290988 1.272693 1.334487 1.308995 1.293613 1.31465 1.300599 1.228757 1.179408 1.153039 1.208092 1.271467 1.247341 1.222592 1.176286 1.133006 1.111726 1.10454 1.077236 1.086977 1.061787 1.040781 1.034502 1.055762 1.059126 1.028726 1.019232 1.018545 1.009438 1.013892 1.054301 1.01947 1.003368 0.924535 0.870866 0.8190379 0.8074536 0.8079538 0.7804735 0.8142405 0.824663 0.8642687 0.8574085
2.210796 2.051597 1.979335 1.919405 1.841385 1.83657 1.778528 1.745577 1.761188 1.770081 1.756075 1.718967 1.671741 1.626726 1.601731 1.545682 1.482872 1.408276 1.337679 1.318681 1.31514 1.311389 1.317956 1.353677 1.316797 1.313378 1.326558 1.289867 1.239839 1.188367 1.224841 1.254649 1.243889 1.235914 1.209817 1.170042 1.138053 1.116274 1.114391 1.092985 1.064303 1.094107 1.099519 1.142271 1.099517 1.068352 1.006875 0.9712516 0.9750928 0.9586458 0.9335517 0.9088219 0.8776862 0.8377035 0.8136566 0.8285825 0.8740308 0.8356689 0.8106242 0.7899101 0.8172426 0.8664091 0.8401694
2.042277 2.021074 1.911556 1.903214 1.889205 1.850921 1.804842 1.745523 1.750399 1.76269 1.77433 1.734593 1.700616 1.651089 1.616188 1.605747 1.526437 1.451357 1.402468 1.353565 1.339978 1.336308 1.331896 1.364462 1.342991 1.33976 1.35841 1.342007 1.290616 1.242129 1.198959 1.204923 1.239916 1.240074 1.220726 1.189804 1.158945 1.148316 1.128826 1.156809 1.104653 1.107699 1.156874 1.151683 1.189625 1.098337 0.9877393 0.9711254 0.9055513 0.9216118 0.8935846 0.8457236 0.8058667 0.8173746 0.8265089 0.8908602 0.9321209 0.892229 0.8599945 0.8447005 0.8516684 0.8592314 0.841565
2.024696 1.941982 1.918211 1.926484 1.904792 1.859016 1.815025 1.766365 1.738458 1.761824 1.78 1.762149 1.722459 1.669676 1.660669 1.638282 1.588786 1.512145 1.483727 1.421426 1.346052 1.351963 1.340506 1.412951 1.407845 1.373433 1.384418 1.375749 1.333698 1.282805 1.23691 1.184965 1.181489 1.223023 1.239556 1.202856 1.181018 1.15159 1.149679 1.192802 1.219584 1.192323 1.223414 1.206192 1.15525 1.101816 0.9856466 0.962864 0.945879 0.9336787 0.8491157 0.879037 0.913326 0.9137424 0.9285111 0.9246136 0.9065229 0.9227815 0.8607059 0.9133373 0.8995207 0.9537288 0.8962487
1.980204 1.890892 1.910395 1.923393 1.90847 1.87752 1.836339 1.795154 1.749986 1.762663 1.788516 1.797515 1.74628 1.732348 1.708533 1.700504 1.655006 1.577211 1.572618 1.508845 1.432228 1.363508 1.349669 1.457548 1.473953 1.381308 1.377589 1.384221 1.373068 1.346979 1.280438 1.230512 1.175791 1.173132 1.204869 1.227875 1.179661 1.135042 1.118578 1.194174 1.200417 1.2285 1.241513 1.122737 1.105387 1.041487 0.9714157 0.9330025 0.9224892 0.9188883 0.9303499 0.9795905 0.9586189 0.8914692 0.9930207 0.9499348 0.9018422 0.9236182 0.8656293 0.9106854 0.8899815 0.9178994 0.8616955
1.966687 1.916347 1.897435 1.909203 1.915921 1.900624 1.86278 1.830691 1.791528 1.772816 1.798904 1.814583 1.809851 1.808414 1.78632 1.775712 1.765626 1.678914 1.640486 1.591123 1.499694 1.437305 1.398586 1.454126 1.462644 1.427413 1.356952 1.370713 1.385268 1.373574 1.350549 1.279391 1.229696 1.16767 1.173584 1.228153 1.232532 1.223035 1.221025 1.205439 1.122778 1.156033 1.153819 1.077718 1.036501 0.9472372 0.9106915 0.9017458 0.8847819 0.8711909 0.8995593 0.9292447 1.000714 0.8977508 0.9939932 0.9654467 0.9085262 0.8651924 0.8851172 0.8799815 0.8539441 0.8327803 0.8277325
