project/src/data/BOM_climate/rainfall_variability/varjan.txt
ncols         178
nrows         139
xllcorner     111.875
yllcorner     -44.625
cellsize      0.25
NODATA_value  -9999
[rows 56 to 83 of 139, columns 0 to 62 of 178]
3.367161 3.717473 3.910123 3.87179 4.075371 3.989384 3.601115 2.949553 2.79671 2.614782 2.237258 2.034735 1.955889 2.030027 2.232859 2.196108 2.275372 2.191095 2.289261 2.339198 2.325387 2.173252 2.281523 2.232148 2.020399 1.868971 1.941244 1.918471 1.806485 2.024779 2.081568 2.068313 2.00497 1.975123 2.274461 2.200015 2.37207 2.502807 2.405068 2.40561 2.089101 2.022887 1.987671 1.982925 1.994372 2.002584 2.007235 2.007344 1.96948 1.858328 1.806548 1.727232 1.639902 1.520289 1.450099 1.342531 1.271142 1.293678 1.305976 1.403024 1.419593 1.423031 1.496172
3.381629 3.89466 3.899336 4.152278 3.827278 3.713872 3.294297 3.323341 3.076889 2.751679 2.527232 2.4094 2.213605 2.004259 2.177511 2.336468 2.304185 2.338999 2.410866 2.301251 2.453312 2.403718 2.317527 2.354772 2.242965 2.114073 2.083361 2.102095 2.065967 2.005168 2.08447 2.177951 1.981837 2.06731 2.036703 2.090323 2.24303 2.256861 2.212956 2.288981 2.246959 2.158431 2.060996 1.94822 1.922805 1.934914 1.94141 1.925605 1.878175 1.890757 1.939649 1.831864 1.762978 1.679431 1.652959 1.530858 1.422131 1.359835 1.419529 1.478109 1.484946 1.492146 1.534586
3.423608 4.100207 4.134247 4.378478 4.101054 3.55763 3.071166 2.976647 3.134351 3.225604 2.830963 2.484518 2.257601 2.007658 2.089077 2.310255 2.226439 2.316361 2.4115 2.459672 2.554062 2.596898 2.584752 2.597959 2.440176 2.161858 1.897936 2.285983 2.226622 2.237741 2.132502 2.08465 2.083737 2.157421 2.124479 2.159609 2.085457 2.135016 2.226931 2.19822 2.311529 2.353155 2.325233 2.27117 2.195628 2.118495 2.053625 2.008389 1.98665 1.975678 1.96091 1.932073 1.831529 1.767699 1.741323 1.716351 1.560192 1.485594 1.526545 1.568932 1.637032 1.691075 1.750046
3.48042 4.027212 4.113429 3.898862 3.846402 3.372175 3.060506 3.46559 3.174514 2.854312 2.66089 2.553154 2.381111 2.3593 2.27652 2.282105 2.314749 2.481292 2.635544 2.537124 2.308925 2.452273 2.661985 2.651117 2.675739 2.488014 2.433004 2.389639 2.42565 2.412833 2.461593 2.417324 2.389969 2.303885 2.268739 2.177942 2.167363 2.238644 2.261106 2.348161 2.286791 2.359435 2.454482 2.369627 2.314905 2.331306 2.326342 2.254449 2.17274 2.105161 2.077765 2.029499 1.950837 1.934982 1.829069 1.830194 1.798411 1.713944 1.653206 1.657304 1.691271 1.661744 1.758927
3.208734 4.040085 3.979229 3.825966 3.599381 3.15578 2.789133 3.048632 2.576673 2.651726 2.445374 2.530508 2.706027 2.71565 2.565054 2.214999 2.373762 2.613318 2.776547 2.493092 2.167124 2.128809 2.535733 2.417833 2.615294 2.727172 2.645046 2.520834 2.636192 2.570776 2.651323 2.717079 2.611941 2.587574 2.318502 2.260723 2.203247 2.310708 2.36414 2.378116 2.427215 2.447113 2.61072 2.437916 2.422702 2.422842 2.391848 2.419542 2.339953 2.290418 2.253554 2.188911 2.098228 2.085039 2.017866 1.977263 1.906553 1.886968 1.862748 1.767054 1.769289 1.729681 1.75588
3.192139 4.032523 3.837315 3.510881 3.488721 2.925255 2.691145 2.361665 2.257723 2.426034 2.264262 2.233942 2.402041 2.672468 2.412162 2.58915 2.656069 2.7561 3.040974 2.491898 2.346413 2.106966 2.192623 2.332622 2.279819 2.462979 2.495199 2.305817 2.465167 2.639491 2.60735 2.664834 2.744157 2.960666 2.775266 2.469587 2.432873 2.418737 2.447861 2.387863 2.518405 2.603766 2.586734 2.545434 2.426954 2.391166 2.369719 2.397455 2.433507 2.350459 2.286004 2.277115 2.195324 2.198309 2.148732 2.053385 2.046665 2.031915 2.083558 1.955198 1.971343 1.843785 1.81747
3.58864 4.514383 4.439398 4.147918 3.924805 3.413445 3.272388 2.686127 2.464409 2.717857 2.445535 2.162074 2.163808 2.275118 2.689391 2.65367 2.842906 3.10682 3.163753 2.633888 2.461426 2.346027 2.283487 2.398789 2.467821 2.475442 2.357267 2.26279 2.286921 2.427392 2.479242 2.712005 2.774565 2.825699 2.811199 2.666525 2.611104 2.6365 2.479418 2.601824 2.685803 2.675502 2.433405 2.480483 2.646733 2.712059 2.627185 2.559918 2.510955 2.461025 2.293101 2.296637 2.228975 2.220956 2.166086 2.028862 2.04108 2.067234 2.225703 2.149911 2.081222 2.027397 1.950702
4.073385 5.477257 5.507325 5.297418 5.129848 4.672802 3.677127 3.154834 2.858489 2.941751 2.473018 2.328044 2.284189 2.381272 2.661598 2.78357 3.134667 2.988178 3.012652 2.750668 2.642581 2.625151 2.510628 2.424991 2.511531 2.442691 2.300545 2.168738 2.047686 2.251359 2.401454 2.493523 2.661911 2.687048 2.830919 2.892877 2.809092 2.77725 2.598843 2.727262 2.703474 2.65827 2.498248 2.519518 2.604008 2.698303 2.654184 2.647286 2.606369 2.446666 2.303971 2.257272 2.233059 2.268836 2.265038 2.132524 2.109159 2.138395 2.336174 2.338501 2.262261 2.242563 2.133845
4.65378 5.308102 5.584907 5.757008 5.977886 5.196502 4.362635 3.243421 2.901844 2.768569 2.579025 2.615263 2.511182 2.669809 2.91699 2.958381 2.908705 2.956027 3.084848 2.811603 2.848433 2.779052 2.682496 2.666052 2.626979 2.500441 2.440841 2.259471 2.045164 2.168694 2.273428 2.581649 2.694916 2.739663 2.724124 2.822216 3.002977 2.854447 2.827339 2.591465 2.692425 2.675387 2.674501 2.427132 2.382507 2.567815 2.572569 2.612712 2.633522 2.577085 2.363777 2.343705 2.3483 2.385576 2.315825 2.191679 2.28334 2.278818 2.283987 2.389247 2.359045 2.310307 2.293214
5.010709 5.770844 6.013555 6.480927 6.67946 5.877868 5.154389 3.49605 3.25979 3.407107 2.802414 2.455392 2.46856 2.713952 2.681322 3.019049 2.925725 3.141104 3.152776 2.91426 2.873656 2.669773 2.648278 2.501406 2.51227 2.487652 2.669461 2.453567 2.268939 2.340904 2.495755 2.734264 2.786094 2.737416 2.823269 2.884424 2.993227 2.898463 2.667759 2.338779 2.653673 2.87418 2.622681 2.727192 2.573138 2.456688 2.437791 2.461733 2.563651 2.526782 2.528992 2.516862 2.442584 2.404934 2.380072 2.25158 2.204493 2.297355 2.371706 2.405805 2.428814 2.48703 2.313318
4.873361 6.442395 6.486326 6.807323 7.065467 6.536833 5.37975 4.470569 3.55795 3.275071 2.467245 2.201898 2.136696 2.531339 2.684301 2.822731 3.193981 3.269971 3.213441 3.150474 2.892917 2.561514 2.317924 2.291832 2.34766 2.532922 2.550066 2.536718 2.319392 2.359816 2.515105 2.693387 2.741309 2.618525 2.6436 2.743577 2.812889 2.968357 2.759586 2.534774 2.54673 2.714962 2.560233 2.630533 2.824211 2.676435 2.673564 2.682409 2.682749 2.63633 2.498953 2.411284 2.452336 2.504598 2.402966 2.329745 2.183158 2.287292 2.367835 2.49527 2.506927 2.44849 2.42858
4.641864 6.034669 6.295371 6.676936 7.882918 6.828852 5.724485 4.779489 3.574014 2.647546 2.248058 2.214276 2.11713 2.272621 2.331109 2.502458 2.741091 2.987268 2.757833 2.845332 2.602806 2.5293 2.515259 2.28358 2.390672 2.663322 2.595436 2.550191 2.407832 2.359634 2.490628 2.560123 2.707816 2.570478 2.479606 2.601483 2.832666 2.889758 2.860628 2.657918 2.471938 2.629367 2.641722 2.625568 2.694051 2.71974 2.783544 2.664286 2.662203 2.597055 2.47851 2.411574 2.420166 2.427976 2.381803 2.469906 2.358317 2.212532 2.312767 2.436804 2.482151 2.412312 2.567274
4.069337 4.957502 6.12314 6.035294 6.090567 6.745465 5.606123 4.432958 3.437102 2.456721 2.237754 2.006837 1.963395 1.983151 2.049753 2.087585 2.467859 2.836644 2.767625 3.004714 2.954133 2.819014 2.617589 2.57784 2.531384 2.536735 2.47601 2.410542 2.403191 2.340716 2.171242 2.476177 2.392169 2.491548 2.44287 2.451499 2.499291 2.715744 2.797645 2.668964 2.426956 2.433193 2.514642 2.57606 2.617313 2.656123 2.559096 2.609581 2.726305 2.598127 2.60616 2.560436 2.503939 2.483866 2.490187 2.482375 2.57458 2.39904 2.335202 2.358726 2.361318 2.46229 2.643446
3.65679 4.157371 5.206758 5.208418 5.252655 4.963478 4.530443 4.121099 3.508948 2.5508 2.295272 2.156893 2.000139 2.068514 2.181342 2.236253 2.056221 2.237029 2.750202 2.863822 2.828942 2.767908 2.766414 2.745712 2.53712 2.42182 2.19895 2.296299 2.441767 2.338208 2.31542 2.306128 2.385337 2.556548 2.360314 2.269054 2.406857 2.493365 2.624713 2.663767 2.459207 2.38765 2.403306 2.530163 2.432016 2.363388 2.423275 2.452867 2.644712 2.545522 2.556357 2.599899 2.594083 2.570736 2.566829 2.604034 2.54604 2.570315 2.363979 2.185606 2.285643 2.340431 2.71927
3.222044 3.646391 3.953146 4.567475 4.071161 3.762429 4.406009 4.238824 3.359411 2.670042 2.439497 2.228718 2.040422 2.094491 2.325563 2.198728 1.950906 2.087797 2.364231 2.707844 3.043074 2.704383 2.755988 3.001962 2.782838 2.505433 2.571498 2.528026 2.457951 2.353991 2.39169 2.557697 2.518578 2.499623 2.490613 2.388657 2.426395 2.461753 2.621151 2.70504 2.362807 2.4626 2.582884 2.531046 2.477786 2.425625 2.486904 2.511881 2.564193 2.552029 2.538491 2.582635 2.5776 2.640482 2.618074 2.621441 2.641812 2.47005 2.380799 2.384079 2.269852 2.258616 2.575753
3.03569 3.061302 3.481359 3.771445 3.561224 3.381891 3.615934 3.307384 2.96056 2.685029 3.053252 2.709554 2.346006 2.208679 2.104963 2.038062 1.980161 2.058891 2.21978 2.75658 2.993325 2.812279 2.732916 3.062137 2.868128 2.545298 2.534382 2.466832 2.295286 2.140941 2.355386 2.518098 2.384722 2.37316 2.424748 2.400445 2.214264 2.4291 2.533159 2.497191 2.309546 2.347874 2.484704 2.436603 2.334729 2.412542 2.43131 2.415547 2.599086 2.589875 2.570946 2.61625 2.600313 2.689606 2.701216 2.62803 2.511642 2.435354 2.395015 2.386966 2.296137 2.182687 2.206184
2.958713 3.030673 3.08743 3.377677 3.284007 3.207742 3.19069 3.055095 2.858668 3.328839 3.475401 3.058653 2.518356 2.331916 2.174866 2.159957 1.983997 2.062085 2.308222 2.657357 2.423138 2.419338 2.841968 3.200058 3.168784 3.025915 2.965118 2.854944 2.514581 2.406022 2.39727 2.551859 2.416129 2.433087 2.584025 2.495019 2.380464 2.286907 2.419166 2.400365 2.412305 2.256778 2.235372 2.15636 2.237129 2.368711 2.468848 2.458448 2.51009 2.614888 2.650443 2.610904 2.585213 2.565846 2.630221 2.675173 2.395056 2.3518 2.415951 2.292183 2.259654 2.160916 2.178539
2.952309 3.02683 3.128317 3.243699 3.120218 2.952128 2.99997 2.84186 2.700172 2.941357 3.362984 3.247564 2.96685 2.536858 2.67571 2.337236 2.266501 2.168833 2.186645 2.54249 2.789006 2.494216 2.628508 2.675874 2.932781 2.936735 2.86728 2.796605 2.666861 2.762045 2.637152 2.568179 2.59865 2.350034 2.385048 2.362969 2.381885 2.412461 2.435779 2.45696 2.511872 2.382933 2.373741 2.351904 2.373579 2.539332 2.499514 2.560745 2.676433 2.61431 2.580039 2.568958 2.520665 2.556663 2.694879 2.7759 2.457626 2.423341 2.449985 2.152139 2.144707 2.148123 2.156433
2.941972 2.926309 2.968795 3.024874 3.020576 2.986376 2.996262 2.901233 2.849203 2.999712 3.953759 3.885659 3.139431 3.057839 2.775079 2.660813 2.527539 2.237788 2.427368 2.589602 2.924343 2.819848 3.230455 2.711374 2.614383 2.575623 2.584979 2.663327 2.844218 2.783336 2.666956 2.481503 2.355895 2.414853 2.490105 2.511336 2.622935 2.552108 2.670707 2.63251 2.475625 2.417443 2.096436 2.229689 2.443758 2.58858 2.487399 2.637043 2.743886 2.634858 2.724633 2.711866 2.552266 2.634366 2.749202 2.696837 2.448387 2.497399 2.446181 2.247383 2.092931 2.177924 2.156598
2.849789 2.831444 2.911115 3.105467 3.032131 3.030423 3.043818 2.953707 2.78432 2.703154 4.045468 4.529964 3.77509 3.142026 2.902265 2.857041 2.845478 2.637442 2.503692 2.841022 3.171856 3.33801 3.196895 3.067137 2.939851 2.715661 2.474879 2.523454 2.670872 2.68927 2.518224 2.394157 2.329507 2.215856 2.497774 2.795293 2.839089 2.782947 2.714852 2.747169 2.786987 2.38004 2.34938 2.081639 2.24018 2.373175 2.570485 2.658702 2.610841 2.572418 2.685541 2.780676 2.658775 2.715935 2.715596 2.563722 2.502375 2.470967 2.441587 2.343786 2.140322 2.294498 2.237133
2.835907 2.860742 2.933503 3.044751 3.142601 3.123499 3.025767 3.044408 2.897608 2.907278 3.506687 4.113986 3.783326 3.307294 3.274445 3.198574 3.117669 2.797426 2.512096 2.647464 2.999297 3.14914 3.407091 3.100692 3.122417 2.774832 2.816471 2.480463 2.67803 2.52729 2.348134 2.407748 2.426342 2.605843 2.805627 2.674434 2.729422 2.635642 2.786646 2.793176 2.882153 2.4584 2.334982 2.233305 2.154283 2.357564 2.575835 2.614058 2.549721 2.594387 2.698172 2.833222 2.704728 2.675596 2.667422 2.580979 2.578219 2.493416 2.45244 2.343249 2.209131 2.410715 2.363417
2.887783 2.865842 2.914749 3.019961 3.118887 3.176418 3.07957 3.103092 3.182304 3.109783 3.071049 3.401715 3.518689 3.744238 3.374836 3.10195 2.956803 2.95802 2.665455 2.700469 2.974327 3.253484 3.245617 3.33207 3.408402 3.118685 2.741923 2.532025 2.455595 2.503036 2.325804 2.394789 2.351747 2.26105 2.514444 2.404366 2.53822 2.603665 2.994072 2.962932 2.973803 2.583519 2.445287 2.48678 2.489355 2.558176 2.561696 2.496033 2.572409 2.673489 2.780892 2.897085 2.65631 2.627941 2.612028 2.534187 2.534517 2.429645 2.517725 2.302048 2.249228 2.469984 2.32175
2.893643 2.826885 2.821791 2.859025 3.070383 3.347399 3.288185 3.13702 3.080194 3.305172 3.273673 3.208723 2.982239 3.247486 3.033207 2.798591 2.75663 2.624379 2.92665 2.686022 2.577275 2.717093 2.695058 2.790111 2.647279 2.547426 2.426245 2.51577 2.627214 2.529906 2.398811 2.314885 2.196378 2.196076 2.286748 2.545542 2.545036 2.579078 2.721419 2.691727 2.663493 2.727599 2.709947 2.77279 2.763156 2.619397 2.726106 2.850656 2.79004 2.749629 2.937371 2.746637 2.711892 2.610284 2.462143 2.515052 2.540661 2.60794 2.544561 2.434444 2.543293 2.62651 2.538262
2.79346 2.739467 2.698377 2.701697 2.99763 3.166487 3.203871 3.221745 3.269228 3.184424 3.129311 3.116118 2.982228 2.865366 2.612236 2.660642 2.81731 2.955078 2.768563 2.867308 2.60639 2.484325 2.468103 2.326414 2.482097 2.381589 2.360949 2.392874 2.255254 2.117481 2.37265 2.376182 2.363852 2.367854 2.35679 2.462949 2.537881 2.685759 2.822283 2.824522 2.900791 2.975774 2.875185 2.912143 2.885766 2.924263 2.84175 2.923225 2.970204 2.870512 2.74147 2.672785 2.627438 2.60333 2.611335 2.44695 2.614159 2.784951 2.556607 2.543595 2.743275 2.776838 2.627553
2.680543 2.638401 2.630658 2.643623 2.805609 3.144891 3.322725 3.279284 3.253083 3.140594 3.134406 2.888974 2.869606 2.798076 2.51942 2.493408 2.827876 2.892876 2.687222 2.997818 2.789718 2.59504 2.592485 2.688259 2.494303 2.284213 2.08344 2.063058 2.068109 2.140764 2.256591 2.328665 2.426847 2.399953 2.359444 2.409845 2.545123 2.64641 2.764266 2.935602 3.063993 3.190132 3.213347 3.160498 3.182907 3.141753 3.026586 2.985801 2.838496 2.747354 2.779555 2.713156 2.555657 2.477171 2.429332 2.457518 2.667664 2.77957 2.519308 2.748449 3.025046 2.853369 2.783529
2.525502 2.559865 2.591298 2.618531 2.687214 2.87157 3.053494 3.088273 2.988255 2.999522 2.89888 2.822648 2.731049 2.645151 2.574015 2.585971 2.768423 2.774662 2.537838 2.690383 2.847897 2.6139 2.505859 2.774177 2.719676 2.534889 2.371116 2.267654 2.25391 2.233958 2.233801 2.361388 2.405439 2.36561 2.267927 2.405077 2.764756 2.692936 2.59594 2.88491 3.193627 3.160478 3.218591 3.186808 3.205396 2.957532 2.989208 3.158169 2.896391 2.782011 2.688185 2.726271 2.687321 2.527574 2.495774 2.516575 2.645512 2.539392 2.51325 2.800732 3.093325 2.908534 2.765579
2.592697 2.601058 2.612205 2.633029 2.680936 2.867153 2.828432 2.985114 2.896819 2.984061 2.916162 2.972078 2.836822 2.623633 2.78919 2.862541 2.864685 2.731759 2.683937 2.663275 2.764917 2.652932 2.593011 2.754777 2.753135 2.71248 2.283435 2.403505 2.419188 2.507273 2.391512 2.408321 2.432992 2.360425 2.279781 2.328798 2.462406 2.697369 2.735459 3.199182 3.210951 3.372111 3.132106 3.058589 3.245091 3.291636 3.204932 3.291999 3.126116 2.781346 2.795653 2.798835 2.720202 2.578165 2.523959 2.62486 2.51286 2.561 2.653809 2.851319 3.145953 3.149718 2.839886
2.58585 2.586307 2.608427 2.631456 2.65189 2.671265 2.723654 2.819293 2.872111 2.864358 2.86345 2.827272 2.79631 2.894906 2.981236 2.771523 2.935856 2.798842 2.749172 2.766007 2.674436 2.861897 2.774979 2.852382 2.837883 2.849448 2.648967 2.623842 2.543067 2.581136 2.521165 2.363479 2.368717 2.30699 2.243278 2.11332 2.210318 2.670736 3.033566 3.146554 3.053729 3.159711 2.999851 3.266823 3.363116 3.437704 3.319651 3.082079 3.299349 2.969507 2.807819 2.698087 2.761588 2.671556 2.569479 2.508858 2.5085 2.547066 2.742979 2.943428 3.150594 3.093234 2.743649
