project/src/data/BOM_climate/rainfall_variability/varmar.txt
ncols         178
nrows         139
xllcorner     111.875
yllcorner     -44.625
cellsize      0.25
NODATA_value  -9999
[rows 0 to 27 of 139, columns 63 to 125 of 178]
0.9740258 0.9358415 0.9272555 0.9456992 0.9329633 0.9097921 0.883243 0.8537395 0.8445531 0.8529823 0.8623603 0.8724536 0.8786697 0.8903531 0.900938 0.9082722 0.8723676 0.8966399 0.9236093 0.9702168 0.9557037 0.9669763 0.9936885 0.9882218 0.9998255 1.030443 1.050303 1.073954 1.085138 1.123507 1.17919 1.245708 1.256978 1.286439 1.255788 1.28638 1.212356 1.097707 1.02709 0.9849038 0.9933385 0.9452283 0.8995475 0.8267788 0.8143572 0.7780994 0.8008626 0.8124248 0.8161144 0.8369825 0.8299192 0.8297341 0.8242421 0.8521761 0.8568489 0.8368885 0.8362312 0.8634038 0.8173928 0.8292119 0.8366519 0.8595119 0.821701
0.9432477 0.9038082 0.9425007 0.9409232 0.9207274 0.8988929 0.8791152 0.8883244 0.9076781 0.9381387 0.9658592 0.9756773 0.949882 0.8974687 0.8962683 0.9063646 0.936991 0.9700648 0.9869098 1.011856 0.9923149 1.022522 1.010838 0.9808498 1.021031 1.021188 1.051934 1.069427 1.087988 1.113787 1.181377 1.254457 1.255273 1.302278 1.299833 1.287064 1.237846 1.127361 1.053277 0.9988877 0.991625 0.9497129 0.9143215 0.8380034 0.8157085 0.8038749 0.8078764 0.8290201 0.8310139 0.848286 0.8471417 0.8445791 0.8383865 0.8250179 0.8429655 0.8280607 0.8389993 0.8163624 0.8664833 0.8147889 0.835286 0.8435385 0.7617979
0.9057583 0.9298894 0.9408851 0.9307556 0.9131617 0.8875479 0.9017386 0.9278196 1.017054 1.07908 1.075925 1.077512 1.033216 0.9500833 0.95623 0.9670834 1.011714 1.027964 1.058057 1.055681 1.008945 1.054675 1.084501 1.037635 1.035761 1.029781 1.056926 1.072632 1.094779 1.124269 1.19131 1.233146 1.260119 1.322623 1.338385 1.297959 1.257727 1.193051 1.088796 1.027341 0.9959558 0.9713241 0.9243791 0.8617579 0.8194656 0.820947 0.8308284 0.8420256 0.8433377 0.8465974 0.8409024 0.827612 0.8491344 0.8534538 0.8503655 0.8601422 0.8522323 0.8543548 0.8324244 0.759328 0.7965473 0.826719 0.7792222
0.9247575 0.9404745 0.923553 0.9045352 0.8913546 0.8870698 0.9318441 1.026555 1.093122 1.137254 1.127922 1.107884 1.04969 0.9646477 0.9701555 0.9859596 1.059855 1.079601 1.093683 1.12416 1.079464 1.073802 1.064846 1.083036 1.085984 1.019884 1.049858 1.05243 1.110098 1.148136 1.226231 1.256947 1.293053 1.331944 1.392215 1.331902 1.281684 1.219424 1.133071 1.062242 1.022465 0.9767943 0.9328158 0.9012464 0.8296135 0.8236118 0.813696 0.8219474 0.8217427 0.8181483 0.8190863 0.8075997 0.854894 0.8933077 0.888233 0.8882487 0.8916387 0.8203263 0.8272156 0.827907 0.8598527 0.8382577 0.8287961
0.9503778 0.927173 0.906117 0.888889 0.8789497 0.9093444 0.977833 1.076389 1.135992 1.231243 1.25378 1.196561 1.086548 0.9772546 0.965158 1.018711 1.046147 1.072438 1.081653 1.102196 1.114539 1.127754 1.064486 1.14607 1.107088 1.099877 1.070158 1.046648 1.139655 1.209126 1.251442 1.280687 1.337033 1.405779 1.460726 1.375119 1.306516 1.264296 1.174374 1.103676 1.053245 1.005657 0.967214 0.9331511 0.8758314 0.8404658 0.835554 0.8273137 0.8274052 0.8245963 0.8254812 0.8156577 0.8438452 0.8891999 0.9062142 0.9559031 0.9277793 0.8440552 0.8649919 0.8910225 0.9120956 0.8935449 0.8245619
0.9547541 0.9240249 0.9038629 0.891039 0.8824133 0.9322172 1.009086 1.093572 1.184093 1.291171 1.3212 1.296678 1.166167 1.003062 0.9528927 0.9303078 1.026623 0.9876068 1.017754 1.045627 1.086178 1.088676 1.088092 1.1831 1.126624 1.128186 1.122278 1.135729 1.227397 1.317435 1.316312 1.313463 1.390284 1.436408 1.477458 1.384691 1.398586 1.358268 1.272898 1.172713 1.081973 1.031615 0.9870538 0.9555832 0.93527 0.8694501 0.8481603 0.8467511 0.8354645 0.8374245 0.8417752 0.853156 0.8823619 0.9083348 0.9293172 0.9344664 0.9195284 0.92234 0.9195119 0.9501539 0.9214535 0.8784962 0.8759973
0.9514973 0.9287429 0.9152524 0.9075097 0.8960985 0.9423298 1.005684 1.108432 1.194313 1.256815 1.311766 1.232335 1.144385 1.012423 0.9093745 0.8636038 0.8785521 0.9130661 0.9424956 0.9563428 1.030093 1.047578 1.064009 1.169746 1.191472 1.200718 1.124585 1.23307 1.306369 1.357691 1.357647 1.349396 1.378803 1.411596 1.49768 1.417151 1.501135 1.481634 1.402316 1.293658 1.181838 1.067595 1.011751 0.9750841 0.9640942 0.9130833 0.8993368 0.8771962 0.8756674 0.8702515 0.8749204 0.9071371 0.9517898 0.9878325 0.9978051 1.02935 1.028378 1.003795 0.9717454 0.9866797 0.971031 0.9483327 0.8726907
0.9518086 0.9306672 0.9179314 0.9144064 0.907433 0.9416167 0.9939915 1.07062 1.119232 1.162881 1.15445 1.096971 1.066891 0.9564534 0.8610994 0.8380933 0.8505352 0.8640489 0.8814299 0.964292 0.9733608 1.033772 1.069493 1.11279 1.180694 1.212983 1.217021 1.319524 1.364088 1.409533 1.393481 1.398564 1.37818 1.430872 1.494684 1.459145 1.589302 1.624496 1.562801 1.459515 1.295738 1.134611 1.035822 1.010006 0.985383 0.9630957 0.9362097 0.9194133 0.9240568 0.9235012 0.9470621 0.9681898 1.015392 1.052288 1.08856 1.138092 1.138061 1.08859 1.050964 1.004888 0.9765055 0.9387327 0.9311133
0.9726638 0.9488871 0.9272972 0.915404 0.9115653 0.9415889 0.9724773 0.9850602 0.9939756 1.04254 1.006712 1.011694 0.9596295 0.9354692 0.9031645 0.8895792 0.9001786 0.8743343 0.9261473 0.9270724 1.024947 1.058771 1.054874 1.133076 1.159413 1.19135 1.237708 1.363866 1.412178 1.444153 1.394869 1.406279 1.404754 1.423388 1.463819 1.500672 1.553035 1.65149 1.626589 1.5733 1.397812 1.221249 1.083036 1.036231 1.039544 0.9863088 0.9759167 0.9602224 0.9641202 0.978524 0.985858 1.02126 1.056127 1.11429 1.130893 1.121144 1.107017 1.045892 1.004908 0.9692067 0.9574109 0.9794542 1.033548
0.9737764 0.9856037 0.9611973 0.9266978 0.9195309 0.9399985 0.9442562 0.9194109 0.9451995 0.9838023 0.9649718 0.9671282 0.9676963 0.9383575 0.9291516 0.8978702 0.9484338 0.9552266 1.008392 1.000837 1.007342 1.084777 1.162245 1.172336 1.250612 1.216712 1.245857 1.374094 1.426096 1.488922 1.382359 1.379222 1.420633 1.457383 1.468407 1.524405 1.583187 1.569866 1.616842 1.572788 1.490899 1.316666 1.119313 1.09635 1.088615 1.03734 1.010619 0.9918283 1.01485 1.040736 1.043131 1.024817 1.10803 1.130033 1.106629 1.169078 1.14267 1.076719 1.024508 1.084755 1.01153 1.099871 1.130262
0.9758915 0.9729137 0.9942981 0.9779918 0.9399055 0.9256333 0.9107412 0.9254115 0.9353434 0.9350038 0.9398931 0.9193015 0.9780133 0.9488838 0.962713 0.9801676 0.968929 1.013401 0.9870738 0.9611036 1.024193 1.049394 1.103593 1.171983 1.264345 1.256925 1.25526 1.357258 1.460649 1.473914 1.348544 1.409309 1.430749 1.484533 1.44444 1.539404 1.612533 1.633976 1.62496 1.608427 1.50413 1.345031 1.192679 1.146303 1.140648 1.070825 1.036176 1.030824 1.061744 1.056636 1.046589 1.022144 1.121027 1.128911 1.117896 1.140878 1.172954 1.169629 1.107744 1.158903 1.096511 1.234836 1.331584
1.009983 1.002302 1.000216 0.9808554 0.9806046 0.9690472 0.9528099 0.9059743 0.9054484 0.8817663 0.9260404 0.9355432 0.9049309 0.9659408 0.9487799 0.9326454 0.962043 1.05204 0.9704508 1.004817 1.004207 1.024475 1.075589 1.117752 1.172909 1.205992 1.274197 1.387251 1.518696 1.494079 1.385379 1.404807 1.479801 1.517844 1.517772 1.523366 1.595241 1.618858 1.613046 1.558194 1.491946 1.35831 1.274817 1.203407 1.173521 1.112824 1.053838 1.065977 1.057662 1.054398 1.059029 1.07514 1.121603 1.151925 1.162678 1.180263 1.199978 1.191618 1.147101 1.118383 1.188143 1.360643 1.388552
1.06595 1.046664 1.036466 1.032004 1.017187 0.9833564 0.9568599 0.9836198 0.9645734 0.9569623 0.9276768 0.9642245 1.015515 0.9776381 1.002994 0.9308119 1.027056 1.091787 1.027351 1.043202 0.9998944 1.020561 1.002549 1.036046 1.059477 1.15175 1.251893 1.365118 1.464308 1.446181 1.392671 1.468004 1.455794 1.549915 1.604599 1.596214 1.556326 1.571679 1.52571 1.503666 1.463311 1.380893 1.322433 1.268944 1.174599 1.12281 1.095043 1.078751 1.07926 1.078545 1.05726 1.124591 1.196393 1.228041 1.231734 1.203219 1.242162 1.223235 1.192733 1.203789 1.256363 1.351817 1.330911
1.156437 1.096926 1.077377 1.098481 1.087458 1.169403 1.169188 1.104485 1.067009 1.048682 1.053256 1.097655 1.115436 1.171397 1.11709 1.091066 1.090563 1.164979 1.125664 1.150115 1.121921 1.057878 1.053957 1.063935 1.118131 1.255565 1.36683 1.389835 1.464731 1.453179 1.469093 1.493132 1.531143 1.601665 1.68913 1.632195 1.655495 1.648622 1.577488 1.470566 1.432396 1.390563 1.379413 1.287844 1.229392 1.125567 1.095292 1.109713 1.101289 1.071086 1.08131 1.152096 1.223485 1.293964 1.304498 1.32362 1.331332 1.318939 1.380092 1.378421 1.334049 1.322733 1.326125
1.215368 1.165676 1.136546 1.2012 1.290423 1.382651 1.376132 1.262453 1.244402 1.176099 1.141248 1.132008 1.13521 1.260389 1.236332 1.203035 1.218677 1.236795 1.280923 1.226086 1.179933 1.162959 1.151415 1.20592 1.257121 1.418468 1.393557 1.396137 1.475715 1.484104 1.524011 1.569061 1.589738 1.615208 1.611653 1.60296 1.597283 1.617258 1.705446 1.679804 1.475358 1.42633 1.381978 1.279908 1.192858 1.140654 1.124298 1.118077 1.119843 1.109776 1.115537 1.188576 1.226287 1.300736 1.335832 1.34484 1.354031 1.408789 1.470292 1.359633 1.392932 1.309191 1.336107
1.304917 1.26732 1.232387 1.337575 1.35878 1.356212 1.315145 1.382467 1.315845 1.231451 1.232282 1.19659 1.200498 1.347343 1.38025 1.352218 1.333472 1.339658 1.319122 1.343462 1.318512 1.231301 1.267649 1.422689 1.424421 1.537058 1.589284 1.550902 1.592189 1.590541 1.539993 1.594662 1.6463 1.646573 1.645198 1.659292 1.643825 1.63099 1.690457 1.762281 1.583561 1.439199 1.384605 1.289309 1.186763 1.166961 1.116039 1.102979 1.124637 1.140384 1.13942 1.190906 1.245407 1.279082 1.290959 1.317653 1.372968 1.450894 1.529367 1.504403 1.459618 1.44382 1.494581
1.39404 1.34273 1.302475 1.365481 1.42236 1.432129 1.442875 1.357487 1.305602 1.158129 1.203345 1.33184 1.387036 1.480557 1.464662 1.401937 1.424859 1.335652 1.33542 1.322785 1.352157 1.371464 1.484313 1.442537 1.472943 1.638437 1.654818 1.670005 1.7361 1.719841 1.635333 1.61668 1.626316 1.678221 1.632086 1.623278 1.652678 1.657531 1.685395 1.717469 1.637123 1.498428 1.443348 1.309153 1.180914 1.158754 1.128289 1.12281 1.125442 1.174817 1.183568 1.200628 1.275208 1.336876 1.317924 1.33904 1.409059 1.471179 1.489851 1.488716 1.557891 1.582158 1.642039
1.47054 1.399899 1.269141 1.333163 1.350964 1.458538 1.497079 1.416776 1.286141 1.363354 1.211407 1.284835 1.444186 1.553772 1.537201 1.550189 1.5131 1.462022 1.459 1.430853 1.409802 1.544709 1.539217 1.498687 1.561782 1.641916 1.582312 1.626102 1.611726 1.705166 1.738648 1.702875 1.651905 1.633411 1.625751 1.595929 1.629058 1.706967 1.746718 1.702846 1.597528 1.474083 1.387749 1.290209 1.198022 1.157189 1.150616 1.121315 1.129811 1.166751 1.208614 1.23531 1.27282 1.33643 1.340926 1.323157 1.287726 1.281495 1.378087 1.430641 1.382257 1.527771 1.492891
1.544533 1.491711 1.364455 1.31916 1.38392 1.43826 1.481056 1.460505 1.401201 1.394793 1.314843 1.404896 1.578336 1.579443 1.713798 1.660298 1.607639 1.606147 1.628748 1.546907 1.519302 1.620479 1.587913 1.596849 1.638876 1.713324 1.684413 1.712469 1.670573 1.67432 1.745884 1.867281 1.778812 1.704105 1.655645 1.610622 1.636094 1.656837 1.666266 1.59854 1.517271 1.477917 1.327471 1.266719 1.197839 1.206955 1.193773 1.165552 1.134414 1.167633 1.20757 1.263672 1.29484 1.307073 1.338629 1.330936 1.259868 1.229278 1.26572 1.262271 1.299133 1.339135 1.368371
1.636379 1.608837 1.538572 1.431091 1.456914 1.459305 1.481709 1.475061 1.456089 1.450735 1.428634 1.468518 1.471028 1.69058 1.853025 1.730601 1.645606 1.521939 1.570705 1.659674 1.662309 1.744202 1.731557 1.608803 1.571961 1.825588 1.669626 1.698408 1.676411 1.740924 1.783878 1.860059 1.864219 1.666477 1.591014 1.504845 1.535899 1.594582 1.528573 1.488791 1.499812 1.429396 1.334118 1.269929 1.270232 1.231478 1.243182 1.207803 1.202659 1.214008 1.271013 1.304347 1.370849 1.467591 1.474723 1.346705 1.344733 1.297054 1.255167 1.334354 1.303557 1.35343 1.417339
1.686556 1.617315 1.619497 1.561663 1.603567 1.560628 1.49315 1.524731 1.443552 1.448637 1.468145 1.548301 1.473673 1.704207 1.783633 1.816231 1.639652 1.663069 1.638337 1.665262 1.720628 1.871705 1.814885 1.786759 1.651551 1.770065 1.73033 1.758677 1.826533 1.88325 1.854852 1.941619 1.86498 1.730448 1.644665 1.641588 1.597817 1.637894 1.618845 1.523976 1.517184 1.468259 1.38762 1.323811 1.338654 1.310207 1.286225 1.27974 1.253946 1.240238 1.349008 1.391647 1.428246 1.493811 1.528505 1.545853 1.475163 1.408681 1.296361 1.347775 1.328817 1.410636 1.48213
1.585891 1.628023 1.695632 1.638966 1.613751 1.567501 1.629217 1.526716 1.534745 1.519932 1.575513 1.665736 1.827784 1.73546 1.964363 1.958106 1.912709 1.850869 1.751516 1.666196 1.822751 1.810186 1.775561 1.835295 1.713077 1.67382 1.771637 1.942129 2.065117 1.930626 1.929337 2.108852 1.964154 1.787936 1.689224 1.628895 1.620546 1.735858 1.673762 1.652635 1.618336 1.622422 1.47995 1.470066 1.470485 1.433871 1.377363 1.385074 1.28516 1.289505 1.391546 1.432186 1.444062 1.463625 1.458783 1.417241 1.449782 1.427798 1.33169 1.40713 1.426146 1.438184 1.525369
1.622345 1.715052 1.725451 1.788313 1.657943 1.504777 1.549486 1.650612 1.59179 1.580904 1.75626 1.753466 1.935006 1.804589 1.969827 2.092078 2.121305 2.110161 1.898376 1.901058 1.998442 1.940199 1.933646 1.834851 1.849285 1.802319 1.866249 1.849213 2.076827 1.987508 1.922657 2.041037 2.000813 2.061551 1.986111 1.966601 1.875083 1.85956 1.782614 1.711118 1.715465 1.644746 1.587076 1.624997 1.66563 1.627987 1.606036 1.536501 1.422593 1.313769 1.34655 1.49316 1.513178 1.552321 1.5847 1.562327 1.502992 1.445536 1.419932 1.632507 1.572976 1.513115 1.463837
1.591763 1.625861 1.677034 1.727609 1.81537 1.582016 1.609209 1.768812 1.697017 1.781728 1.712948 1.772857 1.893567 1.954059 2.083335 2.11657 2.183509 2.188609 2.135548 2.092355 2.166815 2.154938 2.165856 2.019383 2.041289 1.934617 1.960425 1.933136 1.946865 2.043684 1.950184 1.906335 1.933111 2.265743 2.184724 2.066258 1.938345 2.017374 1.863986 1.764001 1.758739 1.658773 1.737039 1.83768 1.798179 1.784466 1.732709 1.661621 1.571737 1.51866 1.436908 1.482676 1.573328 1.587517 1.633224 1.561138 1.579885 1.487071 1.48529 1.586203 1.641009 1.551703 1.494032
1.675937 1.558324 1.522475 1.614682 1.76571 1.591102 1.620559 1.727529 1.824811 1.79199 1.766498 1.890997 2.210279 2.331638 2.541038 2.469714 2.230032 2.109017 2.097215 2.168399 2.305623 2.280307 2.182176 2.205601 2.125064 2.107969 2.117748 1.98808 1.861042 1.918858 1.896701 1.751975 1.92146 1.967729 2.165197 2.146287 2.016339 1.97906 1.974205 1.727113 1.790943 1.841222 1.925888 1.899937 1.845413 1.84313 1.810205 1.861387 1.823551 1.601899 1.499797 1.525422 1.527988 1.593417 1.573187 1.554202 1.522087 1.624503 1.589136 1.704241 1.639336 1.501197 1.480749
1.90647 1.753414 1.636664 1.716785 1.822277 1.771519 1.700568 1.795097 1.958371 1.951071 2.077684 2.249178 2.495862 2.70334 2.718975 2.542716 2.415029 2.335963 2.41748 2.431204 2.496561 2.429184 2.40926 2.283664 2.224962 2.14504 2.143995 2.082138 1.991932 1.999756 1.965108 1.961178 1.879388 1.887523 1.920986 2.028279 2.100457 1.996399 1.84095 1.775916 2.025066 2.051465 2.007212 1.968525 1.972914 2.017966 2.051667 2.081798 2.000161 1.752004 1.631612 1.590757 1.658233 1.638624 1.608543 1.596465 1.484047 1.583866 1.685557 1.777812 1.686315 1.564461 1.448061
1.866007 1.886326 1.787237 1.729238 1.974799 2.136351 2.156283 2.031121 2.00494 2.175172 2.324818 2.617582 2.875095 3.031879 2.97505 2.883793 2.698655 2.479651 2.622097 2.548319 2.525723 2.546307 2.512833 2.534425 2.581994 2.255979 2.225221 2.155636 2.022616 2.050761 2.009874 1.908041 1.765576 1.7795 1.847098 1.892925 2.093636 2.086479 1.95245 2.015654 2.10099 2.160315 2.111616 2.175192 2.096602 2.219375 2.31333 2.271414 2.0855 1.900074 1.736257 1.614014 1.638042 1.732775 1.70682 1.599811 1.548358 1.510573 1.608103 1.715887 1.580812 1.570957 1.555687
2.06735 1.988786 1.972776 1.904537 2.032823 2.096198 2.052726 2.324257 2.153508 2.401521 2.514815 2.680673 2.840245 3.241048 3.226574 3.118014 3.060743 2.747061 2.645833 2.50577 2.433862 2.589771 2.615597 2.638738 2.431626 2.377141 2.210145 2.157152 1.931285 1.891618 1.904343 1.848537 1.844374 1.752931 1.877541 2.009559 2.00593 1.915515 1.949632 2.092677 2.204047 2.215928 2.173505 2.217909 2.21008 2.080634 2.35317 2.412198 2.108733 1.99695 1.83631 1.695416 1.663142 1.673941 1.681795 1.658215 1.678099 1.52506 1.468528 1.497504 1.525007 1.547218 1.562132
