project/src/data/BOM_climate/rainfall_variability/varmar.txt
ncols         178
nrows         139
xllcorner     111.875
yllcorner     -44.625
cellsize      0.25
NODATA_value  -9999
[rows 56 to 83 of 139, columns 0 to 62 of 178]
2.214571 2.289855 2.242816 2.311182 2.363962 2.283357 2.233931 2.295211 2.102135 2.49919 2.26809 2.03339 2.017958 1.877861 1.82989 1.834168 1.807986 1.824113 1.905172 1.968404 1.980414 2.186678 2.160917 2.215282 2.106804 2.071391 2.020174 1.974921 1.981586 2.038168 2.092602 2.21219 2.246461 2.479602 2.538229 2.648878 2.509068 2.42055 2.429299 2.438424 2.241341 2.208363 2.194492 2.150507 2.118665 2.095103 2.062879 1.982563 1.890559 1.825742 1.730606 1.668908 1.601065 1.596493 1.633131 1.737879 1.726143 1.723887 1.88483 1.923057 2.018827 1.920515 1.876067
2.130044 2.305914 2.192309 2.274672 2.30778 2.229893 2.131997 2.16077 2.39433 2.34206 2.177601 1.959859 1.958761 2.035695 2.00919 1.822065 1.760948 1.886508 2.082685 2.078115 2.052465 2.147096 2.064958 2.114183 2.142787 2.144828 2.081251 2.067295 1.968765 2.072467 2.079109 2.346178 2.417521 2.492774 2.530366 2.552984 2.522593 2.358431 2.333524 2.289173 2.373934 2.310596 2.204974 2.08054 1.965279 1.918137 1.895341 1.878499 1.813733 1.741924 1.698439 1.665386 1.621286 1.641197 1.659306 1.723584 1.771889 1.72696 1.860049 1.95883 1.967061 1.783801 1.775319
2.106861 2.270863 2.15024 2.218752 2.274346 2.092001 2.105304 2.228358 2.411416 2.631507 2.382522 2.081378 1.993296 2.098086 2.064843 1.883834 1.710841 1.758808 2.095887 2.223427 2.19464 2.206187 2.194561 2.247241 2.119935 2.187412 2.215328 2.203921 2.110047 2.028421 2.07426 2.212535 2.265115 2.407504 2.421532 2.368448 2.293559 2.193086 2.237613 2.332546 2.507126 2.496527 2.357646 2.171083 2.032204 1.898003 1.823886 1.830009 1.805264 1.731171 1.691616 1.672652 1.682566 1.670278 1.686483 1.674902 1.759344 1.727715 1.809982 1.898944 1.929884 1.733476 1.657232
2.020499 1.929389 1.899944 1.966343 2.00348 1.879878 1.98405 2.300119 2.191036 2.371731 2.136613 2.047615 2.090572 2.242281 1.990891 1.963841 1.738978 1.867161 2.01046 2.301443 2.262286 2.325775 2.466896 2.303967 2.217239 2.26419 2.290437 2.475611 2.439179 2.426912 2.365836 2.136276 2.100812 2.091338 2.156943 2.113685 2.094707 2.13383 2.25738 2.329156 2.433422 2.362246 2.4005 2.358626 2.212298 2.11393 2.036963 1.848791 1.783858 1.791555 1.790684 1.775788 1.708905 1.694644 1.695832 1.723238 1.702378 1.664764 1.728187 1.927383 1.959326 1.736364 1.726053
1.847403 1.758492 1.782196 1.8078 1.960349 1.910076 1.869817 2.072703 2.290588 2.294689 1.905492 1.925268 2.104813 2.27989 2.095556 1.982674 1.984621 1.980261 2.048793 2.285433 2.343112 2.400975 2.281237 2.35216 2.061178 2.40527 2.523648 2.772629 2.783047 2.772166 2.555348 2.339947 2.184353 2.112692 2.138113 2.105173 2.13632 2.067942 2.256166 2.337979 2.317111 2.390028 2.378574 2.308443 2.21591 2.251127 2.173621 2.048717 1.938418 1.870775 1.834746 1.765245 1.67804 1.634919 1.617491 1.646605 1.64323 1.674464 1.69767 1.867558 1.948033 1.844111 1.826876
1.696183 1.811024 1.828791 1.819822 1.895531 1.948564 1.811385 1.775893 1.932436 2.221656 2.040596 1.933822 2.182271 2.214118 1.988659 2.022743 2.1334 2.236925 2.076154 2.187571 2.471219 2.421843 2.557099 2.418991 2.139178 2.28274 2.615534 2.785214 2.958312 3.017491 2.832706 2.547415 2.345298 2.307111 2.327235 2.381368 2.331141 2.374849 2.346186 2.495625 2.438933 2.251468 2.239725 2.243935 2.182196 2.135148 2.118522 2.074569 1.964445 1.842976 1.823421 1.792327 1.731816 1.660403 1.625751 1.577289 1.598724 1.63242 1.694241 1.70002 1.928022 1.939604 1.893849
1.695391 1.757315 1.732251 1.777811 1.783517 1.839523 1.864555 1.689587 1.708194 2.078075 2.120641 2.0199 2.065304 2.14358 2.02283 2.054748 2.059144 2.218403 2.273597 2.237675 2.360337 2.336743 2.397618 2.612857 2.520998 2.316767 2.458601 2.617614 2.622714 2.637216 2.7722 2.590703 2.432497 2.35882 2.420171 2.357798 2.323816 2.322119 2.29418 2.369157 2.236792 2.156161 2.096166 2.116641 2.20891 2.348908 2.234335 2.164113 1.970214 1.83571 1.845952 1.765602 1.739294 1.722903 1.62815 1.655076 1.625777 1.627162 1.68871 1.782637 1.818845 1.842877 1.96771
1.553967 1.685486 1.659443 1.620869 1.62327 1.629474 1.64193 1.57681 1.531373 1.650557 1.867065 1.930783 2.061677 2.144631 2.208393 2.253979 2.007626 2.023078 2.235621 2.211692 2.107693 2.34682 2.42273 2.49189 2.312567 2.30097 2.304621 2.502477 2.42878 2.497995 2.544214 2.496115 2.374115 2.30649 2.236968 2.303706 2.517229 2.379623 2.445292 2.471707 2.258285 2.025829 2.049269 2.185526 2.311007 2.425831 2.310602 2.124846 1.906292 1.80409 1.753092 1.741283 1.763039 1.747103 1.703338 1.735696 1.697678 1.635404 1.641442 1.822694 1.849417 1.841059 1.852425
1.478017 1.71363 1.713321 1.689178 1.798628 1.662574 1.555772 1.481974 1.562793 1.643404 1.914111 1.938804 2.108223 2.278827 2.552088 2.564707 2.309838 2.226165 2.28344 2.283334 2.006815 2.196809 2.450288 2.354326 2.049573 2.007321 2.048408 2.138584 2.17649 2.227229 2.159817 2.170036 2.030913 2.047563 2.056123 2.126938 2.267353 2.311972 2.403702 2.464745 2.485266 2.239513 2.118057 2.321789 2.351695 2.307247 2.194479 2.102771 1.91128 1.742862 1.706002 1.695367 1.762745 1.673288 1.650798 1.714837 1.708264 1.681373 1.641032 1.798831 1.900501 1.895567 1.848475
1.469905 1.760693 1.722496 1.733638 1.890798 1.893887 1.627282 1.502312 1.522767 1.883512 1.901942 1.841004 1.993047 2.291183 2.753973 2.611162 2.443165 2.386444 2.407211 2.368318 2.154249 2.041839 2.06304 1.911754 2.054413 2.045244 1.922439 1.899056 1.872885 1.713333 1.858614 1.916082 1.832344 1.844652 1.876428 1.950253 2.04952 2.089422 2.053378 2.220385 2.333035 2.227906 2.165645 2.045225 2.127903 2.198179 2.175471 2.087826 1.85599 1.732467 1.705819 1.670791 1.721965 1.704491 1.634276 1.685142 1.739761 1.739522 1.706418 1.728092 1.888564 1.989499 1.875654
1.4012 1.715368 1.762091 1.833357 1.969394 2.088814 1.868619 1.77329 1.547545 1.650715 1.698746 1.665865 1.958069 2.202293 2.241973 2.518519 2.377005 2.431377 2.339932 2.226895 1.925382 1.88742 1.816814 1.65581 1.760494 2.091357 2.258117 2.047689 1.867521 1.743076 1.75934 1.787394 1.772794 1.795582 1.912562 1.929963 1.880183 2.01153 2.031881 2.068703 1.993118 2.057583 2.068758 1.968227 1.848391 1.967642 2.002533 1.909899 1.805003 1.810041 1.791538 1.734479 1.702013 1.703894 1.663393 1.671872 1.651517 1.756438 1.739212 1.707043 1.855203 1.961789 1.906063
1.323416 1.543212 1.724198 1.826938 2.016176 1.998047 1.894188 1.66657 1.475103 1.443262 1.551975 1.670153 1.930188 1.985856 2.056224 2.170034 2.159044 2.231703 2.192254 2.05573 1.936446 1.912422 1.808571 1.628218 1.662768 1.940645 2.242483 2.220377 2.011308 1.796985 1.691798 1.71994 1.603405 1.683426 1.762946 1.85406 1.919027 1.946348 1.926145 1.918464 1.930605 2.032708 2.01643 1.894785 1.988384 1.8802 1.859838 1.825577 1.809108 1.758887 1.719423 1.743902 1.743358 1.729791 1.709449 1.6526 1.619849 1.634923 1.71148 1.733901 1.763581 1.828873 1.917371
1.279237 1.375746 1.600674 1.674086 1.692317 1.772466 1.746804 1.592604 1.369254 1.488247 1.463856 1.585905 1.783407 1.961772 2.037842 2.040118 2.102348 2.201012 2.279385 2.15476 1.923872 1.898142 1.878047 1.773964 1.706094 1.802835 2.035189 2.070878 2.079428 1.948844 1.78572 1.727547 1.704475 1.759298 1.814205 1.807557 1.907776 1.901563 1.865478 1.941642 1.895785 1.904185 1.881932 1.884482 1.8974 1.895932 1.799458 1.766703 1.707695 1.729596 1.691518 1.707878 1.754635 1.739619 1.663773 1.639339 1.57172 1.580075 1.697887 1.674759 1.672302 1.709974 1.826448
1.220035 1.272656 1.368788 1.399219 1.387686 1.431464 1.467517 1.396429 1.359758 1.424313 1.438986 1.548026 1.711884 1.904553 2.087173 2.333841 2.366016 2.275316 2.445618 2.4472 2.079532 1.966149 2.089212 2.024342 1.802198 1.780427 1.868124 1.935892 1.932283 1.930193 2.025993 1.996781 1.925455 1.939913 1.890697 1.733101 1.724706 1.740274 1.824642 1.849622 1.849178 1.856091 1.874225 1.914254 1.785121 1.826056 1.698806 1.615806 1.648437 1.693354 1.716781 1.695555 1.672408 1.692075 1.665088 1.659602 1.563019 1.610769 1.641249 1.793569 1.725941 1.741271 1.764989
1.145495 1.253814 1.232239 1.253146 1.204206 1.188845 1.276012 1.420822 1.396147 1.407631 1.444019 1.455355 1.533262 1.761638 2.175655 2.437577 2.334403 2.159978 2.215098 2.346497 2.165761 2.021414 2.104513 2.149101 1.992744 1.83052 1.7733 1.837798 1.817795 1.859348 2.008471 2.040599 2.088495 1.98787 1.857328 1.82115 1.790343 1.773454 1.757086 1.744747 1.776173 1.85804 1.846449 1.814875 1.829115 1.789698 1.759604 1.613693 1.638451 1.701458 1.687051 1.694127 1.628992 1.604113 1.597678 1.556498 1.619054 1.600929 1.657733 1.690646 1.837676 1.82862 1.822911
1.186735 1.158911 1.226984 1.149823 1.194197 1.227967 1.359818 1.388797 1.379178 1.346273 1.390731 1.355137 1.435288 1.589461 1.908182 2.174807 2.159972 2.048318 2.19743 2.356936 2.277848 2.197459 2.14703 2.008689 1.88581 1.723195 1.738429 1.798277 1.797188 1.755861 1.815295 1.961459 1.917547 1.927989 1.839975 1.795215 1.860411 1.93491 1.823987 1.745633 1.69525 1.703375 1.701864 1.749971 1.77989 1.761598 1.762134 1.709719 1.678909 1.70469 1.676176 1.652286 1.641706 1.589147 1.534235 1.528675 1.628708 1.671556 1.713297 1.729568 1.806645 1.954638 1.927125
1.177873 1.165097 1.162842 1.185304 1.159578 1.174447 1.269601 1.264632 1.242226 1.287177 1.313354 1.248181 1.426079 1.563275 1.759622 2.0148 2.121066 2.094496 2.475391 2.475109 2.170586 2.005223 2.235433 2.293715 1.981713 1.73577 2.036864 1.896882 1.849279 1.913835 1.704416 1.729534 1.793261 1.832014 1.708426 1.761881 1.774762 1.804734 1.854794 1.748748 1.588976 1.626732 1.72523 1.701714 1.713645 1.733525 1.843954 1.751292 1.746162 1.72326 1.721413 1.742736 1.675109 1.598185 1.537092 1.590489 1.687556 1.804085 1.730864 1.720996 1.656193 1.794898 1.953496
1.145829 1.131058 1.115233 1.103714 1.08245 1.067929 1.120495 1.114848 1.075369 1.109983 1.194621 1.27127 1.408854 1.713974 1.794137 1.81434 1.987722 2.156001 2.420693 2.363679 2.224869 1.961975 2.045985 2.276622 2.235486 1.981191 1.859233 1.958292 1.970034 1.839838 1.638156 1.563553 1.624588 1.614291 1.639938 1.663507 1.755094 1.825958 1.853211 1.741039 1.607357 1.656437 1.76452 1.708536 1.650201 1.730197 1.826963 1.810395 1.773211 1.75492 1.717803 1.765555 1.738186 1.649489 1.630847 1.674245 1.785357 1.844226 1.844102 1.824116 1.684233 1.72278 1.796199
1.123356 1.113142 1.073642 1.055172 1.040486 1.021999 1.012957 1.015403 1.006424 1.066531 1.247323 1.360832 1.414097 1.54924 1.691579 1.670604 1.860322 2.050372 2.137093 2.119131 2.037754 2.0206 2.009411 2.085415 2.17515 1.811455 1.760483 1.771435 1.802237 1.718621 1.642853 1.576807 1.655416 1.601298 1.653998 1.753631 1.767162 1.829875 1.813491 1.782216 1.748894 1.62801 1.716061 1.635105 1.573762 1.620159 1.796847 1.87598 1.781238 1.814157 1.769925 1.745706 1.752899 1.725288 1.741049 1.770139 1.819484 1.877153 1.886552 1.808329 1.724501 1.786956 1.834406
1.066948 1.050031 1.027081 0.9952401 0.9925427 0.9884297 1.005143 0.9661853 0.9314091 0.9546039 1.081528 1.234168 1.414373 1.429979 1.643951 1.689294 1.766959 1.779595 1.781085 1.795365 1.894709 2.071321 1.985944 1.938133 1.947843 1.792877 1.810028 1.841645 1.754128 1.59882 1.598973 1.644361 1.688788 1.780608 1.826757 1.792451 1.750366 1.860537 1.850193 1.943923 1.843093 1.730253 1.700677 1.593269 1.523248 1.601234 1.729765 1.789306 1.803913 1.823049 1.837179 1.74436 1.780294 1.825898 1.800134 1.813154 1.835416 1.904076 1.871563 1.798879 1.786505 1.853184 1.885995
1.010528 1.011904 0.9949251 0.9646332 0.9806806 0.9993828 0.9915655 0.9683162 0.9580512 0.9718795 1.013336 1.088478 1.156348 1.308101 1.519334 1.541293 1.716168 1.744894 1.571238 1.609049 1.715179 1.802703 1.749809 1.868776 1.899981 1.772963 1.85321 1.825297 1.711311 1.725553 1.74522 1.664864 1.688876 1.729528 1.864623 1.75504 1.658263 1.734217 2.20961 2.102528 1.818709 1.794632 1.772713 1.635525 1.5585 1.622937 1.817675 1.924513 1.829604 1.773667 1.779753 1.753337 1.791576 1.829534 1.839246 1.828305 1.867137 1.884778 1.848952 1.830986 1.87327 1.916934 1.944645
0.9835394 0.9838041 0.9744136 0.953136 0.9691787 0.9644456 0.9580173 0.9499617 0.9372674 0.9457493 0.9795167 1.013145 1.071582 1.150129 1.367984 1.513342 1.591386 1.719439 1.688064 1.593231 1.597643 1.653748 1.812821 1.820049 1.825576 1.826504 1.886535 1.783335 1.690778 1.713354 1.630525 1.71562 1.747415 1.737107 1.759253 1.594427 1.627917 1.743732 1.992394 2.106624 1.913299 1.877444 1.764144 1.818212 1.833405 1.844803 1.827936 1.872087 1.827891 1.796285 1.793081 1.798555 1.83048 1.882302 1.903023 1.845514 1.913632 1.897025 1.833895 1.872238 1.887579 1.953745 1.994999
0.9468142 0.9472893 0.9542389 0.938032 0.9296185 0.9160988 0.9129819 0.9183296 0.9449088 0.9324254 0.9218473 0.9425549 0.9676034 1.029226 1.190001 1.42199 1.632669 1.612881 1.663879 1.614186 1.49571 1.529273 1.750442 1.767381 1.759939 1.760102 1.804946 1.84382 1.846529 1.716173 1.724199 1.791863 1.822545 1.711148 1.702491 1.590051 1.538736 1.638032 1.778142 1.814522 1.924106 1.934193 1.888325 1.840742 1.756639 1.744915 1.751967 1.803378 1.800159 1.779491 1.818361 1.878909 1.895965 1.894306 1.913107 1.885578 1.933798 1.872481 1.857606 1.894474 1.977243 2.020114 2.115164
0.9497444 0.9520779 0.9548751 0.9511975 0.9184815 0.9405435 0.9381739 0.9389557 0.9409321 1.006244 0.999204 0.9831773 1.012214 1.047938 1.075435 1.240609 1.488047 1.58509 1.686697 1.672511 1.537084 1.450668 1.498893 1.561241 1.592968 1.534776 1.657806 1.784184 1.851872 1.749639 1.627906 1.762214 1.767649 1.770223 1.719734 1.625699 1.489544 1.555861 1.615325 1.683342 1.891529 1.981701 1.900063 1.960038 1.917532 1.79134 1.70566 1.75491 1.835338 1.809074 1.810576 1.879167 1.903954 1.910469 2.008352 2.103721 2.031771 2.051231 2.052508 2.060548 2.024537 2.134541 2.291279
0.9384431 0.9340073 0.9323733 0.927918 0.9382159 0.9383601 0.9262807 0.9331172 0.9470972 0.9933134 0.9979839 0.9694627 1.033095 1.05044 1.062419 1.168579 1.320318 1.553645 1.546537 1.624523 1.552015 1.464224 1.454322 1.377516 1.48479 1.514555 1.537778 1.525909 1.684987 1.736032 1.674163 1.634866 1.782121 1.794297 1.718663 1.676319 1.625485 1.662185 1.606979 1.602261 1.632532 1.729583 1.825113 1.871489 1.827081 1.740452 1.832399 1.82675 1.825704 1.849439 1.845902 1.868219 1.939006 2.0279 2.071319 2.150036 2.11571 2.082102 2.138072 2.068524 2.070506 2.158185 2.299611
0.943096 0.9390386 0.935994 0.9476237 0.9639763 0.9482666 0.9167554 0.8971375 0.9069088 0.9438549 0.9250432 0.9489926 0.992937 1.063963 1.054683 1.013279 1.174926 1.35514 1.407722 1.481741 1.37902 1.412713 1.397711 1.392408 1.417287 1.482112 1.504187 1.480963 1.451175 1.537599 1.585515 1.581029 1.5415 1.727976 1.75255 1.765085 1.743289 1.698517 1.668941 1.568421 1.579535 1.616356 1.687789 1.761943 1.725085 1.741458 1.810437 1.839286 1.854536 1.873996 1.839015 1.850167 1.904181 1.926462 2.038154 2.076843 2.140597 2.156903 2.122379 2.052194 2.013232 2.168136 2.263695
0.9537912 0.9537914 0.9544749 0.9562026 0.9569885 0.9430034 0.9035773 0.9068626 0.9181505 0.9200571 0.9134427 0.9593114 0.9851509 0.9825056 0.994655 1.032381 1.075545 1.1239 1.212643 1.264924 1.338121 1.373359 1.400305 1.4483 1.44284 1.571418 1.400599 1.27842 1.362589 1.400388 1.508666 1.513609 1.478327 1.559006 1.617578 1.62305 1.564617 1.634447 1.69233 1.624932 1.571469 1.580765 1.657357 1.705116 1.692173 1.733693 1.894604 2.015892 2.019093 1.960193 1.877202 1.907097 1.884059 1.857568 1.919163 2.044883 2.168094 2.17488 2.078317 2.057425 2.032799 2.220743 2.243344
0.9425206 0.9467966 0.95044 0.951993 0.9418474 0.9107751 0.9128237 0.9290601 0.9201461 0.9519441 0.9337094 0.9856457 1.009501 1.027724 1.03163 1.033208 1.005444 0.9983857 1.071773 1.295577 1.358241 1.363956 1.392147 1.366635 1.419263 1.508391 1.404265 1.353549 1.36874 1.400499 1.456646 1.47332 1.479224 1.53522 1.53248 1.460453 1.538365 1.63966 1.696176 1.61486 1.592705 1.624837 1.840455 1.88506 1.858412 1.867013 1.961686 2.032702 2.152358 2.020579 1.917712 1.890299 1.864507 1.826111 1.952314 1.994328 2.165965 2.183826 2.075938 2.140513 2.080291 2.104831 2.075686
