project/src/data/BOM_climate/rainfall_variability/varmar.txt
ncols         178
nrows         139
xllcorner     111.875
yllcorner     -44.625
cellsize      0.25
NODATA_value  -9999
[rows 56 to 83 of 139, columns 63 to 125 of 178]
1.896578 1.910935 2.079962 2.243265 2.38471 2.502071 2.635297 2.792166 2.972302 3.023454 2.975206 2.897318 2.902987 2.97591 3.145029 3.153769 3.115112 2.989757 2.949105 3.051034 3.075461 3.058089 2.87097 2.872 3.18174 3.155488 3.45587 3.591019 3.917089 3.918328 3.959856 4.01968 3.915176 3.452911 3.55903 3.253974 3.455743 3.320496 3.42181 3.469746 3.47473 3.521907 3.675526 3.682912 3.288391 3.362099 3.249236 3.260822 3.341742 3.303844 2.840669 3.017284 3.838605 3.927178 3.565229 3.304622 2.988344 2.941413 3.109982 3.091809 2.956325 2.711728 2.640215
1.84551 1.987076 1.980112 2.134385 2.366711 2.471889 2.60869 2.933183 3.154401 3.182165 3.203368 3.103961 3.159604 3.298392 3.319882 3.228496 3.300008 3.189061 3.174005 3.309086 3.246847 3.060229 3.029982 3.239421 3.286193 3.718844 3.982128 4.050077 4.038109 4.158689 4.106732 3.999752 3.778617 3.497878 3.406307 3.191078 3.345189 3.186708 3.217711 3.325516 3.555592 4.184564 4.040931 4.119271 4.394935 4.262374 3.778304 3.565481 3.418251 3.554132 3.382926 3.265882 3.593944 4.269715 4.044677 3.678702 3.416134 3.225404 3.071044 3.376247 3.154682 2.783895 2.842965
1.745508 2.052702 2.023285 2.151279 2.402843 2.483968 2.64264 2.793248 3.056208 3.225922 3.240956 3.237516 3.178416 3.256227 3.338655 3.304442 3.357384 3.445484 3.389087 3.39527 3.527349 3.52484 3.594483 3.646047 3.800724 3.900139 4.408595 4.696376 4.554534 4.112997 3.900505 3.462383 3.425851 3.690673 3.576685 3.374784 3.490947 3.526765 3.492254 3.481797 3.774908 4.340465 4.891362 5.074739 5.49359 4.85116 4.945431 4.827069 4.037007 3.861584 3.831155 3.815167 4.040153 3.746192 3.712457 3.768492 3.204912 3.119212 3.063755 2.971085 3.240289 2.733544 2.543355
1.869798 2.006144 2.134043 2.161885 2.49663 2.567225 2.710016 2.874768 3.064477 3.1772 3.253573 3.329202 3.33337 3.321303 3.306173 3.524226 3.385309 3.330015 3.389395 3.62918 4.012885 4.042292 4.022135 3.996852 4.330922 4.592812 4.673824 4.679889 4.601992 3.877662 3.986457 3.869081 3.687346 3.510225 3.678837 3.754501 3.759992 3.72833 3.818711 3.986888 4.116706 5.029352 5.64922 5.664594 5.486276 5.17953 5.016339 4.567748 4.568104 4.622836 4.131426 4.173199 3.637209 3.335632 3.661673 3.537917 3.494684 2.9273 2.994635 2.908899 3.065401 2.852647 2.572468
1.916086 1.965967 2.208833 2.230184 2.432663 2.608857 2.653743 2.779601 2.995531 3.097145 3.233672 3.171768 3.180596 3.404423 3.50084 3.480837 3.559932 3.482619 3.679196 4.066914 4.288513 4.229276 4.21257 4.386076 4.69644 4.913403 4.340349 4.101676 4.105381 3.887903 3.94539 3.99559 3.953291 3.866387 3.851525 3.81582 3.968623 4.023403 4.242656 4.355575 4.346354 4.697213 5.688292 6.155082 5.850637 5.1132 4.874461 5.048888 4.660208 4.634824 4.347189 3.93983 3.433875 3.670739 3.81798 4.186872 3.966783 3.315587 2.941414 2.864406 2.880473 2.838814 3.046437
1.943934 2.044055 2.107209 2.28818 2.4186 2.558658 2.630759 2.635077 2.887231 3.061626 3.065407 3.043843 3.215618 3.252151 3.414728 3.448566 3.509619 3.679577 3.641995 3.76812 4.002868 4.268271 4.409912 4.787212 5.022084 4.577812 4.185867 3.903069 3.811483 4.041824 3.826416 3.791747 3.925024 4.013053 3.858273 3.873295 3.920109 4.084314 4.152719 4.578129 4.435752 4.366355 4.829399 5.355874 5.16769 4.544743 4.181516 4.087892 4.179429 4.366134 4.136127 3.825853 3.572709 3.882587 3.874213 4.024326 3.884974 3.352161 3.000197 2.878884 2.831873 2.718032 2.669554
1.969939 1.975093 2.096449 2.241957 2.41798 2.604961 2.593262 2.545833 2.823236 3.015807 2.946169 3.006993 3.152048 3.137753 3.213467 3.318255 3.341879 3.373016 3.797214 3.783583 3.632352 3.857495 4.331803 4.678245 4.467024 3.736159 3.740884 4.372737 4.566077 4.24465 4.092322 3.937658 4.055869 3.917952 3.931424 3.729394 3.977996 4.274184 4.242567 4.618024 4.857827 4.834059 5.038867 4.830624 4.859344 4.722408 4.141116 4.258591 4.159995 4.088703 4.121244 3.759077 3.7508 3.769256 3.673255 4.062545 4.447928 3.725393 3.202841 2.923173 2.853463 2.805558 2.481416
2.019423 1.979544 2.043278 2.227541 2.420709 2.5302 2.596949 2.579244 2.804483 2.94415 2.784938 2.881486 2.9182 3.082554 3.212523 3.226192 3.217952 3.362727 3.582053 3.528301 3.64958 3.866194 3.999602 4.080932 3.877058 3.631417 3.827721 4.540393 4.37643 4.263606 4.197935 4.364345 4.203076 4.127744 4.031427 3.782225 3.872849 4.073548 4.263995 4.585467 4.625732 5.182401 5.509695 5.855211 5.432319 4.83231 4.767247 4.542523 4.334101 4.331847 4.622408 3.68057 3.437539 3.586359 3.775837 4.182178 4.286932 4.18827 3.495644 3.099295 3.067659 2.893617 2.565058
1.920951 1.997359 2.04573 2.196981 2.411638 2.66222 2.674119 2.627132 2.752274 2.836906 2.733796 2.657753 2.711377 2.912903 3.099762 3.230272 3.380179 3.595601 3.713738 3.812573 3.755206 3.787196 3.893274 4.038297 4.063892 3.827696 4.107854 3.996038 4.322138 4.194888 4.378925 4.275314 4.537868 4.361255 4.120893 3.968973 3.650581 3.607618 3.969332 4.228734 4.5297 4.640493 5.075411 4.904158 4.814097 4.716236 4.797096 4.402208 4.367535 4.792768 4.701648 4.284951 3.782035 3.869385 3.977032 4.183699 4.25389 4.090088 3.845591 3.393386 3.074622 2.899799 2.684833
1.843213 1.898873 2.021623 2.289647 2.410729 2.575009 2.775832 2.769746 2.714886 2.679775 2.715294 2.614795 2.802574 2.993931 3.22922 3.701142 3.491029 3.659387 3.8389 3.905586 3.834731 3.805208 3.805517 3.959838 3.652356 3.871705 3.8336 4.060723 4.683749 4.992803 4.65762 4.39063 4.404533 3.913218 4.066105 3.739338 3.65174 3.573468 4.015312 4.335173 4.222518 4.421857 4.408276 4.715855 4.588113 4.687938 4.647524 4.540875 4.945773 4.748871 4.598383 4.162288 4.46223 4.157931 3.912038 4.19385 4.242972 4.044565 3.859478 3.402314 3.469826 3.328346 2.968654
1.849238 1.785907 1.920934 2.083366 2.291556 2.464969 2.787625 2.721732 2.788844 2.836408 2.666901 2.813186 2.939734 3.144186 3.257009 3.652747 3.581179 3.553949 3.55819 3.578085 3.654789 3.83284 3.727388 3.850664 3.767751 3.68638 3.918548 4.119166 4.509316 4.691842 4.056141 3.969409 3.889482 3.695917 3.605446 3.491474 3.497254 3.511354 3.936656 4.352923 4.206329 4.722677 4.562258 4.202152 4.200856 4.108332 4.516693 4.846414 5.146801 4.658412 4.211516 4.187459 4.346077 4.331172 4.305188 4.143367 4.013197 3.963774 3.525896 3.40354 3.104309 3.29965 3.223559
1.859431 1.805276 1.842452 1.897031 2.085288 2.2563 2.429467 2.564886 2.640982 2.707484 2.716819 2.805801 3.033847 3.212314 3.528647 3.597571 3.534711 3.441977 3.387417 3.692219 4.007585 3.806944 3.817777 3.89814 3.741886 3.549324 4.0465 3.938816 3.870185 3.852993 3.572037 3.347764 3.480208 3.454211 3.485616 3.401899 3.403527 3.388603 3.657704 4.482026 4.842326 4.861585 4.535422 4.333974 4.358316 4.216172 4.222486 4.660859 4.94171 4.118148 3.828072 3.887902 4.137784 4.298557 4.705532 4.655195 4.998762 4.455838 3.554147 3.445004 3.177121 3.079811 3.333601
1.857094 1.927511 1.811192 1.904701 1.985265 2.093704 2.200887 2.422258 2.426971 2.462314 2.593895 2.748824 2.879043 2.947972 3.302282 3.501836 3.433817 3.526389 3.561333 3.664357 3.615838 3.674176 3.619246 3.615372 3.543069 3.723943 3.935738 3.966311 3.417519 3.323064 3.343297 3.324824 3.248974 3.249364 3.177557 3.320539 3.403174 3.780591 3.894409 4.358536 4.713459 4.926745 4.719079 4.349779 4.286723 4.44725 4.39493 4.930324 4.742816 4.120481 3.925853 3.69674 3.978706 4.481952 4.70126 4.884906 5.033454 5.105134 4.451358 3.519252 3.514214 3.430767 3.529774
1.873161 1.984686 1.961023 1.917207 1.879184 2.004783 2.178344 2.193812 2.317183 2.301914 2.25471 2.28631 2.5835 2.779261 2.867724 3.046012 3.219217 3.39164 3.398815 3.329483 3.441688 3.468491 3.434726 3.471061 3.389168 3.47221 3.400878 3.329795 3.543832 3.400722 3.365602 3.497567 3.227051 3.179717 3.234218 3.344127 3.86319 4.02742 4.001175 4.710955 4.59263 4.629175 5.003675 4.935376 4.718879 4.294197 4.788206 5.359225 5.765416 5.289454 4.124777 3.845269 3.896747 4.099118 4.076635 4.463419 4.831504 4.744014 4.410458 4.393181 3.867423 3.473183 3.221042
1.880813 1.939967 2.008024 1.997062 2.069242 2.229186 2.242186 2.22348 2.326731 2.249932 2.247073 2.289319 2.352252 2.42202 2.514403 2.670642 2.875146 2.995197 2.997425 2.986655 3.116441 3.138898 3.261094 3.249523 3.117587 3.248193 3.235675 3.285182 3.37528 3.087477 3.403064 3.680345 3.702531 3.788302 3.717432 3.514823 3.689127 4.003047 3.843921 4.475646 4.610977 4.390719 4.365098 4.577593 4.61385 4.445498 5.025642 5.595308 5.326859 6.332812 5.532557 4.444324 4.254395 3.842291 4.22017 4.013146 4.09754 4.223652 4.102349 4.004076 3.869158 3.774618 3.621832
1.907261 1.907104 1.953329 2.003979 2.127652 2.295367 2.26645 2.275024 2.218921 2.14747 2.119125 2.21538 2.237602 2.309519 2.339777 2.488393 2.587042 2.668151 2.722996 2.782688 2.91843 3.176101 3.260089 3.017207 2.98945 2.97526 2.962866 2.995595 2.945097 2.871762 3.156172 3.469344 3.549231 3.46627 3.644367 3.789695 4.042123 3.97709 3.973268 4.132173 4.176586 4.117223 4.118898 4.199225 4.597922 4.539603 5.379902 5.206799 5.234846 5.983341 5.29306 5.096416 5.023521 4.407695 4.153065 4.068982 3.930572 4.132034 4.748079 4.132926 3.774963 3.903449 3.554871
2.037922 2.042201 1.973294 1.94541 1.960142 1.96186 2.129901 2.202532 2.205903 2.207969 2.194423 2.193008 2.186773 2.220177 2.147737 2.258991 2.258809 2.386204 2.426212 2.503286 2.611164 2.738313 2.868183 3.025815 3.00154 2.791155 2.86286 2.730731 2.950253 2.954452 3.174241 3.541546 3.736284 3.772854 3.812989 4.352783 4.645698 4.44383 4.348921 3.860173 3.704933 3.228549 3.177575 3.259376 3.674527 4.471278 4.862351 4.797933 5.181189 5.249696 5.367475 4.98744 5.081458 4.560748 3.69926 3.349158 3.627051 3.7557 4.072225 3.698664 3.333667 3.430438 3.334904
1.924262 2.022732 2.078227 2.043508 2.045477 1.950413 2.039577 2.040297 2.104208 2.13782 2.216111 2.239188 2.239038 2.169594 2.119727 2.150983 2.101061 2.229268 2.247416 2.398127 2.40984 2.333096 2.373859 2.527589 2.782701 2.886872 2.835828 2.911335 2.941099 3.112661 3.642635 3.680429 3.935464 4.304429 4.472136 4.938096 4.925573 4.40555 4.201002 3.967181 3.597458 3.384017 3.229584 3.437778 3.773525 3.84333 4.330846 4.835767 5.028143 5.414774 4.87653 4.809099 4.496786 4.076373 3.71655 3.251174 3.212334 3.198361 3.24714 3.098997 2.934642 2.995395 3.207072
1.790371 1.917431 1.995936 2.033399 2.081371 2.047305 1.995744 2.165556 2.106768 2.113067 2.000899 2.015156 2.051701 2.002505 2.055704 2.098087 2.188252 2.175842 2.177769 2.165812 2.218277 2.267124 2.604136 2.78056 2.561437 2.755342 2.78592 2.831302 2.855356 3.116433 3.429324 3.849544 4.452403 4.56168 4.629681 4.906773 4.29286 4.323916 4.259576 4.021694 3.543872 3.518615 3.54577 3.619621 3.710145 3.646542 4.082211 4.227171 4.272939 4.594401 4.559871 3.926766 3.461906 3.233936 3.139331 2.895726 2.773645 2.859033 2.730147 2.559093 2.735795 2.845259 2.727108
1.866438 1.893155 2.0234 1.962295 1.964333 2.047531 2.032061 2.049717 2.096667 2.064105 2.041434 1.944904 1.883274 1.908806 1.969201 2.019678 2.150822 2.226693 2.274581 2.402826 2.55353 2.840931 3.011177 2.917841 2.744492 2.674108 2.751485 2.859475 3.128215 3.335305 3.245755 3.539545 3.887739 4.386819 4.402956 3.949255 3.73882 3.971123 3.947383 3.762506 3.777627 3.472979 3.374183 3.629972 3.642324 3.4775 3.881515 3.771738 3.401237 3.415639 3.516348 3.503282 3.605295 3.358893 3.204286 2.974463 2.869503 3.026402 2.856428 2.578045 2.572401 2.458961 2.484314
1.931761 1.982644 1.993666 2.036498 2.030609 2.079507 2.054813 1.99662 2.071345 2.024347 2.011158 1.902209 1.806158 1.740402 1.745777 1.811404 1.904499 2.068862 2.254682 2.473403 2.73651 3.009626 3.343771 3.445548 3.28492 2.882261 2.970046 3.068016 3.158059 3.379299 3.481488 3.707222 3.898305 4.318876 4.860028 4.066642 3.724145 3.859965 4.00035 3.835143 4.058954 3.615949 3.280655 3.367887 3.096973 3.390607 3.382046 3.19691 2.838645 2.994731 3.316002 3.688174 3.785963 3.377873 3.035416 3.074189 3.006608 3.015152 3.069958 2.710565 2.392834 2.541293 2.346951
2.054608 2.09378 2.088874 2.139112 2.099153 2.165569 2.128173 2.111088 2.082447 2.097358 1.9959 1.883562 1.838281 1.861605 1.848836 1.88914 2.004968 2.068988 2.228228 2.381615 2.736842 2.875359 3.136259 3.403228 3.195479 2.918586 2.959776 2.89572 3.256046 3.424549 3.637493 3.568123 3.717295 3.81861 3.992833 3.702635 3.771685 3.359759 3.791117 3.760267 3.471645 3.370578 3.078778 2.937653 3.073497 3.312033 3.071555 3.051702 2.849765 2.876537 3.091419 3.653024 3.785677 3.324668 3.390976 3.165543 3.018152 3.129712 2.985887 2.702278 2.525948 2.602921 2.594668
2.190629 2.285117 2.308663 2.255587 2.129195 2.216742 2.247454 2.234969 2.168479 2.111141 2.032318 1.882017 1.852527 1.978361 1.824351 1.784577 1.849305 1.923316 2.131881 2.224525 2.429946 2.513147 2.751838 2.961988 3.030059 2.804408 2.833437 2.951386 2.981525 3.285236 3.320755 3.357451 3.278243 3.533935 3.55404 3.367291 3.233047 2.792921 3.050103 3.3621 3.136201 2.94162 2.92271 2.709627 2.611777 2.498857 2.588861 2.726996 2.749261 2.711599 2.628304 3.210861 3.720819 3.400071 2.989221 2.986443 3.18103 2.969106 2.657808 2.601752 2.474345 2.727741 2.803449
2.330838 2.341628 2.389121 2.399542 2.273419 2.45722 2.340933 2.378824 2.295315 2.268554 2.129628 1.944003 1.841308 1.884035 1.736069 1.676903 1.752866 1.864959 1.974645 2.068377 2.147744 2.330252 2.469389 2.566788 2.797005 2.922227 2.676082 2.551049 2.457142 2.768338 3.069925 3.072095 3.322777 3.214909 3.242833 2.939179 2.655482 2.538244 2.537517 2.716916 2.54929 2.682595 2.704373 2.509102 2.259798 2.197224 2.086495 2.155545 2.192477 2.356503 2.445868 2.72606 2.707261 2.766271 2.476984 2.701976 3.311883 3.119362 2.71782 2.433308 2.769764 2.779065 2.703779
2.36669 2.371836 2.420919 2.402637 2.375506 2.548062 2.477633 2.419839 2.274786 2.183606 2.115591 2.126076 1.889801 1.81579 1.811139 1.668823 1.62749 1.802066 1.773299 1.855444 2.015351 2.084556 2.261055 2.59691 2.755628 2.764221 2.449857 2.34267 2.307556 2.389975 2.752902 2.752672 2.71585 2.702955 2.97373 2.824896 2.330134 2.445709 2.48316 2.441998 2.478735 2.501891 2.827486 2.332468 2.070987 1.999874 2.058071 2.019695 1.973752 2.074878 2.27828 2.745192 2.97603 2.588401 2.385776 2.722713 2.992419 2.66176 2.395157 2.590719 2.583889 2.753067 2.644311
2.397891 2.413982 2.425656 2.487808 2.429972 2.470476 2.495589 2.48783 2.286043 2.231206 2.140558 2.051038 2.062196 1.804948 1.922608 1.860763 1.713346 1.70302 1.743836 1.773559 1.783277 1.949124 2.150825 2.561638 2.592978 2.51052 2.361259 2.27546 2.167394 2.211479 2.319969 2.33653 2.411963 2.592272 2.621035 2.512697 2.338118 2.182409 2.240179 2.047155 2.065265 2.507447 2.950651 2.6087 2.223959 2.405465 2.799556 2.358213 2.105425 2.20411 2.286677 3.026083 3.269007 2.813246 2.518942 2.34824 2.610991 2.346694 2.127737 2.22202 2.412127 2.503005 2.410773
2.288425 2.396387 2.427306 2.531339 2.412677 2.307656 2.413915 2.402272 2.315848 2.259798 2.162506 2.090127 1.99686 1.975274 1.890776 1.811939 1.7088 1.535892 1.711257 1.744182 1.787818 1.848829 2.009333 2.239236 2.380642 2.477712 2.287998 2.408387 2.246392 2.128225 2.131347 2.134765 2.233871 2.37158 2.418293 2.283823 2.353771 2.257557 2.030389 1.871884 1.775877 1.978695 2.534075 2.441318 2.313578 2.508096 2.97375 2.734911 2.29777 2.470438 2.6961 2.732732 3.150053 2.807467 2.535758 2.133703 2.03408 1.91196 2.279153 2.397266 2.460757 2.401107 2.306459
2.184572 2.242842 2.28433 2.358392 2.281077 2.310702 2.289331 2.258143 2.291131 2.184657 2.104376 2.04177 1.944739 1.904853 1.61334 1.501592 1.4502 1.4329 1.541617 1.619897 1.552242 1.714688 1.879396 1.851862 2.014853 2.1776 2.154721 2.172908 2.183593 2.100899 2.196225 2.215865 2.176839 2.260761 2.172482 2.247058 2.51107 2.458626 1.901258 1.820625 1.606035 1.728497 2.282577 2.509069 2.322308 2.350034 2.442086 2.421304 2.61364 3.047609 3.075842 2.732171 2.676999 2.598139 2.580886 2.148669 1.814062 1.910155 2.491846 2.540167 2.500691 2.499652 2.408982
