project/src/data/BOM_climate/rainfall_variability/varmar.txt
ncols         178
nrows         139
xllcorner     111.875
yllcorner     -44.625
cellsize      0.25
NODATA_value  -9999
[rows 0 to 27 of 139, columns 0 to 62 of 178]
-9999 -9999 -9999 -9999 -9999 846.5892 47.3545 13.58613 6.932303 6.023815 5.64329 5.490394 5.092216 5.094979 5.170674 5.289846 5.516819 5.716668 5.850061 6.063172 6.203731 6.367848 6.516296 6.643676 6.720873 6.778999 6.883339 7.004148 7.117981 7.211023 7.286945 7.335912 7.35235 7.342113 7.1756 6.531425 5.516098 4.626453 4.023506 3.522718 3.164138 2.889594 2.677679 2.382828 2.181534 2.032338 1.944024 1.867278 1.695159 1.54437 1.387574 1.290928 1.244258 1.206705 1.12689 1.033539 1.031265 1.015122 1.032958 1.027656 1.009084 1.0061 0.9989597
-9999 9.705321 12.29619 12.81306 8.809885 7.664305 5.484035 3.5712 3.099405 2.808858 2.865335 2.96202 3.075947 3.334047 3.505585 3.632678 3.745685 3.933488 4.108961 4.277764 4.471423 4.637333 4.737195 4.817481 4.887756 4.959827 5.034079 5.122123 5.207819 5.304693 5.385921 5.448297 5.476961 5.479963 5.342882 4.747113 3.987938 3.353708 3.186065 2.904159 2.677121 2.41311 2.237288 2.051437 1.97757 1.842392 1.709473 1.676545 1.5477 1.394542 1.320311 1.268988 1.225933 1.202446 1.112422 1.044076 1.038873 1.030223 1.04764 1.060626 1.039053 1.021007 0.9754812
-9999 6.072236 3.234849 3.350149 3.013798 2.804467 2.211039 1.915364 1.890098 1.91635 2.006825 2.076701 2.283694 2.45901 2.640757 2.732547 2.893777 3.012359 3.166479 3.326299 3.411731 3.437941 3.517728 3.593703 3.654803 3.701868 3.735539 3.776224 3.833833 3.887129 3.953772 4.010551 4.053173 4.069672 3.875681 3.465793 3.188215 2.869931 2.716833 2.483384 2.293807 2.067622 1.839477 1.701864 1.619972 1.615659 1.536212 1.476037 1.410417 1.363448 1.290767 1.261859 1.23005 1.196347 1.126586 1.081476 1.068549 1.061489 1.071773 1.065839 1.045211 1.014132 0.9716207
5.621974 3.37873 2.511749 2.329869 2.359511 2.124792 1.849981 1.736227 1.568672 1.618387 1.677484 1.639025 1.740946 1.874654 2.091233 2.287704 2.343515 2.464004 2.599102 2.697992 2.773167 2.813291 2.839744 2.869959 2.935615 2.997091 3.049404 3.093133 3.122963 3.122448 3.125845 3.129613 3.150224 3.169203 3.052643 2.802196 2.670161 2.430908 2.183392 1.932238 1.834852 1.689355 1.587765 1.560597 1.525805 1.53965 1.471329 1.436354 1.382092 1.317662 1.259426 1.23831 1.239222 1.195919 1.14943 1.112875 1.114189 1.111217 1.117018 1.067612 1.043429 1.013395 0.9408169
2.524676 2.42451 2.308201 2.361592 2.230253 1.903064 1.691533 1.614942 1.497305 1.594361 1.532406 1.583605 1.579952 1.66271 1.711007 1.782198 1.835511 1.901173 2.063409 2.238621 2.344325 2.446066 2.527155 2.61342 2.653447 2.68946 2.720809 2.746433 2.748904 2.73877 2.748807 2.763969 2.770189 2.752643 2.655949 2.312871 2.018756 1.830381 1.736191 1.652361 1.663629 1.561348 1.520977 1.518126 1.483932 1.468043 1.427057 1.349385 1.317502 1.255223 1.242151 1.267001 1.266032 1.219437 1.180344 1.168461 1.154628 1.151471 1.127151 1.078779 1.033966 0.980876 0.9346089
2.299117 2.314545 2.419748 2.332545 2.040919 1.880401 1.777426 1.705676 1.564461 1.488715 1.515761 1.463256 1.511848 1.524446 1.599177 1.699082 1.767275 1.818897 1.853867 1.930373 2.030231 2.053519 2.083801 2.087104 2.135033 2.20001 2.237601 2.27305 2.306545 2.344325 2.385529 2.433938 2.436997 2.24658 1.98256 1.857784 1.78062 1.667534 1.595882 1.559588 1.580679 1.558245 1.492082 1.419632 1.374107 1.376366 1.313332 1.295412 1.303925 1.275995 1.281751 1.29358 1.284042 1.25752 1.236658 1.23059 1.221364 1.178388 1.13798 1.075279 0.9982109 0.9657415 0.9532118
2.435415 2.405871 2.391611 2.305834 2.049753 1.971166 1.872762 1.734804 1.630453 1.541681 1.519614 1.503874 1.415044 1.395936 1.438386 1.502606 1.629821 1.701889 1.761907 1.816793 1.866927 1.954438 1.984094 2.030476 2.084227 2.132675 2.189816 2.213553 2.196876 2.182731 2.163753 2.123483 2.055092 1.98324 1.861905 1.721239 1.588796 1.549216 1.509681 1.440816 1.439058 1.415904 1.373556 1.332596 1.337752 1.335553 1.342202 1.32934 1.346111 1.320956 1.30783 1.303247 1.311473 1.305994 1.294632 1.284665 1.253394 1.19829 1.140661 1.090499 1.037216 1.012436 0.9676058
2.405767 2.381597 2.41696 2.215832 2.064152 2.015187 1.951747 1.852716 1.692203 1.54708 1.559752 1.55551 1.548325 1.503205 1.454499 1.423593 1.500812 1.584132 1.700729 1.71139 1.766624 1.813641 1.892751 1.920361 1.981458 2.028121 2.063995 2.098576 2.130221 2.14012 2.113131 1.993985 1.892249 1.759591 1.640374 1.594255 1.541643 1.502498 1.469229 1.410101 1.375389 1.39965 1.373645 1.348168 1.325058 1.337475 1.375155 1.342268 1.353293 1.3608 1.357599 1.351801 1.330464 1.277481 1.276443 1.235798 1.227011 1.206735 1.163874 1.132221 1.078881 1.020425 0.9801465
2.271569 2.320699 2.329055 2.125348 2.084733 2.039952 2.01485 1.945259 1.810349 1.616111 1.521313 1.546881 1.576664 1.564444 1.478937 1.462714 1.518512 1.550873 1.567675 1.647602 1.674252 1.773733 1.846601 1.920172 1.973803 1.974671 1.9853 1.995126 1.992023 1.919624 1.852302 1.832352 1.665868 1.621657 1.602251 1.588817 1.537564 1.469665 1.41709 1.394532 1.384802 1.380048 1.364965 1.314766 1.325414 1.346217 1.402581 1.424334 1.413673 1.415244 1.43133 1.424211 1.381037 1.341819 1.326402 1.307767 1.297391 1.241961 1.183927 1.157099 1.092441 1.018678 0.9975231
2.244311 2.24076 2.229865 2.115482 2.097399 2.048584 2.0398 1.999569 1.916046 1.740568 1.570905 1.528271 1.567566 1.553564 1.538882 1.452028 1.451432 1.517465 1.54746 1.563148 1.667945 1.750518 1.793604 1.804383 1.827741 1.889183 1.894068 1.930679 1.90556 1.820499 1.74769 1.695158 1.642924 1.613687 1.592304 1.583937 1.544534 1.478373 1.429483 1.424316 1.436635 1.402748 1.384123 1.389133 1.376523 1.381549 1.407915 1.460884 1.449358 1.439571 1.407528 1.393906 1.353994 1.357135 1.362399 1.341475 1.314903 1.266416 1.197124 1.153821 1.11883 1.051427 0.9955322
2.216022 2.225091 2.209896 2.147011 2.096236 2.076668 2.050301 2.044953 1.99075 1.854495 1.666636 1.562153 1.514892 1.554584 1.535204 1.49194 1.436212 1.466608 1.517732 1.499313 1.564362 1.673277 1.773393 1.835336 1.945251 1.910064 1.868848 1.899134 1.793772 1.782218 1.717965 1.62984 1.593381 1.590368 1.56612 1.555969 1.540093 1.504551 1.460975 1.437629 1.466356 1.450282 1.41288 1.418471 1.365974 1.404493 1.406712 1.422725 1.368419 1.383874 1.337045 1.319137 1.356968 1.366316 1.365494 1.378024 1.356062 1.315544 1.215214 1.151678 1.135277 1.083171 1.023481
2.190144 2.19862 2.204979 2.174209 2.107717 2.093898 2.051757 2.052293 2.050267 1.935544 1.785201 1.611857 1.560239 1.505792 1.551441 1.510394 1.484643 1.42645 1.447873 1.500556 1.508612 1.577424 1.667529 1.733522 1.763533 1.804184 1.868538 1.763188 1.701427 1.621332 1.553727 1.53288 1.549543 1.559503 1.566704 1.574114 1.57897 1.56715 1.556433 1.540315 1.549487 1.527944 1.491322 1.473464 1.43264 1.422521 1.360001 1.337127 1.333703 1.338162 1.305506 1.331847 1.366306 1.353342 1.389454 1.417328 1.446106 1.395936 1.353332 1.229125 1.152498 1.128129 1.063805
2.180844 2.181065 2.199999 2.19187 2.126987 2.091403 2.083092 2.054981 2.063037 2.000468 1.891167 1.694911 1.619798 1.563744 1.523113 1.544013 1.481813 1.478247 1.444846 1.462645 1.490416 1.513582 1.582492 1.597255 1.576339 1.594358 1.635271 1.618323 1.541873 1.519794 1.518918 1.514592 1.546515 1.571055 1.583795 1.596774 1.601909 1.60574 1.618473 1.590884 1.633225 1.64827 1.613775 1.569943 1.499933 1.464559 1.40673 1.368503 1.352113 1.346534 1.328806 1.333885 1.356325 1.396122 1.40151 1.412574 1.454882 1.453231 1.444705 1.396763 1.277722 1.198704 1.147198
2.194119 2.171445 2.200073 2.202841 2.154047 2.095973 2.095129 2.055752 2.060258 2.047477 1.956319 1.80691 1.681854 1.614836 1.554766 1.52134 1.530368 1.459099 1.459363 1.459496 1.471275 1.48021 1.477357 1.517241 1.510952 1.523781 1.533299 1.528606 1.50878 1.519252 1.520704 1.52057 1.530787 1.563143 1.585245 1.598386 1.609797 1.61667 1.607062 1.597365 1.614457 1.612453 1.602291 1.542963 1.496819 1.482894 1.427756 1.403185 1.36748 1.3752 1.301872 1.318217 1.344523 1.389329 1.386765 1.425799 1.426721 1.470151 1.494457 1.510818 1.416537 1.313339 1.228755
2.20898 2.176733 2.194876 2.211024 2.170579 2.114501 2.094061 2.083982 2.058393 2.061584 2.006767 1.88462 1.783572 1.685721 1.614574 1.544165 1.525612 1.512147 1.445642 1.444982 1.453669 1.431565 1.477553 1.495889 1.511919 1.427394 1.477101 1.517773 1.535201 1.524591 1.544078 1.538957 1.541763 1.551709 1.571371 1.586914 1.589967 1.609482 1.62006 1.590216 1.572863 1.564067 1.523991 1.498271 1.492284 1.434023 1.452701 1.412333 1.351593 1.34065 1.323705 1.296873 1.337089 1.396763 1.377336 1.441194 1.475539 1.526202 1.543605 1.563245 1.456225 1.435881 1.325373
2.223425 2.204422 2.188513 2.214068 2.180694 2.138554 2.101753 2.098733 2.062539 2.056494 2.029771 1.938031 1.867676 1.769588 1.681904 1.641167 1.553121 1.521183 1.491713 1.453291 1.429196 1.41003 1.465841 1.425805 1.386664 1.412805 1.458178 1.48522 1.529242 1.53761 1.526038 1.526805 1.539769 1.565127 1.575371 1.584548 1.586974 1.593287 1.592417 1.573695 1.591457 1.516253 1.465506 1.481678 1.479143 1.406407 1.425692 1.430166 1.404451 1.347223 1.339185 1.314648 1.335945 1.408454 1.38809 1.454681 1.472504 1.533208 1.541711 1.632893 1.534331 1.449538 1.4245
2.270584 2.228004 2.187366 2.210809 2.187422 2.149456 2.120343 2.092199 2.077288 2.038182 2.025929 1.97564 1.913017 1.856618 1.762331 1.68864 1.652581 1.589125 1.471473 1.427332 1.349591 1.398346 1.408658 1.389758 1.372308 1.395545 1.422408 1.464586 1.49477 1.541133 1.514928 1.540217 1.54265 1.583334 1.590274 1.58506 1.548434 1.544829 1.528583 1.533787 1.569987 1.547677 1.478817 1.480055 1.47245 1.433606 1.434016 1.44221 1.450364 1.397178 1.369573 1.4131 1.412484 1.379371 1.395613 1.454962 1.457794 1.564935 1.625613 1.554161 1.598036 1.543201 1.523009
2.293497 2.251836 2.205687 2.194896 2.191492 2.157346 2.126925 2.105592 2.087759 2.052754 2.022263 1.983268 1.946164 1.886294 1.83304 1.744574 1.660392 1.588324 1.457809 1.414112 1.399338 1.385371 1.42359 1.40859 1.356841 1.379348 1.407553 1.441215 1.468657 1.521363 1.517273 1.517486 1.560782 1.623415 1.632324 1.588419 1.540648 1.483747 1.51921 1.558153 1.574849 1.563043 1.526125 1.502443 1.497423 1.472315 1.478576 1.490817 1.507556 1.478811 1.505752 1.557177 1.534673 1.529001 1.445279 1.436906 1.533203 1.591177 1.610639 1.599278 1.628136 1.644237 1.543
2.29919 2.264103 2.229649 2.186731 2.192835 2.162971 2.121318 2.112998 2.082727 2.068003 2.012398 1.957562 1.930777 1.926424 1.81865 1.718273 1.650546 1.561646 1.501812 1.450429 1.421519 1.409259 1.398638 1.439106 1.40086 1.366498 1.394467 1.403924 1.460824 1.477002 1.503057 1.498424 1.600645 1.684793 1.660293 1.570391 1.512748 1.50864 1.516195 1.544957 1.565159 1.566038 1.534157 1.540562 1.53729 1.514163 1.528682 1.567691 1.60743 1.59911 1.676959 1.676368 1.603207 1.533024 1.569214 1.445914 1.504056 1.561729 1.619706 1.659052 1.651067 1.631507 1.568739
2.268635 2.271522 2.253049 2.207564 2.181731 2.165967 2.122417 2.108529 2.100468 2.046637 2.021537 1.916617 1.895543 1.796595 1.748161 1.677266 1.638375 1.60017 1.542644 1.456582 1.428958 1.425091 1.417833 1.413569 1.445156 1.378058 1.383626 1.38669 1.410672 1.470676 1.504059 1.535935 1.627499 1.678947 1.630094 1.556093 1.536986 1.524879 1.541802 1.529138 1.560569 1.575855 1.542573 1.518992 1.541664 1.591209 1.599909 1.664012 1.645615 1.727484 1.83272 1.788252 1.750587 1.631914 1.590385 1.548362 1.622731 1.632847 1.631667 1.618394 1.634385 1.597014 1.578375
2.243434 2.253287 2.240638 2.231678 2.185423 2.169957 2.124655 2.049831 2.121514 2.025001 2.002692 1.952432 1.910668 1.815369 1.726628 1.715462 1.66822 1.637056 1.592073 1.520199 1.450537 1.461903 1.464914 1.453424 1.454459 1.438096 1.41547 1.470787 1.485054 1.518316 1.513879 1.54014 1.596734 1.61694 1.543974 1.539236 1.551977 1.548846 1.537983 1.550188 1.532416 1.526808 1.513354 1.530989 1.532342 1.646574 1.59773 1.659068 1.725129 1.801606 1.944081 1.926322 1.779577 1.773475 1.65885 1.622544 1.631742 1.665484 1.639405 1.606816 1.632739 1.609117 1.665277
2.250056 2.232589 2.229923 2.238946 2.186583 2.098068 2.129347 2.093427 2.065299 2.006246 1.965488 1.952443 1.935528 1.867907 1.774492 1.728738 1.704096 1.659558 1.629239 1.620627 1.529503 1.460715 1.478444 1.453756 1.46308 1.485183 1.42946 1.430099 1.454515 1.522635 1.561897 1.517695 1.568719 1.585387 1.561089 1.534199 1.546603 1.562227 1.556464 1.55015 1.499593 1.474991 1.527392 1.632206 1.617395 1.721563 1.639706 1.619228 1.706339 1.825534 1.88688 1.917714 1.826453 1.792818 1.737633 1.586816 1.673861 1.652678 1.695897 1.655137 1.65774 1.599073 1.601692
2.273286 2.186242 2.141279 2.163704 2.081372 2.120181 2.152908 2.099409 2.007166 1.966908 1.947038 1.954467 1.947797 1.913056 1.826079 1.75157 1.744316 1.711735 1.693348 1.640695 1.591778 1.517213 1.477955 1.493569 1.461538 1.490421 1.483037 1.42812 1.442417 1.565265 1.627881 1.567953 1.549824 1.599046 1.580571 1.553398 1.538224 1.549734 1.561383 1.595743 1.601845 1.642213 1.753613 1.804375 1.761602 1.803142 1.654385 1.541308 1.63009 1.69145 1.74794 1.822957 1.830294 1.812253 1.760225 1.685553 1.670006 1.727731 1.670467 1.617731 1.66451 1.639869 1.594108
2.312191 2.15993 2.178434 2.182421 2.206485 2.163049 2.134873 2.082302 2.012112 1.984322 1.938505 1.958254 1.965855 1.947548 1.881486 1.792337 1.760527 1.762782 1.724586 1.689308 1.625432 1.606714 1.56242 1.516744 1.495455 1.496851 1.514712 1.485053 1.46242 1.53249 1.621496 1.629014 1.612105 1.580714 1.606341 1.585649 1.545139 1.534007 1.536743 1.63363 1.628113 1.880946 1.826637 1.801041 1.748254 1.70411 1.605664 1.510232 1.562577 1.677397 1.719281 1.702195 1.691152 1.61647 1.669125 1.764489 1.794311 1.759481 1.773394 1.687181 1.61632 1.604068 1.531797
2.261349 2.187581 2.187186 2.229776 2.184972 2.175885 2.110013 2.091816 2.023649 2.002331 1.962299 1.954832 1.981734 1.996225 1.937636 1.852248 1.783057 1.778797 1.759246 1.773826 1.712033 1.650807 1.644991 1.604374 1.541727 1.541208 1.568122 1.51821 1.504823 1.553656 1.563696 1.646581 1.643565 1.625371 1.596966 1.615198 1.579395 1.531748 1.534829 1.632507 1.712941 1.696778 1.795812 1.818091 1.635735 1.753012 1.557325 1.426389 1.412906 1.552821 1.588453 1.636222 1.570477 1.591876 1.684613 1.73455 1.72602 1.813408 1.855724 1.901542 1.833515 1.645823 1.595676
2.23406 2.165565 2.119165 2.135563 2.183169 2.183964 2.125482 2.093974 2.061617 2.010118 1.994221 1.9624 2.003912 2.016346 1.974686 1.902208 1.816193 1.805765 1.826624 1.827842 1.811243 1.718226 1.684288 1.670788 1.68827 1.643011 1.598795 1.603515 1.509779 1.515496 1.535221 1.542365 1.632566 1.648216 1.62553 1.613106 1.598414 1.548639 1.528673 1.645902 1.576255 1.585698 1.723587 1.809505 1.653414 1.719647 1.533724 1.459094 1.358404 1.51581 1.520471 1.51641 1.574854 1.675998 1.648195 1.681171 1.804314 1.849903 1.893429 1.944129 1.917705 1.834724 1.773795
2.189817 2.172368 2.110229 2.100234 2.15207 2.176613 2.153244 2.103215 2.093778 2.024308 2.007367 2.004975 2.008596 2.018612 1.969718 1.890504 1.874596 1.860701 1.835323 1.879081 1.938465 1.896979 1.859321 1.862532 1.837206 1.736805 1.675438 1.571675 1.564731 1.486074 1.478076 1.485232 1.51817 1.60991 1.6411 1.622552 1.602922 1.553705 1.565321 1.5614 1.501102 1.547077 1.551977 1.498072 1.632643 1.60647 1.492138 1.495861 1.443583 1.559501 1.614967 1.654513 1.585331 1.753309 1.645292 1.735927 1.870237 1.888734 1.868957 2.020687 1.984655 1.900032 1.879393
2.143961 2.158259 2.141501 2.088867 2.117872 2.173231 2.179948 2.129526 2.122219 2.094461 2.024346 2.036051 2.020809 2.007311 1.947365 1.926789 1.995457 2.049763 1.968142 1.966344 2.079932 2.112133 2.058804 1.981028 1.970613 1.89467 1.753136 1.660471 1.601134 1.555444 1.511188 1.475179 1.487709 1.512862 1.593396 1.631614 1.62397 1.617589 1.591906 1.562074 1.48233 1.569103 1.6157 1.52711 1.462832 1.489546 1.464773 1.450373 1.577552 1.703921 1.736005 1.583948 1.621017 1.794214 1.74579 1.744248 1.883021 1.924218 1.977348 2.127111 1.946903 1.832345 1.967663
