project/src/data/BOM_climate/rainfall_variability/varsep.txt
ncols         178
nrows         139
xllcorner     111.875
yllcorner     -44.625
cellsize      0.25
NODATA_value  -9999
[rows 84 to 111 of 139, columns 0 to 62 of 178]
0.7706469 0.7690849 0.7664825 0.7641214 0.7656322 0.7510164 0.7577484 0.7501878 0.8014257 0.796867 0.7971383 0.7663909 0.7824009 0.8197163 0.8016924 0.8877252 0.9089875 0.9219462 0.9146734 1.050654 1.119982 1.101927 1.119424 1.098573 1.136499 1.14814 1.136854 1.180668 1.188741 1.28848 1.187146 1.063672 1.073581 1.146159 1.200218 1.23705 1.337962 1.433227 1.580971 1.484497 1.472984 1.442882 1.536235 1.795101 1.718683 1.784926 1.832194 1.874655 1.782087 1.78984 1.673188 1.807892 1.864498 1.969952 1.910439 1.903522 1.862136 2.087177 2.088145 2.204393 2.159119 1.960463 1.909952
0.7443182 0.7412314 0.738271 0.7361939 0.7374867 0.7389899 0.7333648 0.7416137 0.7626828 0.7600343 0.7666841 0.7478784 0.7621331 0.7590004 0.72663 0.8364279 0.8827572 0.9533349 0.8930146 1.011522 1.062948 1.044821 1.066854 1.112905 1.131276 1.154029 1.251654 1.273331 1.247312 1.424986 1.339429 1.175402 1.142925 1.159021 1.155448 1.236812 1.160113 1.199562 1.350912 1.373741 1.361935 1.411445 1.389934 1.564121 1.597641 1.671934 1.775021 1.745047 1.654707 1.732497 1.549551 1.576632 1.742205 1.761658 1.723632 1.862708 1.800307 1.805889 2.01289 2.180893 2.003254 1.90021 1.815476
0.7339334 0.7327078 0.7331307 0.7333469 0.7299139 0.7384225 0.7238397 0.7278823 0.729918 0.7297294 0.7302658 0.7001451 0.7139018 0.7377739 0.7744404 0.7843009 0.8222893 0.9298892 0.9050642 0.962809 1.039942 1.112631 1.140405 1.138593 1.110148 1.151832 1.204537 1.143847 1.137705 1.144778 1.177023 1.064222 0.9799199 1.076941 1.104283 1.058433 1.10769 1.157969 1.381953 1.427789 1.484913 1.4871 1.381635 1.426251 1.421572 1.44421 1.569008 1.645553 1.623736 1.562247 1.478149 1.55207 1.649444 1.731084 1.717643 1.806922 1.874484 1.858648 1.906592 1.971927 2.063962 1.841892 1.717585
0.7350823 0.7341021 0.7313479 0.727743 0.724303 0.7173968 0.7144768 0.7230404 0.7173751 0.7236437 0.7040179 0.6812411 0.6841978 0.7092048 0.7810684 0.8138542 0.8329311 0.881663 0.9762861 0.940745 0.9922176 1.141131 1.112555 1.146324 1.108792 1.087138 1.066595 0.9376634 0.9959684 1.037963 1.002825 0.9088039 0.9033718 0.970881 0.9953247 0.9662068 0.9920401 1.2596 1.471539 1.549903 1.51978 1.447398 1.42749 1.347439 1.404592 1.49289 1.499264 1.532269 1.528664 1.47239 1.422451 1.424947 1.540097 1.712248 1.775037 1.811232 1.850424 1.793556 1.733384 1.743071 1.740199 1.67948 1.543961
0.7174499 0.7243963 0.7253145 0.7246651 0.7205724 0.7125791 0.7086672 0.7036897 0.7001265 0.7119845 0.6888745 0.6658517 0.6676402 0.6804932 0.7497739 0.7770467 0.8046781 0.8340162 0.8780848 0.8910041 0.9734423 1.041668 0.989755 1.01361 1.13263 1.120612 1.000906 0.9230997 1.023223 0.9450096 0.8270336 0.8815701 0.9276248 0.9465941 0.8993918 0.9175257 1.064152 1.167713 1.355006 1.389627 1.403955 1.387591 1.315552 1.299984 1.353372 1.377698 1.406253 1.498649 1.517482 1.53214 1.475852 1.424437 1.459317 1.642665 1.739761 1.690608 1.63512 1.653277 1.640163 1.64064 1.646811 1.606953 1.511668
0.7041957 0.7080141 0.713218 0.7108763 0.7065503 0.7012938 0.6979983 0.6848417 0.6872054 0.6984228 0.6818728 0.6576922 0.6484538 0.6573673 0.7433615 0.7635183 0.8139712 0.8257994 0.8282211 0.9342891 0.9724019 0.8810448 0.8731922 1.012644 1.08935 1.072737 1.097929 1.065128 1.044718 0.9796574 0.9413955 0.9555165 0.9760122 0.949984 0.8798079 0.9041113 0.9426748 1.120359 1.20313 1.237131 1.258639 1.221871 1.147498 1.174143 1.205937 1.213164 1.347881 1.488964 1.535118 1.44328 1.363441 1.397675 1.482594 1.48708 1.567512 1.41563 1.452652 1.488494 1.517688 1.553767 1.512515 1.583866 1.522934
0.6917421 0.6907935 0.6946694 0.6957499 0.6895898 0.6773994 0.656782 0.659127 0.6655596 0.6833677 0.6781691 0.6897157 0.6866909 0.6810037 0.7015837 0.7908869 0.8463725 0.851831 0.8323393 0.921079 0.8790478 0.9518415 0.9048473 0.9441966 1.060205 1.14456 1.142147 1.138376 1.035641 1.097404 1.032781 0.9729584 1.001851 1.012971 0.8743451 0.8559456 0.8918645 0.9496153 1.019481 1.09312 1.047022 1.067777 1.051967 1.072292 1.162698 1.221961 1.358022 1.533819 1.402968 1.342226 1.291439 1.26752 1.401563 1.454253 1.387802 1.350464 1.402565 1.412362 1.409201 1.470248 1.501278 1.433326 1.484315
0.6763726 0.6748234 0.674983 0.6786214 0.6695905 0.6451986 0.6116787 0.6169168 0.6271747 0.6529022 0.6512609 0.6431364 0.6785971 0.6966131 0.6757292 0.7964101 0.8147087 0.8235981 0.8300461 0.8426784 0.8291739 0.8752801 0.9209379 0.9067472 0.9753914 1.014265 0.9923567 0.9969861 0.9072509 1.027172 1.118917 1.00481 0.9475997 0.9335973 0.8901742 0.8594417 0.8510535 0.8620105 1.022414 1.066314 0.9593695 0.9156553 0.908206 0.9472245 1.020825 1.152265 1.268881 1.351088 1.35396 1.351282 1.276854 1.21196 1.199863 1.215878 1.214964 1.226319 1.298173 1.334579 1.321819 1.361761 1.391754 1.363927 1.360522
0.6653571 0.6642454 0.6605899 0.6634815 0.6439995 0.6104869 0.6002705 0.5994768 0.5998345 0.6056184 0.6050794 0.6046891 0.6560178 0.6970012 0.7195495 0.7978044 0.8191541 0.7723313 0.7702738 0.8031784 0.8375047 0.8152092 0.8258613 0.8718961 0.9347975 0.9957083 0.9483664 0.9683173 0.982399 0.939796 1.008474 0.9510273 0.9083747 0.8789894 0.8426293 0.8276942 0.83182 0.8653297 1.008639 1.101979 0.9659434 0.8312982 0.809205 0.8450987 0.9613964 1.032426 1.074378 1.193361 1.211499 1.185621 1.194411 1.117832 1.104608 1.119773 1.076948 1.057852 1.152614 1.190693 1.252194 1.290704 1.326287 1.271053 1.299901
0.6571292 0.6595231 0.6561642 0.6504994 0.6257095 0.5955933 0.5804476 0.5788515 0.5807857 0.596333 0.5887101 0.5915293 0.5901441 0.648629 0.6914297 0.7830282 0.8022038 0.7183298 0.7446161 0.8267303 0.83564 0.8437088 0.8098626 0.7936644 0.768881 0.9127508 0.8734269 0.8644403 0.9052066 0.8431765 0.888633 0.929306 0.9757312 0.8613423 0.790478 0.8456274 0.8434892 0.8611858 0.9787566 1.012611 0.8853474 0.7616146 0.7642718 0.8298848 0.8819833 0.9457412 1.013467 1.054265 1.087227 1.076976 1.048805 1.058908 1.0566 1.016113 1.008889 1.01636 1.064234 1.095971 1.148177 1.228683 1.272897 1.266255 1.280117
0.6379529 0.6410129 0.6416684 0.6324558 0.6079802 0.5806426 0.5691141 0.5675616 0.577774 0.5724372 0.5778455 0.5416327 0.5744321 0.6100326 0.6981081 0.7678349 0.7805388 0.7219868 0.7154956 0.7956774 0.8176921 0.8409998 0.8517664 0.8243034 0.8440638 0.9114972 0.9562469 0.8332016 0.7945175 0.8301659 0.8309968 0.8659864 1.072514 0.9659107 0.8847576 0.9231972 0.9179394 0.833415 0.9088431 0.9352781 0.8254056 0.7799851 0.7721741 0.8741487 0.8987883 0.8963118 0.9390246 0.9974613 1.021066 0.9996821 1.002169 0.9648838 0.9894546 0.9893436 0.9629951 0.9422566 1.010069 1.061813 1.082369 1.169967 1.217046 1.22112 1.229323
0.6187828 0.6207497 0.624147 0.6134168 0.5885622 0.5635835 0.5641834 0.5594893 0.5620276 0.5667 0.5618333 0.5460787 0.5739499 0.5845591 0.6457421 0.7350543 0.7668499 0.748359 0.7104594 0.763891 0.7848066 0.8449368 0.831983 0.8426016 0.8620618 0.903387 0.9195107 0.944084 0.9058588 0.8874639 0.840863 0.8416486 0.9779346 0.979631 0.9057347 0.8727559 0.8388545 0.8534073 0.8483773 0.8628506 0.8353919 0.769106 0.7697941 0.8663134 0.8334748 0.9064239 0.9285189 0.9379082 0.9149104 0.9673544 0.9562193 0.9573844 0.9737816 0.9549135 0.9411957 0.9323452 0.9641311 1.049542 1.082284 1.097795 1.180755 1.156878 1.184105
0.60572 0.606335 0.6066725 0.5971353 0.5838521 0.5676687 0.5665351 0.5624694 0.551228 0.5496259 0.5282663 0.5442771 0.5810415 0.5670185 0.5819985 0.6429983 0.6809766 0.7090996 0.7249127 0.7360091 0.7588884 0.8203755 0.8741657 0.8762627 0.8946177 0.9545869 1.038566 1.100561 1.017608 0.9131203 0.8917575 0.8308231 0.8057842 0.8525903 0.8325044 0.8646807 0.9095413 0.8932937 0.8215312 0.7731104 0.7703674 0.801452 0.8356345 0.87348 0.8798353 0.8940597 0.9129126 0.9057982 0.8941697 0.8849265 0.8932332 0.8908405 0.9383246 0.9257264 0.9560239 0.9677483 0.9315821 0.9936711 1.04509 1.07733 1.119363 1.14234 1.11117
0.6014486 0.6004679 0.5959228 0.584617 0.5745983 0.5744685 0.5732201 0.5667806 0.5677876 0.5522102 0.5572737 0.5580008 0.5432602 0.5363081 0.5657837 0.5834669 0.6555845 0.672473 0.7125211 0.666765 0.7118732 0.7602349 0.7880964 0.8147325 0.8119097 1.030457 1.081748 1.011134 0.9867151 0.9973363 0.961311 0.8640807 0.7735703 0.7708149 0.7281803 0.8932066 0.8995181 0.8953006 0.8236107 0.7892772 0.8405076 0.8780505 0.8912247 0.8738369 0.8744372 0.8948365 0.9049733 0.9033108 0.877484 0.8669311 0.8669612 0.8708317 0.9030418 0.9056569 0.9428318 0.966677 0.9512776 0.9519041 1.009279 1.04055 1.044083 1.100616 1.080197
0.5891491 0.5888139 0.5830311 0.5818394 0.5748653 0.5716723 0.5899294 0.5824716 0.5786949 0.5705601 0.5455893 0.5470399 0.5546983 0.5332921 0.5985024 0.5933622 0.6736099 0.6694698 0.6766365 0.6730759 0.6618256 0.7002258 0.7341337 0.7929614 0.7752098 0.8408764 0.9577782 0.9310775 0.9251546 0.9603193 0.9481258 0.8916073 0.8312826 0.7752239 0.6975114 0.7619441 0.7986262 0.792797 0.8162432 0.7783954 0.8019072 0.8247651 0.8385593 0.8291696 0.839474 0.8533631 0.8571776 0.9084746 0.9020909 0.8647644 0.8595441 0.859918 0.8680469 0.9002277 0.9211655 0.9521945 0.9489265 0.9547411 0.9687313 1.001049 1.010507 1.025516 1.067451
0.5855942 0.5855937 0.5827245 0.5834437 0.5767735 0.5899853 0.5834982 0.5839689 0.5842485 0.5755786 0.6346108 0.6322618 0.6103302 0.5745956 0.6007906 0.6073892 0.5939029 0.6195446 0.6333987 0.6724566 0.6483085 0.6396406 0.6639727 0.746479 0.7975875 0.7953234 0.8160098 0.8222415 0.8384737 0.8994298 0.8940844 0.9217166 0.883121 0.8225532 0.7344562 0.7110137 0.7626489 0.7239349 0.7299147 0.7309614 0.7192749 0.7344705 0.7595703 0.7874076 0.7934154 0.8315147 0.8335686 0.8853456 0.8766615 0.8712464 0.8469279 0.8401034 0.8585458 0.8768011 0.8941258 0.9109036 0.9499137 0.9486367 0.952844 0.9742531 0.9880531 0.9692493 1.02355
0.5832471 0.5837581 0.581995 0.5826691 0.5752575 0.5875383 0.5723852 0.5769247 0.5603966 0.5697376 0.653573 0.7002636 0.6867101 0.589535 0.6013293 0.6057184 0.6331245 0.6455749 0.6207254 0.6980772 0.639581 0.6434817 0.6173435 0.621737 0.6480011 0.7352744 0.7325005 0.7572459 0.767906 0.8255434 0.8679991 0.8884274 0.8849753 0.8176747 0.7592775 0.721897 0.753036 0.7279933 0.7160519 0.7205159 0.711544 0.729386 0.741869 0.7711844 0.7726796 0.8044043 0.8140863 0.8346019 0.8478984 0.8245733 0.8280897 0.8316855 0.8386704 0.8556973 0.8754702 0.8741366 0.9089653 0.9422032 0.9684908 0.9841762 0.9881778 0.9871062 0.968153
0.5827204 0.5832199 0.5825263 0.58087 0.577512 0.5784984 0.5787142 0.5686245 0.5507027 0.5578558 0.5928296 0.632579 0.6218025 0.5851769 0.5963506 0.5878562 0.6564884 0.7211621 0.7003709 0.6599718 0.6121137 0.6192944 0.6101435 0.6369284 0.6233565 0.6128205 0.6494814 0.6906954 0.7446689 0.7715273 0.803241 0.7994519 0.8222185 0.8211269 0.748992 0.7196395 0.7115217 0.6942244 0.6912832 0.6818758 0.6777921 0.6552131 0.6349473 0.680367 0.7057787 0.714886 0.7158623 0.7464375 0.7826963 0.8110645 0.8226507 0.8331826 0.8356216 0.8307582 0.8559242 0.8634672 0.8635218 0.9043543 0.9545919 0.9813699 0.9670396 0.9570919 0.9262049
0.5803781 0.5807808 0.5813404 0.5801976 0.5759073 0.5726631 0.5818465 0.5874346 0.5631118 0.5694981 0.5681324 0.5720024 0.5856713 0.6060482 0.6126437 0.6147051 0.6451437 0.6891494 0.7075219 0.6808217 0.6414692 0.6156157 0.6305481 0.6238973 0.6078072 0.5960582 0.6094841 0.6611379 0.6941264 0.7313649 0.7286405 0.737752 0.7653267 0.7849476 0.752283 0.7139289 0.6815192 0.7051555 0.6868085 0.6649107 0.6586516 0.662986 0.6717778 0.6808519 0.6899292 0.7031752 0.7244053 0.7572824 0.7973712 0.8183388 0.8262795 0.8357368 0.8333258 0.8316421 0.8263635 0.8432819 0.8579118 0.8725253 0.9051271 0.9641716 0.9606022 0.9018115 0.8918343
0.580259 0.5784677 0.5778179 0.5776281 0.5752023 0.5720072 0.5683265 0.5798696 0.5878441 0.5833037 0.5828363 0.5884409 0.6016585 0.6076458 0.6066546 0.6182599 0.6494648 0.6656306 0.6637143 0.6491418 0.6283392 0.6077803 0.6397151 0.6247844 0.6121925 0.6024581 0.6052652 0.6258946 0.6703676 0.6886991 0.7221636 0.7273359 0.7207559 0.7618068 0.7232755 0.7170077 0.7057916 0.684705 0.6800273 0.6690563 0.6661446 0.6716157 0.6675354 0.6738628 0.6830681 0.7042511 0.7320582 0.7674763 0.8011922 0.8220833 0.8352693 0.8419356 0.8389589 0.8389871 0.8335275 0.8294217 0.848644 0.8426909 0.8833051 0.9230919 0.9483091 0.9330891 0.894035
0.5835583 0.5804769 0.578431 0.5756996 0.574167 0.5725303 0.5685002 0.5674021 0.5711955 0.5881432 0.5940334 0.5982202 0.5791476 0.5990531 0.6122361 0.6229713 0.6397787 0.6341978 0.616353 0.6024508 0.6007924 0.6131469 0.6114832 0.6031486 0.5877047 0.5916772 0.6115953 0.6215646 0.6516777 0.6783113 0.6904077 0.6974903 0.7269037 0.7309532 0.7298073 0.7060831 0.6989714 0.6966426 0.6829376 0.6820426 0.6761739 0.669457 0.6628006 0.6716737 0.6856394 0.704769 0.7255894 0.7592944 0.792681 0.8228169 0.8275679 0.8345695 0.8478326 0.8549271 0.8486356 0.7997962 0.8241454 0.8307759 0.8683954 0.8815 0.897446 0.8931499 0.900649
0.5871892 0.5834171 0.579614 0.5764711 0.5744199 0.5712462 0.5706021 0.5706911 0.5711364 0.5658278 0.5682182 0.5749453 0.5901887 0.6058552 0.6028707 0.6045655 0.6362969 0.6312518 0.6104372 0.6128736 0.6113929 0.615067 0.6190511 0.6060319 0.5891247 0.5978616 0.5946959 0.6022409 0.6188256 0.6637723 0.683538 0.6851072 0.7166163 0.7189519 0.7138391 0.6944643 0.6969916 0.7000856 0.6972024 0.6913859 0.6763201 0.6680971 0.6653922 0.6719522 0.6841353 0.6976821 0.7245861 0.7607808 0.793358 0.8187089 0.8240415 0.834539 0.8468085 0.855551 0.8107088 0.7990251 0.806085 0.8335882 0.8425837 0.8710884 0.8769321 0.869679 0.8712708
0.5916211 0.5871881 0.5838842 0.5806668 0.5754073 0.5720555 0.5709734 0.5689223 0.5687608 0.5705264 0.5716164 0.5647893 0.5605527 0.5659586 0.5743669 0.5801274 0.5936853 0.5991527 0.6051244 0.6154655 0.6204708 0.6187409 0.6185542 0.617698 0.6073914 0.5950797 0.5959989 0.6048107 0.6439406 0.6847126 0.6836233 0.6975005 0.7044953 0.7044175 0.6992875 0.6935266 0.6995389 0.7022879 0.6992467 0.6878867 0.6739408 0.6668787 0.666757 0.6729044 0.6828301 0.6899199 0.7182226 0.7468596 0.7943507 0.8124241 0.8179073 0.8295344 0.8390544 0.8010789 0.7862139 0.7878623 0.824336 0.8431603 0.8444647 0.8610018 0.8586598 0.8546049 0.8425309
0.5999519 0.5951558 0.5888023 0.5844479 0.5817568 0.5769581 0.5737097 0.5706218 0.570036 0.5704914 0.5715196 0.575326 0.5729067 0.569745 0.5692777 0.5759218 0.5868207 0.5975709 0.6039121 0.6105378 0.6156363 0.6168495 0.6117121 0.6169709 0.6078858 0.6047695 0.6139607 0.6492339 0.6820932 0.6927661 0.6924918 0.6898224 0.6990305 0.6987004 0.6989419 0.7009792 0.7032098 0.7058051 0.7049209 0.6841831 0.6721077 0.6634678 0.6642823 0.6755649 0.6859267 0.6873318 0.7104053 0.7353525 0.7758791 0.8049375 0.8071536 0.8135093 0.7939306 0.7686353 0.7727861 0.8043298 0.8366355 0.8363317 0.8417982 0.8477296 0.8503618 0.8366516 0.825736
0.6036301 0.6023681 0.5981922 0.5946294 0.5898913 0.5837402 0.5789644 0.5748408 0.5709966 0.5698639 0.5710223 0.5763327 0.5792425 0.576874 0.5806415 0.586818 0.5877133 0.5942214 0.6005571 0.6117734 0.6205084 0.6248502 0.6343632 0.6324106 0.6386229 0.6477987 0.6621474 0.6785122 0.6930391 0.6975574 0.6948553 0.6890537 0.6911928 0.6929218 0.702593 0.7032412 0.7032209 0.7010931 0.7007284 0.6838875 0.6695139 0.6597879 0.6658919 0.6781529 0.688171 0.687386 0.703473 0.729933 0.7607103 0.7795017 0.7736604 0.7584217 0.7499694 0.7630875 0.787949 0.8153059 0.8402633 0.8482853 0.8359722 0.8280935 0.8237889 0.8106704 0.8222057
0.6012076 0.6093318 0.6100749 0.5989078 0.5960868 0.5895522 0.5844803 0.5794563 0.574451 0.5697306 0.567792 0.5730976 0.5763595 0.5808765 0.5871518 0.5916144 0.5932636 0.5974888 0.6033596 0.6138382 0.6321398 0.6383404 0.6444042 0.6455986 0.6551961 0.6670147 0.6733894 0.6855367 0.6925231 0.6947296 0.6897748 0.687755 0.6858571 0.693362 0.6972428 0.7027633 0.6991267 0.6962808 0.6969518 0.6904959 0.666198 0.6587424 0.6674047 0.6797782 0.694939 0.6937265 0.6956702 0.7152115 0.7093774 0.6947851 0.6996202 0.7203654 0.7442703 0.7618454 0.7792919 0.8046902 0.8129604 0.8260137 0.824245 0.8168687 0.794072 0.7996021 0.8228363
0.6039996 0.6089255 0.6185188 0.6187113 0.6134004 0.594558 0.5880839 0.5830308 0.5777177 0.5737999 0.5713128 0.5739135 0.5804563 0.5845841 0.5920236 0.5969096 0.5971601 0.5957616 0.6029856 0.6148629 0.6289662 0.6383904 0.6403889 0.6423929 0.6530135 0.6656712 0.6662468 0.675747 0.6850926 0.688545 0.6811649 0.6795464 0.6805964 0.6904762 0.6989523 0.6983159 0.7014464 0.6986377 0.6966863 0.6953572 0.6716569 0.6635371 0.6681086 0.6823338 0.6916831 0.6841859 0.6782448 0.6589474 0.6582791 0.6570762 0.6656404 0.6867979 0.7119462 0.7367348 0.7628356 0.7710447 0.7820679 0.7899959 0.8055816 0.8096893 0.7836267 0.7946368 0.8196078
0.6009656 0.6102847 0.6163983 0.6250936 0.62784 0.626655 0.6072609 0.5945935 0.5860525 0.581117 0.5804347 0.5798263 0.5825654 0.5891116 0.5986616 0.6010198 0.5991734 0.6012865 0.6048123 0.6151558 0.6247476 0.6312166 0.6356484 0.6394218 0.6514997 0.6606132 0.6613007 0.6593 0.6680966 0.6740098 0.6726625 0.671978 0.6751723 0.6753704 0.7018707 0.6969417 0.6969039 0.6988321 0.6977016 0.6982698 0.6743927 0.6610657 0.6596369 0.6774102 0.6783824 0.6703239 0.6505637 0.6468781 0.6451567 0.6484336 0.6628152 0.680477 0.706413 0.7335409 0.7512903 0.7615173 0.7666802 0.7750386 0.7885898 0.8021672 0.7849445 0.7934329 0.8123304
