project/src/data/BOM_climate/rainfall_variability/varsep.txt
ncols         178
nrows         139
xllcorner     111.875
yllcorner     -44.625
cellsize      0.25
NODATA_value  -9999
[rows 84 to 111 of 139, columns 63 to 125 of 178]
1.786344 1.645688 1.525372 1.527521 1.557824 1.615335 1.676982 1.787263 1.898486 1.777623 1.773806 1.781701 1.794426 1.704056 1.43481 1.323609 1.34335 1.380208 1.40239 1.482721 1.564667 1.5244 1.498857 1.475272 1.456796 1.510953 1.554326 1.629309 1.782369 1.637249 1.624047 1.731705 1.729717 1.750562 1.819708 1.792938 2.013142 2.040691 1.650519 1.562719 1.483566 1.45301 1.672681 1.721424 1.713794 1.570545 1.592278 1.575609 1.717519 1.901569 1.857191 1.814502 2.023372 1.849956 1.560995 1.507919 1.514692 1.753387 1.916802 1.767616 1.813472 1.836064 1.800915
1.566737 1.513646 1.469594 1.518439 1.587383 1.643833 1.656586 1.746025 1.78458 1.745062 1.634777 1.669087 1.649883 1.687474 1.597039 1.480472 1.41792 1.442723 1.348387 1.307951 1.360414 1.31666 1.26827 1.265059 1.301154 1.306285 1.419156 1.520078 1.542499 1.55687 1.559777 1.542893 1.729186 1.705021 1.654235 1.700391 1.878158 1.865121 1.743863 1.57163 1.568567 1.437934 1.656516 1.836759 1.725593 1.572423 1.478534 1.550079 1.801639 1.913651 1.778641 1.836786 2.319156 2.06886 1.548185 1.667949 1.702159 1.884907 1.930647 1.63621 1.670861 1.743034 1.665538
1.5646 1.485444 1.424709 1.410772 1.561282 1.479709 1.512452 1.635846 1.731398 1.691369 1.62632 1.598333 1.618751 1.619273 1.546825 1.485492 1.478822 1.417889 1.4493 1.424161 1.345874 1.32875 1.312332 1.30848 1.270949 1.276439 1.314598 1.367202 1.44002 1.443257 1.521174 1.59612 1.607763 1.591787 1.585452 1.650986 1.71812 1.765836 2.062474 1.979213 1.730788 1.550394 1.6998 1.888486 1.814687 1.54129 1.595343 1.912936 1.940072 1.76527 1.734628 1.701887 1.926934 1.892161 1.642805 1.791595 1.802162 1.851728 1.886606 1.712341 1.691539 1.850647 1.852522
1.562007 1.481054 1.427306 1.391881 1.454657 1.381315 1.358725 1.493135 1.593245 1.624069 1.531959 1.560883 1.575784 1.548616 1.512229 1.51353 1.452202 1.453637 1.537877 1.576048 1.535109 1.375377 1.375951 1.361797 1.360653 1.308089 1.306342 1.312806 1.460839 1.510634 1.528176 1.575404 1.5495 1.56403 1.602411 1.598537 1.560992 1.59352 2.042575 1.786968 1.576447 1.556215 1.685115 1.893728 1.867432 1.611306 1.79802 1.988192 1.857414 1.727176 1.676626 1.753921 1.654348 1.925486 1.934428 2.005473 1.926817 2.14439 1.759596 1.712845 1.703628 1.774262 1.907731
1.594168 1.544207 1.364815 1.378152 1.437299 1.421095 1.348296 1.426021 1.538107 1.514597 1.560683 1.525614 1.51749 1.555885 1.461555 1.475932 1.471535 1.473553 1.501923 1.532761 1.503046 1.391866 1.371462 1.342732 1.29311 1.253051 1.228886 1.21852 1.300262 1.457892 1.448711 1.437729 1.472632 1.566321 1.652404 1.638735 1.522202 1.578686 1.691174 1.582715 1.538525 1.560742 1.639693 1.80129 1.708508 1.629632 1.7407 1.818968 1.668638 1.724558 1.775043 1.816959 1.782324 1.923412 2.000049 2.192459 2.129694 2.105254 2.048375 1.928276 1.796674 1.779285 1.806949
1.559736 1.510855 1.322612 1.390331 1.404379 1.435251 1.391721 1.424626 1.434257 1.479059 1.541531 1.492755 1.499081 1.430152 1.439209 1.458935 1.41994 1.384578 1.368765 1.351165 1.336037 1.292838 1.283913 1.31041 1.267224 1.271943 1.241904 1.252495 1.245845 1.286837 1.351894 1.369989 1.406282 1.414379 1.470469 1.561785 1.50891 1.46398 1.478436 1.372483 1.490418 1.447703 1.510734 1.602478 1.566289 1.447325 1.462527 1.892017 2.024724 1.874747 1.739385 1.645552 1.6721 1.839448 1.850873 1.8557 1.820426 1.956121 1.983022 1.962577 1.677581 1.623282 1.726661
1.452402 1.45474 1.365987 1.395024 1.351786 1.40773 1.391507 1.382665 1.37179 1.479747 1.497843 1.475733 1.467546 1.427028 1.450955 1.414533 1.342529 1.362848 1.32099 1.302831 1.260486 1.236798 1.215066 1.203323 1.174696 1.188522 1.265633 1.17752 1.201561 1.244707 1.283875 1.258453 1.299657 1.291681 1.339599 1.406605 1.469596 1.440973 1.34253 1.366097 1.379329 1.358409 1.375401 1.368065 1.466382 1.475027 1.592234 1.954637 1.982492 1.937819 1.552765 1.374083 1.597906 1.758739 1.834018 1.603207 1.523502 1.722888 2.099164 2.002928 1.630001 1.446356 1.517435
1.422163 1.42059 1.412273 1.369805 1.361825 1.392098 1.38063 1.338948 1.320861 1.316323 1.318793 1.332938 1.364319 1.387578 1.376051 1.355911 1.337722 1.334821 1.30344 1.255171 1.219939 1.184212 1.118867 1.100179 1.059273 1.062159 1.128006 1.087398 1.111848 1.178007 1.247489 1.228507 1.140818 1.201126 1.255412 1.358205 1.434597 1.435386 1.454729 1.308039 1.262162 1.341056 1.255637 1.241369 1.370088 1.470049 1.564061 1.666421 1.759 1.704199 1.587235 1.400367 1.503871 1.597834 1.662286 1.589417 1.627579 1.70864 1.953182 1.779284 1.542458 1.326518 1.388427
1.375981 1.449257 1.414049 1.396885 1.301147 1.296577 1.276332 1.267342 1.270312 1.289716 1.317669 1.323982 1.324254 1.325581 1.334606 1.284358 1.288791 1.286215 1.260292 1.216129 1.169049 1.10877 1.065333 1.013394 1.010495 0.999377 1.010534 1.085899 1.144467 1.136035 1.167518 1.209547 1.125406 1.145323 1.233631 1.271933 1.213924 1.207761 1.353104 1.293623 1.151312 1.192621 1.203682 1.193222 1.347988 1.522723 1.430006 1.39445 1.512248 1.62223 1.790531 1.626565 1.389223 1.585745 1.564286 1.617943 1.645323 1.752235 1.781886 1.612289 1.423361 1.36677 1.576935
1.319897 1.313434 1.315771 1.28518 1.244986 1.233493 1.222343 1.220026 1.266104 1.296767 1.297941 1.300676 1.292913 1.260626 1.222601 1.236391 1.229408 1.21505 1.187018 1.159975 1.12218 1.069722 1.02937 0.9890109 0.9790649 0.9767843 0.9724156 0.9977115 0.9987232 1.016785 1.089327 1.157174 1.126017 1.0217 1.071687 1.081299 1.088557 1.0942 1.143996 1.131325 1.125081 1.185675 1.174333 1.140272 1.167794 1.436406 1.491253 1.411932 1.529692 1.694708 1.773649 1.608665 1.454079 1.526705 1.570794 1.449777 1.635773 1.721281 1.636909 1.743003 1.544456 1.544124 1.760458
1.277526 1.281882 1.236866 1.258549 1.212267 1.197987 1.210785 1.226175 1.267607 1.279351 1.271304 1.278713 1.227486 1.197472 1.17395 1.156858 1.149533 1.133235 1.110207 1.082178 1.056121 1.011242 0.9776533 0.962546 0.946215 0.9405071 0.9375409 0.9410115 0.9703632 1.044768 1.063137 1.101031 1.099042 1.065076 1.026163 1.0186 1.004977 1.014106 1.004149 0.956759 1.073981 1.130728 1.162359 1.093714 1.06731 1.172889 1.245918 1.583365 1.752113 1.517107 1.545032 1.41463 1.445291 1.421017 1.346987 1.320961 1.419096 1.310648 1.435118 1.55358 1.720957 1.583663 1.394881
1.206199 1.231105 1.21467 1.219856 1.203135 1.17773 1.190207 1.219483 1.268317 1.257465 1.265122 1.215914 1.192138 1.171458 1.137407 1.111863 1.078455 1.069047 1.040522 1.002585 0.9824302 0.9642818 0.9587837 0.9450554 0.9325449 0.9345301 0.9564181 0.96199 0.9611648 1.043778 1.07107 1.024637 1.021675 0.9917398 1.009947 1.033647 0.9504023 0.9181364 0.967301 0.9371951 1.01829 1.106965 0.9922817 0.9751844 0.9990427 1.068099 1.291208 1.561409 1.658958 1.476841 1.353 1.323956 1.309427 1.363206 1.250479 1.223478 1.219587 1.296311 1.395166 1.443576 1.412105 1.30573 1.315912
1.130481 1.174308 1.184188 1.198436 1.187945 1.162699 1.181085 1.223126 1.253191 1.243629 1.226338 1.196038 1.175641 1.140907 1.109842 1.07065 1.051167 1.027977 1.006045 0.9765705 0.9428903 0.9275103 0.9353474 0.9371715 0.9456307 0.9437213 0.9634269 0.9549666 0.9512208 0.9208586 0.9831226 0.9386053 0.9688417 0.9156067 0.9623182 0.9927189 0.9555331 0.8966299 0.8924802 0.8986695 0.9648287 0.9717035 0.9643694 0.9475341 0.9214603 0.99128 1.297454 1.599979 1.762064 1.648251 1.4987 1.39426 1.425095 1.4891 1.464792 1.416457 1.294567 1.401727 1.43098 1.26028 1.149896 1.195429 1.269458
1.090831 1.136785 1.141854 1.153131 1.152725 1.1281 1.164996 1.223472 1.234673 1.220661 1.201858 1.184463 1.152236 1.114526 1.074482 1.042252 1.016532 0.9889989 0.966208 0.9535335 0.9464094 0.9263212 0.918606 0.939823 0.9553004 0.9585244 0.9480618 0.9621599 0.9573553 0.933084 0.9775853 1.029408 0.9669465 0.9950842 0.9148757 0.9678188 0.956714 0.8980654 0.8476245 0.9061224 0.9102929 0.955532 0.8928312 0.8611616 0.8595238 0.9071062 1.071811 1.400721 1.627018 1.609538 1.535523 1.616187 1.658592 1.54111 1.551932 1.499591 1.306805 1.433944 1.487747 1.338585 1.220658 1.240821 1.253538
1.067975 1.077364 1.107161 1.113483 1.12877 1.111371 1.149478 1.20498 1.210305 1.206653 1.188776 1.154684 1.129601 1.086752 1.043212 1.011012 0.9834193 0.9593115 0.9561323 0.9542465 0.9502571 0.9353831 0.9153807 0.9383146 0.9599502 0.9362254 0.9234781 0.9210514 0.9302758 0.9252172 0.9369134 0.9737412 0.9944189 0.9990034 0.9393295 0.927945 0.9179413 0.8773943 0.8455079 0.8583415 0.8144106 0.8321632 0.8563901 0.8598689 0.8397268 0.8234712 0.9547917 1.258155 1.412034 1.398788 1.385077 1.456377 1.451618 1.316928 1.317378 1.279209 1.273371 1.347534 1.368544 1.382354 1.48545 1.424943 1.378597
1.015028 1.049598 1.069058 1.093903 1.107362 1.102529 1.160836 1.18675 1.189401 1.192118 1.161579 1.127893 1.097078 1.042755 1.0112 0.9845394 0.9593734 0.956446 0.9578843 0.9564999 0.9500008 0.9341176 0.9165056 0.9165071 0.9135315 0.9308065 0.9325791 0.9157587 0.9285612 0.9282413 0.9436296 0.9186968 0.9235742 0.9597092 0.9159573 0.8977017 0.9338384 0.9343361 0.914601 0.9311158 0.9316898 0.850176 0.8784549 0.9044437 0.8616061 0.821761 0.9132035 1.074027 1.155997 1.249802 1.285684 1.356857 1.396292 1.223258 1.099757 1.094148 1.078486 1.137207 1.226021 1.308968 1.454538 1.390624 1.364416
0.9817329 0.9957141 1.008302 1.033764 1.060032 1.098076 1.117413 1.167995 1.194965 1.162481 1.138052 1.08895 1.045024 1.005102 0.9846564 0.9590839 0.9529049 0.9543353 0.958948 0.9552866 0.9489246 0.9336318 0.9208803 0.9312667 0.9229161 0.9295322 0.9310744 0.9273064 0.929387 0.9377026 0.9307027 0.9084086 0.8705072 0.8316968 0.8265935 0.8668991 0.8939638 0.9075124 0.8955817 0.9302253 0.9183547 0.8702033 0.8327724 0.8144705 0.7975325 0.8032315 0.9144151 1.024123 1.015546 1.130657 1.203671 1.27299 1.295757 1.318377 1.186628 1.094233 1.113737 1.222163 1.34688 1.38075 1.482229 1.410507 1.394387
0.9232753 0.9146096 0.9422539 0.9618163 1.002102 1.037541 1.053509 1.114658 1.129997 1.119152 1.086768 1.040343 1.000254 0.9789174 0.9570393 0.9494669 0.9512669 0.9584017 0.9571476 0.9533271 0.9479995 0.9342278 0.9329759 0.9418824 0.9363798 0.9348764 0.9247162 0.9265441 0.9304956 0.9120343 0.850999 0.7984709 0.7826052 0.7849196 0.7962396 0.8188729 0.8550367 0.9132398 0.9352415 0.9155007 0.9024533 0.8502308 0.7602903 0.7482533 0.7773386 0.7755835 0.8888278 0.9436792 0.9600714 0.9938055 1.04625 1.162315 1.189076 1.212233 1.217067 1.157477 1.114189 1.263197 1.34065 1.363358 1.468087 1.40211 1.303055
0.8480752 0.8785473 0.8504837 0.8845446 0.9184023 0.9535694 0.9935665 1.029308 1.039883 1.051828 1.014079 0.9844312 0.9718438 0.9511092 0.9427451 0.9480664 0.9562616 0.9572185 0.9545825 0.9528426 0.9494101 0.9446089 0.9462932 0.9418494 0.9160163 0.9169348 0.9186755 0.9212761 0.9075461 0.8627513 0.7889481 0.7871873 0.7566366 0.7526519 0.7926404 0.8558641 0.880426 0.8711402 0.9109725 0.8918122 0.8689954 0.8508854 0.8148762 0.7743941 0.7427523 0.8004578 0.8715698 0.812539 0.9074836 0.903101 0.9129806 0.9744806 0.9568155 0.9390344 0.990854 0.9823868 1.036096 1.091269 1.200892 1.35738 1.424667 1.410444 1.366396
0.8492718 0.8465247 0.8342435 0.8483053 0.8686501 0.8891948 0.9570698 0.9461234 0.9568862 0.9655861 0.9656448 0.9459453 0.9429576 0.93524 0.9405373 0.9459895 0.9543074 0.9582714 0.9599868 0.95828 0.9561515 0.94739 0.9413544 0.9229736 0.9037327 0.9038848 0.9100446 0.8889897 0.861183 0.824571 0.7992683 0.7750264 0.7802229 0.8041279 0.8126252 0.8748954 0.8983726 0.8801335 0.9039899 0.9207672 0.9323636 0.8962882 0.8589274 0.7910906 0.7929684 0.7968639 0.8321946 0.8539848 0.884751 0.8462966 0.7831841 0.8106195 0.799503 0.8304962 0.8837371 0.9636431 1.038282 1.166134 1.169881 1.198045 1.297447 1.395303 1.341895
0.8452775 0.8425407 0.8077453 0.8061066 0.8345932 0.8484789 0.9039834 0.8712075 0.8837444 0.8892559 0.8905978 0.9004781 0.9226634 0.9266785 0.9323104 0.9440652 0.9488537 0.9525614 0.9589662 0.9622214 0.9536427 0.9393708 0.9259859 0.9130466 0.9065632 0.9065809 0.9107327 0.873152 0.8346876 0.8148417 0.8132064 0.8029155 0.811151 0.8244661 0.8416415 0.8786272 0.9099571 0.9042688 0.9043727 0.8678705 0.8513448 0.8495491 0.8373708 0.8258453 0.7934726 0.7870527 0.7833651 0.7734747 0.7910989 0.8128548 0.7767246 0.8004777 0.8276709 0.8206394 0.8238959 0.9093415 1.081416 1.16587 1.126012 1.128311 1.166012 1.258686 1.262086
0.8243429 0.825405 0.8173852 0.7870502 0.813102 0.8484806 0.8434297 0.8500068 0.868052 0.8778811 0.8769304 0.8857892 0.9063191 0.9212438 0.9314275 0.9380395 0.9436159 0.9528294 0.9530596 0.9538871 0.942713 0.9303866 0.9157826 0.9125018 0.9126164 0.9119276 0.9056125 0.8727699 0.8311651 0.8325727 0.8205096 0.8221938 0.8523823 0.8757897 0.8951857 0.8810642 0.8731652 0.8584508 0.8232265 0.7840632 0.7749524 0.7949238 0.8074457 0.7973679 0.7762132 0.757919 0.7621942 0.7505306 0.7738195 0.7484543 0.7333118 0.7721958 0.7807277 0.774832 0.8893424 1.012308 1.075244 1.095257 1.129214 1.150243 1.079971 1.036711 1.130276
0.8204397 0.8091276 0.8121204 0.7801936 0.8132544 0.8490432 0.8290756 0.8538764 0.8636708 0.8704869 0.8744621 0.8883433 0.9031925 0.9213147 0.9237192 0.9343245 0.9395862 0.9405199 0.9366205 0.9302151 0.9258886 0.9183742 0.9115968 0.9161359 0.9147264 0.9065827 0.8936646 0.8824191 0.8501626 0.8269625 0.8305784 0.8392431 0.8611477 0.8771381 0.8921542 0.8772116 0.8688124 0.8477374 0.8014765 0.7526843 0.7496186 0.7670328 0.7941153 0.7838451 0.7414454 0.7446154 0.7414964 0.7251095 0.7172343 0.7167976 0.7338576 0.7206288 0.7247149 0.7861924 0.8202401 0.8768347 0.9347255 1.01786 1.111371 1.162629 1.090518 1.053228 1.053846
0.8172194 0.7939734 0.8047493 0.7704656 0.8141253 0.833084 0.8293138 0.8506613 0.8590209 0.8626499 0.8710858 0.8840895 0.8922428 0.915602 0.9251449 0.9353687 0.9365937 0.9278296 0.9164763 0.9134903 0.9177814 0.9221556 0.9213994 0.9212992 0.9097485 0.8957364 0.8883367 0.8742904 0.8631203 0.8341127 0.8231305 0.8400282 0.8540946 0.871515 0.889057 0.8746184 0.8775932 0.8467388 0.796954 0.7548366 0.749696 0.7637281 0.770382 0.7694527 0.7063479 0.7042682 0.7408623 0.7466373 0.7633486 0.7855651 0.7741612 0.7758045 0.7798702 0.8012867 0.8521845 0.902618 0.8577231 0.8777101 1.021737 1.095901 1.124486 1.123778 1.101268
0.8219292 0.7768123 0.7865364 0.7735045 0.8150326 0.8085731 0.8294903 0.843008 0.8513492 0.8568003 0.8696386 0.8805624 0.8916311 0.911711 0.9149392 0.9101675 0.918573 0.9072172 0.90315 0.9087613 0.9195313 0.9232765 0.9216104 0.9077967 0.8913873 0.8834247 0.8729586 0.860954 0.8507978 0.8363798 0.8298351 0.8253608 0.8405823 0.8409647 0.8498022 0.8514975 0.8483759 0.8194216 0.7933474 0.7719381 0.7684718 0.7651327 0.75183 0.7179597 0.7053084 0.7309163 0.7351457 0.738197 0.7653404 0.812874 0.7675318 0.748198 0.7907681 0.800557 0.8451936 0.8751913 0.8721772 0.8646026 0.8985567 0.991462 0.9725773 1.054473 1.107391
0.8231039 0.7694254 0.7767606 0.7823641 0.8099918 0.8077994 0.8281052 0.8367372 0.8439243 0.8548666 0.8663333 0.8811666 0.8950248 0.9083191 0.8987545 0.8904988 0.8821562 0.8899699 0.8973328 0.907122 0.9176123 0.9211539 0.906521 0.8896897 0.8740799 0.8693563 0.8572354 0.844843 0.8342759 0.8285849 0.8108733 0.7996696 0.8079118 0.8131525 0.819125 0.8242576 0.8127809 0.7983086 0.7760114 0.7648019 0.758587 0.742073 0.7165663 0.692984 0.6913993 0.7316788 0.7167553 0.7078454 0.7380573 0.744541 0.7590491 0.7412927 0.7690339 0.7822942 0.8132864 0.8371089 0.8287652 0.8757904 0.8126637 0.8704705 0.9171395 0.9716645 0.9809942
0.8207594 0.7643687 0.7658396 0.7819404 0.807381 0.8097114 0.8213352 0.8299246 0.8421465 0.8517511 0.8648578 0.8792201 0.8882267 0.8891789 0.8791144 0.8639356 0.8782738 0.8901641 0.8967014 0.906931 0.9112235 0.9010174 0.8885247 0.8696508 0.8600734 0.8448343 0.8355478 0.8285931 0.8213791 0.8144695 0.8016998 0.7877229 0.7742223 0.7624904 0.7570884 0.7526233 0.7467966 0.7345427 0.7293251 0.7257779 0.7184675 0.7113732 0.6875312 0.6870887 0.6847274 0.6943693 0.699402 0.6641485 0.6890618 0.7075199 0.7198407 0.743496 0.759474 0.7708905 0.7461575 0.7751787 0.7930219 0.8141505 0.7585278 0.7812896 0.8464692 0.8310277 0.8384803
0.81977 0.7655741 0.7562354 0.7810703 0.8034294 0.8089667 0.8156084 0.8311343 0.8434072 0.854565 0.8673111 0.8733305 0.8719324 0.8774652 0.8784755 0.8680441 0.8749995 0.8866243 0.9072182 0.9028423 0.8943155 0.8910773 0.8785705 0.8608744 0.8493936 0.8323908 0.8158824 0.8083897 0.8047776 0.7992128 0.7871967 0.7791707 0.7677668 0.7552303 0.7411427 0.7244168 0.7075593 0.6971545 0.6911687 0.6883918 0.6871486 0.6765636 0.6810806 0.6913545 0.6846669 0.6737453 0.6797512 0.6691613 0.63866 0.6741341 0.715326 0.7422229 0.7267659 0.708797 0.7443646 0.7627176 0.7727757 0.7654664 0.7611429 0.7826678 0.8229986 0.8226308 0.7740693
