project/src/data/BOM_climate/rainfall_variability/varsep.txt
ncols         178
nrows         139
xllcorner     111.875
yllcorner     -44.625
cellsize      0.25
NODATA_value  -9999
[rows 56 to 83 of 139, columns 63 to 125 of 178]
2.600309 2.470341 2.313329 2.189519 2.059309 2.024659 2.057655 2.103506 2.123207 2.177487 2.265699 2.290198 2.353702 2.351392 2.392105 2.3499 2.297824 2.285067 2.342414 2.439594 2.338108 2.250208 1.992469 2.007738 2.070495 2.128463 2.027462 1.978253 2.010147 2.001311 1.961431 1.900635 1.929034 1.900982 2.027614 2.18206 2.217026 2.260494 2.312471 2.427072 2.569592 2.716411 2.863046 3.045107 3.120923 3.34332 3.305208 3.047657 3.03835 3.191846 3.565198 3.618499 3.251459 2.972179 2.924197 2.946087 2.930766 2.773079 3.028602 3.108682 3.110527 3.033776 3.564785
2.637168 2.557955 2.385564 2.380046 2.271219 2.106769 2.050884 2.193411 2.288733 2.254354 2.148402 2.103851 2.179543 2.133607 2.254253 2.257967 2.216988 2.171262 2.254386 2.298976 2.268841 2.073474 2.143934 2.229643 2.128289 1.933705 2.072839 2.086377 2.15087 2.094742 2.045574 2.084245 2.052713 1.991284 1.988782 2.189191 2.215018 2.200223 2.253546 2.279932 2.503462 2.82542 3.057186 3.246405 3.44245 3.313431 3.524627 3.557762 3.305015 3.190613 3.375 3.323774 3.178623 2.93863 3.007522 2.917766 2.929222 3.327672 3.222567 3.32512 2.972444 3.197766 3.392982
2.737585 2.589714 2.47312 2.397295 2.445706 2.216781 2.117143 2.194537 2.293498 2.282962 2.210901 2.112808 2.11859 2.146081 2.165194 2.153408 2.205865 2.309973 2.335616 2.283841 2.147633 2.194393 2.190938 2.234186 2.164192 1.975695 2.063476 2.105405 2.143505 2.195925 2.172577 2.083311 2.078427 2.106063 2.127324 2.193939 2.177737 2.137172 2.209327 2.171375 2.371478 2.644362 2.931015 3.32908 3.452429 3.702626 3.685266 3.601764 3.288356 3.213704 3.07046 3.309036 3.328545 3.079581 3.066169 3.056746 3.155626 3.155592 3.233748 3.192302 3.030884 3.103885 2.933402
2.678179 2.512919 2.404564 2.421064 2.353977 2.251141 2.081874 2.164609 2.238024 2.27653 2.193874 2.161579 2.13283 2.21533 2.158148 2.144021 2.173424 2.142162 2.193876 2.208753 2.147568 2.174787 2.15447 2.188154 2.140262 2.11283 2.060469 2.065682 2.096389 2.164583 2.135581 2.164709 2.236208 2.097546 2.135434 2.248752 2.220279 2.172931 2.221451 2.178084 2.249565 2.538385 2.962927 3.29036 3.484074 3.468604 3.697608 3.521544 3.369766 3.080151 3.593904 3.644899 3.460248 3.169111 3.03603 3.22283 2.962269 2.850686 2.931117 3.081363 3.10944 3.003187 3.022564
2.696059 2.496352 2.352346 2.452563 2.376448 2.311654 2.22498 2.111473 2.205678 2.175378 2.158209 2.17942 2.189296 2.169318 2.081119 2.143337 2.221026 2.168135 2.142154 2.275213 2.23411 2.304969 2.281371 2.328552 2.184309 2.20738 2.239031 2.221486 2.199728 2.198326 2.329383 2.280595 2.276233 2.180639 2.198306 2.292219 2.260989 2.249063 2.209375 2.336305 2.451036 2.6091 2.936745 2.98035 3.070347 3.046897 2.96276 3.056188 3.223918 3.377368 3.6705 3.683947 3.384731 3.060583 3.090721 3.260146 3.321398 2.756292 2.835469 2.567633 2.833403 2.982682 2.834023
2.672089 2.505886 2.300625 2.40084 2.421634 2.360157 2.293934 2.17696 2.183212 2.151979 2.115212 2.147471 2.185504 2.112415 2.038739 2.041626 2.131401 2.101724 2.157852 2.257143 2.313886 2.339568 2.310496 2.3279 2.349961 2.438412 2.35015 2.305629 2.278835 2.399245 2.455729 2.359023 2.416475 2.326148 2.360497 2.556591 2.47719 2.339255 2.321343 2.459405 2.414002 2.563338 2.891607 3.082045 3.005754 3.063577 2.996701 3.049488 2.878339 3.15519 3.529293 3.468239 3.291597 3.209339 3.216993 3.350901 3.182148 2.865687 2.74086 2.534776 2.688258 2.686169 2.456243
2.550067 2.484647 2.346073 2.359259 2.425601 2.352438 2.208909 2.128097 2.113721 2.060161 2.080728 2.137729 2.049797 2.040829 2.113749 2.102815 2.119826 2.048765 2.049862 2.168679 2.345665 2.438886 2.370319 2.286728 2.357188 2.411213 2.2962 2.322951 2.35303 2.347903 2.412354 2.409084 2.444871 2.465236 2.480326 2.506351 2.541415 2.392977 2.415293 2.521593 2.424689 2.596421 2.894918 3.212155 2.92112 3.169395 3.076998 3.059299 3.04161 3.120579 3.208253 3.496332 3.383162 3.097134 3.040451 2.834856 2.962766 2.881053 2.816433 2.677143 2.891692 2.994934 2.648097
2.482638 2.355077 2.408411 2.390696 2.354212 2.30446 2.168157 2.102631 2.125247 2.044583 2.000774 2.016965 1.985095 2.067857 2.003434 2.06177 1.979557 1.856736 1.929662 2.034893 2.047409 2.102689 2.162682 2.17483 2.230366 2.285198 2.394338 2.312061 2.618089 2.436261 2.343912 2.635523 2.574784 2.495348 2.596657 2.502385 2.390234 2.546361 2.523413 2.519642 2.609013 2.697027 3.362528 3.454272 3.248624 3.379883 3.321581 3.065793 3.058668 3.274969 2.93513 3.048724 3.511941 3.163846 3.140943 2.97042 2.911948 2.932111 2.759344 2.779026 2.969849 2.965898 2.582685
2.428107 2.303827 2.254266 2.326777 2.240401 2.123466 2.038388 2.040338 1.956053 2.053949 2.008031 1.956152 1.922474 1.799565 1.851153 1.856259 1.907735 1.79063 1.773747 1.90646 1.964177 2.040094 2.202315 2.022809 2.129792 2.191808 2.355876 2.277532 2.436144 2.531806 2.428953 2.605905 2.535081 2.711201 2.591814 2.491884 2.546422 2.565034 2.594586 2.634897 2.831661 2.893423 3.077916 3.425376 3.187278 3.170523 3.192819 3.196526 3.218658 3.174776 3.178429 3.182122 2.99098 3.004049 2.897612 2.981804 2.852305 3.002822 2.877205 2.763126 2.842822 2.766619 2.574556
2.338886 2.240846 2.218544 2.076857 2.092664 2.036109 1.942987 1.914127 1.885636 1.917239 1.917337 1.937244 1.867787 1.782828 1.800407 1.8821 1.922428 1.858464 1.88831 1.845097 1.926437 2.032005 1.942597 1.913624 2.049665 2.252513 2.220744 2.291271 2.573017 2.894911 2.708075 2.704268 2.770768 2.617866 2.628139 2.588536 2.536 2.479031 2.583571 2.574339 2.994765 2.859027 2.949298 3.202267 3.329144 3.190722 3.089261 3.070976 3.373405 3.087558 3.14086 3.231445 3.408188 3.20546 3.100327 2.735 2.797388 2.969781 3.225358 3.063861 2.782698 2.594203 2.555961
2.277337 2.144645 2.015263 1.988901 1.858452 1.848689 1.823376 1.773627 1.731358 1.755138 1.853918 1.858219 1.85349 1.822651 1.953398 2.007684 1.884809 1.905203 1.922888 1.81972 1.745438 1.878512 1.877022 2.045082 2.234354 2.445036 2.490131 2.499929 2.853223 2.763564 2.772226 2.481987 2.647882 2.684128 2.654509 2.761075 2.674778 2.519557 2.821071 2.698624 2.869177 3.132954 2.917251 3.045066 3.048734 3.017406 2.784298 2.745085 2.884732 3.031367 3.333213 3.310662 3.441184 3.204648 3.006677 2.879226 2.877401 3.273115 3.280904 3.283958 2.842407 2.593941 2.622951
2.111728 1.969183 1.864035 1.845729 1.799018 1.736987 1.768526 1.626812 1.576537 1.575307 1.644019 1.706612 1.756407 1.82584 1.898988 2.208996 2.23499 2.071229 2.000234 1.9443 1.892362 2.037138 1.945855 2.175204 2.389496 2.460891 2.656338 2.586025 2.824895 2.856761 2.789814 2.896298 2.849954 2.746787 2.732934 2.747646 2.614407 2.360088 2.66772 2.910463 2.672444 3.010835 3.025877 3.027524 3.046354 2.941432 2.866166 2.831983 3.058791 3.271811 3.280232 3.111522 3.049818 3.056901 3.294604 2.94752 3.025192 3.160777 3.295782 3.167358 2.773174 2.898235 3.11029
2.068945 1.902848 1.788471 1.762244 1.731486 1.77769 1.774066 1.684567 1.676381 1.639479 1.626252 1.652187 1.740982 1.774649 1.985865 2.044607 2.183091 2.216273 2.217438 2.02896 2.103554 2.24564 2.236125 2.411317 2.450668 2.366028 2.374903 2.485193 2.587571 2.668988 2.797422 2.705506 2.757237 2.785994 2.861273 2.679191 2.54949 2.429318 2.585219 2.649957 2.683107 2.729911 2.889177 3.22941 2.92363 2.838331 2.904561 3.128078 3.129011 3.135435 2.987824 2.85304 2.907795 2.930214 3.234978 2.872179 2.874434 3.028602 2.980613 2.825848 2.74607 2.722737 2.621921
1.915071 1.91986 1.811102 1.701753 1.657603 1.729376 1.714672 1.698611 1.7405 1.728303 1.675016 1.67401 1.755674 1.807987 1.915163 1.997132 2.168836 2.296104 2.23218 2.149766 2.126585 2.093971 2.215602 2.222426 2.274348 2.362113 2.338812 2.578468 2.711508 2.753191 2.832422 2.879708 2.849091 2.775278 2.834633 2.670036 2.653803 2.482274 2.556221 2.653285 3.015662 2.985535 2.880336 3.124912 3.410356 3.477695 3.073755 3.291179 3.305449 3.152938 3.375484 3.372364 3.250759 2.956583 2.956784 3.001254 2.791559 3.065032 3.235515 2.820072 2.608114 2.759549 2.549412
2.038042 1.950301 1.908213 1.835264 1.756879 1.751341 1.709054 1.681631 1.668101 1.680599 1.705684 1.748205 1.803148 1.766603 1.795233 1.936076 2.025455 2.040407 2.13022 2.059105 1.997917 1.97591 2.028067 2.06466 2.266642 2.417868 2.259076 2.471973 2.579442 2.755154 2.957218 2.923205 3.016904 2.96148 3.036597 2.848661 2.658809 2.547465 2.554096 2.664433 2.690431 3.029583 3.151822 3.07569 3.341592 3.240073 3.281378 3.119422 3.186924 3.165679 3.328137 3.18039 2.8889 2.812404 2.813626 2.892174 3.15399 3.259993 3.451137 3.0369 2.863865 2.821043 2.444874
2.096104 2.04844 1.979441 1.857631 1.745366 1.718579 1.736145 1.732287 1.750516 1.691331 1.691239 1.709716 1.796924 1.868006 1.877578 1.928105 1.975515 1.998156 1.965188 1.903104 1.983686 2.011586 2.077866 2.137644 2.279541 2.437868 2.378139 2.331075 2.369025 2.557022 2.595187 2.638865 2.779477 2.793884 2.856553 2.789867 2.647765 2.701807 2.637336 2.522392 2.614984 2.785215 2.950552 3.107021 3.369234 3.238021 3.07184 2.738463 2.765795 3.109175 3.204674 3.239182 3.390212 2.990291 2.705519 2.731561 3.046858 3.111255 2.983788 3.023519 3.146052 2.799049 2.42613
2.044691 2.034046 2.021976 1.912391 1.77087 1.773335 1.781543 1.808864 1.792035 1.758312 1.715996 1.777026 1.856886 1.906609 1.890248 1.831533 1.875129 1.954919 1.943669 1.983574 2.038118 2.045097 2.127691 2.131011 2.166616 2.202567 2.182957 2.248599 2.206638 2.280079 2.441178 2.553877 2.557678 2.574084 2.591418 2.559735 2.689341 2.761444 2.647814 2.591235 2.561224 2.779629 3.020628 3.336102 3.356389 3.215424 3.237444 2.863552 2.523045 2.579665 2.982046 2.898942 2.78819 2.77235 2.619083 2.598438 2.622632 2.995768 2.74949 3.02318 2.845304 2.62495 2.521023
2.117095 2.014155 1.943187 1.876515 1.871579 1.906926 1.856412 1.790584 1.789453 1.811344 1.772121 1.78192 1.842957 1.92641 1.992587 1.98167 1.965713 1.965331 2.031034 2.026399 2.06417 2.084307 2.119042 2.079149 2.069984 2.230983 2.220084 2.157277 2.113519 2.087182 2.238199 2.379494 2.564935 2.574533 2.777753 2.748261 2.751327 2.889878 2.569421 2.585787 2.550359 2.787755 3.11358 3.341123 3.402549 3.495633 3.478182 2.816056 2.415677 2.365054 2.464999 2.804686 2.612804 2.623874 2.356012 2.264904 2.200045 2.506605 2.604533 2.918598 2.959155 2.549374 2.31131
2.118798 1.967993 1.935151 1.903758 1.896802 1.88849 1.869514 1.807015 1.804457 1.769177 1.741298 1.73281 1.776104 1.823252 1.918316 1.961752 1.95748 1.927528 2.016917 2.054892 2.168756 2.285404 2.261006 2.154079 2.071416 2.047739 2.095726 2.163168 2.183164 2.172234 2.180645 2.520355 2.485819 2.66255 2.717174 2.774717 2.814443 2.666632 2.572691 2.305254 2.541673 2.684196 2.706239 2.824345 3.190915 3.205552 3.295866 2.553939 2.297537 2.240092 2.398081 2.327774 2.381414 2.450375 2.226272 2.177104 2.146159 2.233885 2.369511 2.497928 2.701491 2.497079 2.134028
2.02545 1.991098 1.87198 1.857222 1.870887 1.90646 1.83731 1.807581 1.77312 1.728417 1.681702 1.74294 1.747328 1.787293 1.762356 1.815943 1.897489 1.951616 1.954322 2.08056 2.296203 2.361928 2.24528 2.158686 2.151756 2.038858 1.913419 2.086121 2.2662 2.264776 2.374733 2.536324 2.552179 2.399575 2.402843 2.80435 3.029908 2.625492 2.462357 2.351846 2.523098 2.664417 2.729912 2.842793 3.004323 3.25755 3.156253 2.704103 2.591631 2.247471 2.385097 2.474209 2.521233 2.698016 2.253265 2.131905 2.131075 2.062162 2.166241 2.183361 2.228845 2.209257 2.117172
2.006761 2.022136 1.90553 1.889143 1.878734 1.841761 1.828056 1.800869 1.75815 1.738582 1.7269 1.733325 1.787669 1.798351 1.753296 1.775092 1.706712 1.884902 1.95419 2.107921 2.276124 2.264732 2.294152 2.312011 2.194205 2.114191 1.925897 2.004878 2.121718 2.394178 2.52154 2.486637 2.53109 2.475101 2.811616 2.896189 2.854188 2.713984 2.406131 2.421418 2.418195 2.494473 2.666499 2.850991 2.96612 3.158537 3.047882 3.081063 2.692136 2.498092 2.47587 2.423043 2.779068 2.729189 2.354095 2.155157 1.817256 2.017384 1.81038 1.865625 1.939931 2.026605 2.021302
2.076877 2.035329 1.916296 1.858693 1.832921 1.803658 1.789982 1.770112 1.772938 1.77001 1.75728 1.728617 1.798953 1.825885 1.860985 1.811164 1.828734 1.826033 1.97787 2.024045 2.146922 2.21046 2.220897 2.354899 2.241357 2.170695 2.127557 1.998832 2.182401 2.315607 2.389693 2.471125 2.539043 2.5219 2.686608 2.538299 2.57546 2.483719 2.178778 2.03905 2.156762 2.187582 2.195035 2.371604 2.677429 3.117637 3.46946 3.290184 2.83402 2.320037 2.545668 2.422512 2.572476 2.425862 2.357995 2.082433 1.905712 1.965735 1.705479 1.737963 1.708798 1.930676 1.960426
1.993233 1.915992 1.886426 1.817329 1.824944 1.825467 1.718107 1.748021 1.803787 1.764977 1.673064 1.703682 1.772608 1.811425 1.826955 1.772701 1.787125 1.735334 1.880738 1.938017 1.991803 2.140263 2.284185 2.124029 2.230131 2.100877 2.316928 2.122569 2.087119 2.318697 2.27279 2.36096 2.474789 2.523742 2.43731 2.293195 2.374312 2.169227 1.928007 1.882437 2.114044 2.196219 2.069273 2.052868 2.1173 2.533397 2.883355 2.96721 2.623065 2.571435 2.456249 2.523537 2.385176 2.143259 2.363247 2.1297 2.1875 1.948211 1.700291 1.714572 1.720094 1.728919 2.030941
1.849152 1.866266 1.812572 1.781644 1.789962 1.865662 1.812813 1.757756 1.799973 1.801793 1.618341 1.724097 1.720851 1.721092 1.771319 1.726433 1.736033 1.707544 1.833703 1.832906 1.912504 2.084067 2.316385 2.183183 2.251712 2.255012 2.064839 2.070352 2.108315 2.221684 2.338754 2.113195 2.085372 2.14886 2.165262 2.122361 2.187371 2.011542 1.951336 1.984592 2.212778 2.117956 2.042843 1.965178 1.855738 2.045441 2.247294 2.346232 2.310404 2.282121 2.520717 2.486373 2.182848 2.081928 2.09285 2.153023 2.13689 1.852427 1.720289 1.66338 1.714977 1.760861 1.932437
1.860437 1.770078 1.773201 1.744776 1.816234 1.801743 1.768805 1.75612 1.739431 1.878104 1.705801 1.806128 1.700842 1.80894 1.730219 1.706812 1.646147 1.60244 1.80894 1.714911 1.924006 1.941683 2.130528 2.207052 2.191687 2.050017 1.97112 2.039721 2.058864 2.117309 2.170342 2.157199 2.215023 2.279259 2.278978 2.213395 2.199241 2.200784 1.940507 1.828873 1.875056 1.949602 2.211979 1.721442 1.733439 1.818889 1.906178 1.872335 1.901904 2.067103 2.36171 2.580932 2.39343 2.073409 1.940559 1.939009 1.890654 1.782371 1.688938 1.705963 1.659372 1.725498 1.758404
1.842569 1.748078 1.709341 1.715123 1.78079 1.72431 1.825052 1.72524 1.809918 1.889993 1.951895 1.886276 1.758264 1.790257 1.620518 1.63851 1.591531 1.598825 1.760094 1.740467 1.900194 1.869502 1.874472 1.997881 2.054722 1.825803 1.806627 1.88184 1.794856 2.007103 2.039378 2.030559 2.005764 2.043198 2.132938 2.075043 2.073988 2.112726 1.969533 1.814104 1.705911 1.926586 1.991091 1.829317 1.556438 1.952874 2.267519 1.988709 1.829164 1.927781 2.040597 2.509235 2.46684 2.258886 1.985458 1.736666 1.760345 1.79972 1.725981 1.684961 1.669555 1.727943 1.749421
1.771427 1.658959 1.676537 1.601195 1.708319 1.729779 1.816524 1.76289 1.897174 1.96632 1.990433 2.064329 1.968476 1.68518 1.653947 1.638761 1.598306 1.543854 1.615381 1.676912 1.806635 1.836824 1.735581 1.824558 1.8369 1.827611 1.789532 1.762577 1.787956 1.790181 1.725813 1.710925 1.866009 1.830453 1.869234 1.738512 1.788837 1.784397 1.687271 1.595423 1.589315 1.544747 1.858385 1.791687 1.737081 1.880109 2.360427 2.085138 1.841291 1.883834 1.974557 2.206646 2.162554 2.075346 1.733113 1.644875 1.537763 1.639563 1.897791 1.762102 1.683547 1.744111 1.776693
1.781159 1.645529 1.579292 1.590244 1.675702 1.696154 1.761899 1.892013 1.949033 1.927372 1.900945 1.967138 1.820725 1.611729 1.543836 1.309422 1.364329 1.452508 1.466882 1.591938 1.67509 1.689365 1.688202 1.672363 1.699526 1.650399 1.720495 1.706252 1.801134 1.762044 1.71175 1.649836 1.668846 1.670934 1.851786 1.660909 1.924236 1.860326 1.561424 1.453581 1.444442 1.45517 1.662541 1.69569 1.661489 1.773294 1.887949 1.834007 1.747277 1.792423 1.883209 1.880744 1.825308 1.818649 1.694753 1.619217 1.571323 1.62493 1.905863 1.919813 1.809346 1.865569 1.788784
