project/src/data/BOM_climate/rainfall_variability/varsep.txt
ncols         178
nrows         139
xllcorner     111.875
yllcorner     -44.625
cellsize      0.25
NODATA_value  -9999
[rows 0 to 27 of 139, columns 63 to 125 of 178]
1.207402 1.19118 1.194276 1.194978 1.164021 1.139784 1.121633 1.119382 1.102371 1.089076 1.092685 1.064129 1.0941 1.133691 1.172952 1.166936 1.338268 1.461733 1.538604 1.556711 1.576602 1.606427 1.674419 1.685354 1.622624 1.588848 1.6305 1.677018 1.754822 1.867737 1.951292 2.033208 2.193597 2.450612 2.619015 2.695647 2.68647 2.865552 3.317434 3.524212 3.788337 4.078429 4.339853 4.509806 4.943846 4.72884 4.526563 4.625319 4.702192 4.980357 5.113085 5.536378 5.974796 5.896005 6.20864 6.436616 6.160323 5.636481 5.3543 5.158074 5.296731 5.266712 5.017713
1.232279 1.215 1.220053 1.19324 1.157469 1.14345 1.129915 1.093965 1.1156 1.144143 1.183962 1.188334 1.191814 1.201382 1.225095 1.362644 1.444207 1.626207 1.80975 1.915148 1.855629 1.804398 1.807702 1.844661 1.750369 1.678681 1.66526 1.658557 1.745803 1.880913 1.954291 2.040091 2.227109 2.505053 2.660316 2.839549 2.857721 2.939415 3.281692 3.600422 3.864391 4.084041 4.149255 4.354085 4.761506 4.360087 4.185856 4.185222 4.294797 4.267467 4.533076 4.884726 5.32069 5.266258 5.283311 5.586504 5.357851 5.784664 6.227638 5.32204 4.960292 4.907341 4.685563
1.229209 1.2293 1.211798 1.173916 1.154183 1.145234 1.129617 1.167217 1.200877 1.293447 1.295105 1.29725 1.274703 1.238246 1.287938 1.500839 1.637934 1.829051 1.929596 1.967278 2.170752 2.07636 2.113507 2.085396 2.01526 1.837675 1.708402 1.648924 1.750613 1.856387 1.992193 2.129048 2.206769 2.413167 2.60135 2.880713 2.945758 2.954117 3.28851 3.477841 3.819595 3.981115 4.006131 4.08261 4.342846 4.183063 3.959443 3.822405 3.880865 3.830895 3.916875 4.406652 4.466656 4.79403 4.981417 5.240165 5.256053 6.536975 7.635737 6.142473 4.892959 4.653783 4.544822
1.244584 1.217596 1.190094 1.168717 1.151114 1.152983 1.141658 1.19677 1.335399 1.3702 1.430549 1.395935 1.384003 1.286613 1.318878 1.603044 1.800293 2.031627 2.121503 2.20769 2.324987 2.292795 2.270483 2.337698 2.319006 2.231923 2.00633 1.809899 1.854916 1.939262 2.060012 2.116744 2.105383 2.202452 2.337817 2.685988 3.01792 2.918453 3.166917 3.271298 3.842757 3.88571 3.896712 3.724024 3.934066 3.780208 3.736537 3.741654 3.556402 3.596243 3.593334 3.826989 4.233432 4.341351 4.396936 4.741778 4.631799 5.690697 6.04985 4.947281 4.652816 4.44863 4.091136
1.237077 1.197888 1.158839 1.151725 1.150641 1.155819 1.183926 1.276525 1.350345 1.467663 1.573577 1.518517 1.422217 1.383483 1.310374 1.63634 1.831942 2.028703 2.048302 2.21545 2.231655 2.416071 2.497769 2.639473 2.642239 2.55332 2.281811 2.130457 2.183809 2.210709 2.331077 2.413934 2.221063 2.135575 2.246633 2.581901 2.885458 3.081588 2.985254 3.025877 3.503734 3.679941 3.712679 3.514599 3.575137 3.43157 3.365124 3.316514 3.188075 3.269107 3.269571 3.340815 3.681832 3.836094 4.009789 4.195436 4.39276 4.414197 4.480746 4.514212 4.209576 4.127492 3.958738
1.233954 1.209298 1.168943 1.149741 1.150747 1.162858 1.200441 1.244946 1.369911 1.559019 1.662456 1.569179 1.528849 1.474246 1.300126 1.565948 1.662628 1.783124 1.799292 1.865521 2.023841 2.283456 2.576723 2.770862 2.697712 2.689193 2.381188 2.287902 2.564963 2.507256 2.572826 2.655336 2.536264 2.184747 2.22491 2.264149 2.768569 2.827706 2.881369 2.896664 3.248833 3.490988 3.560433 3.354181 3.321956 3.060686 2.977695 2.924818 2.888556 2.849943 2.831671 2.830896 2.928677 3.060783 3.272759 3.57808 3.717594 3.864325 3.767113 3.743325 3.460974 3.496209 3.30415
1.221092 1.218716 1.186028 1.159467 1.150161 1.167371 1.21553 1.227019 1.283376 1.480868 1.587057 1.578828 1.566121 1.360303 1.232085 1.262707 1.447176 1.538833 1.58984 1.489336 1.82589 1.992885 2.375343 2.633556 2.564013 2.453736 2.426762 2.297609 2.716612 2.672379 2.715498 2.753774 2.57853 2.183355 2.17393 2.352676 2.577291 2.85041 3.066786 3.069251 3.234034 3.235066 3.443544 3.150241 2.999634 2.872535 2.706028 2.639914 2.644112 2.617575 2.549155 2.451847 2.429631 2.387202 2.432484 2.674936 2.834981 3.154145 3.179916 2.948161 2.800854 2.717714 2.801076
1.205486 1.19943 1.183684 1.161092 1.140615 1.146394 1.191011 1.257864 1.249721 1.316587 1.354646 1.301686 1.22427 1.183607 1.125077 1.10914 1.191769 1.276093 1.30025 1.520064 1.626887 1.810517 1.981369 2.152976 2.275547 2.159613 2.271856 2.462394 2.745749 2.704993 2.725242 2.782805 2.668999 2.208714 2.178591 2.479814 2.830647 3.027265 3.202003 3.224336 3.181737 3.126797 3.199607 3.005235 2.709599 2.719036 2.503398 2.445318 2.448108 2.388273 2.350842 2.258359 2.185014 1.923269 1.983868 2.166612 2.152035 2.383466 2.682815 2.799813 2.73388 2.691842 2.693167
1.214454 1.193927 1.166246 1.168902 1.14741 1.142451 1.175686 1.189511 1.174072 1.206321 1.229326 1.147544 1.142118 1.155613 1.155907 1.157552 1.140083 1.08087 1.185324 1.295874 1.394599 1.662713 1.664883 1.810534 1.941217 1.966536 2.222214 2.49961 2.569971 2.614184 2.545534 2.757415 2.664759 2.318269 2.26103 2.571471 2.907739 3.141243 3.240055 3.265675 3.277184 3.110973 3.040018 2.852549 2.565347 2.551153 2.368537 2.319314 2.260327 2.222015 2.176539 2.140878 1.91972 1.655979 1.750091 1.917548 1.859375 1.856394 2.09429 2.295531 2.404738 2.53696 2.700805
1.211239 1.192648 1.169623 1.155151 1.158594 1.139703 1.135622 1.166483 1.173265 1.19925 1.198651 1.163914 1.115648 1.114902 1.174286 1.19635 1.188991 1.157554 1.212733 1.166094 1.294611 1.625622 1.784511 1.663059 1.681457 1.721161 1.978075 2.225158 2.419925 2.455239 2.585078 2.873576 2.876294 2.48502 2.426001 2.754405 3.090477 3.241316 3.309839 3.334607 3.255421 3.090617 2.930896 2.7538 2.47956 2.381848 2.26289 2.239671 2.128213 2.031873 2.017759 1.953091 1.689942 1.54029 1.535968 1.536618 1.537055 1.654213 1.809455 2.03775 2.303087 2.747126 2.724159
1.251281 1.211325 1.184923 1.147501 1.15006 1.139187 1.094663 1.104508 1.114187 1.108927 1.067758 1.039822 1.092517 1.095328 1.136016 1.083609 1.081754 1.145519 1.142056 1.165572 1.315921 1.549058 1.754662 1.796933 1.674048 1.654018 1.709305 2.002322 2.358299 2.411743 2.473545 2.849776 2.707037 2.517766 2.489722 2.612705 2.841021 3.092415 3.25648 3.239363 3.178758 2.990045 2.908074 2.619049 2.364782 2.138261 2.15568 2.109963 2.00973 1.948825 1.866491 1.897518 1.705377 1.631224 1.55813 1.502158 1.59799 1.745849 1.803682 1.969765 2.175428 2.601024 2.752066
1.251653 1.245247 1.214189 1.19125 1.130747 1.115107 1.087576 1.12349 1.119688 1.061832 1.085153 1.115254 1.114025 1.153637 1.131227 1.045866 1.001897 1.072172 1.081151 1.051285 1.251418 1.398368 1.609777 1.752479 1.741838 1.62047 1.599743 1.799396 2.18025 2.322824 2.506371 2.480831 2.483489 2.512864 2.567999 2.633643 2.772017 3.029623 3.111103 3.190212 3.166638 2.963938 2.806828 2.493116 2.171777 1.962205 2.008171 2.008452 1.952804 1.873592 1.858524 1.88907 1.768228 1.657116 1.710127 1.686386 1.726199 1.785999 1.857739 1.860734 2.23839 2.560354 3.106678
1.224028 1.205992 1.234254 1.20561 1.148195 1.104588 1.069581 1.103471 1.129675 1.064965 1.090997 1.141771 1.149735 1.183276 1.155496 1.069487 1.05028 1.083179 1.04922 1.035246 1.14741 1.201228 1.443152 1.648816 1.68116 1.593717 1.669803 1.891203 2.173107 2.311108 2.213769 2.247749 2.370782 2.388738 2.440241 2.578677 2.661578 2.804106 2.843051 3.094431 2.985794 2.877366 2.667952 2.298627 2.020876 1.891365 1.897861 1.943067 1.900305 1.81226 1.830134 1.875428 1.816941 1.828375 1.8748 1.741969 1.756913 1.839244 1.944075 1.956232 2.200852 2.684382 3.272518
1.275753 1.174384 1.211838 1.201625 1.139916 1.108919 1.079161 1.11126 1.100601 1.070207 1.116199 1.126635 1.142208 1.07556 1.097677 1.092417 1.102054 1.113533 1.078329 1.079771 1.149673 1.325502 1.382999 1.525565 1.479782 1.601659 1.648733 1.807459 1.991389 2.017551 2.102782 2.153946 2.059333 2.192504 2.223834 2.384851 2.741162 2.815686 2.853661 2.830037 2.858991 2.869726 2.56505 2.164787 1.887297 1.748577 1.777912 1.809105 1.817438 1.757265 1.686207 1.796006 1.851136 1.854535 1.990365 2.070928 2.119661 2.010291 2.00804 2.16341 2.268739 2.495893 3.344795
1.263297 1.23026 1.170198 1.189198 1.186753 1.185633 1.117899 1.061214 1.120058 1.085013 1.061379 1.098783 1.05415 1.044724 1.107156 1.073599 1.058968 1.105572 1.125739 1.166933 1.224453 1.298205 1.332879 1.376706 1.449075 1.571245 1.650869 1.710437 1.822691 1.955405 2.061568 2.038158 2.124622 2.306248 2.225785 2.411402 2.73735 2.922167 2.869547 3.006687 2.86377 2.648395 2.354111 2.080219 1.809879 1.773301 1.805625 1.76003 1.734158 1.683954 1.584357 1.668898 1.751185 1.74074 2.164681 2.33984 2.250893 2.3628 2.347574 2.239173 2.333629 2.450529 3.018615
1.272596 1.215691 1.220198 1.223019 1.264824 1.268559 1.233766 1.153947 1.057522 1.086102 1.100146 1.195909 1.131055 1.061481 1.103119 1.046469 1.039628 1.111357 1.131083 1.203469 1.205457 1.25124 1.329653 1.399933 1.416372 1.565769 1.744966 1.858799 1.973183 2.15665 2.128922 2.061876 2.230821 2.375167 2.299915 2.4569 2.598902 2.90879 3.054998 2.801988 2.821534 2.613992 2.200149 1.951444 1.785897 1.702948 1.718156 1.731347 1.70913 1.649436 1.558386 1.630564 1.666368 1.730204 1.984366 2.300283 2.295497 2.539588 2.253825 2.239679 2.429017 2.498483 2.940492
1.3662 1.222181 1.246609 1.32501 1.348814 1.352067 1.37158 1.296437 1.037223 0.9958677 1.085351 1.178915 1.129183 1.105563 1.11087 1.045264 1.047494 1.145278 1.202393 1.218656 1.183702 1.346665 1.400016 1.418352 1.462543 1.506807 1.707373 1.806065 1.887319 1.881156 2.067671 2.301151 2.504364 2.344423 2.403362 2.416371 2.317133 2.57682 2.833894 2.661232 2.622947 2.423603 2.155382 1.91288 1.620487 1.616698 1.639207 1.637646 1.649103 1.640531 1.60398 1.63258 1.681451 1.734378 1.823974 1.964122 2.140674 2.217628 2.101934 2.262214 2.544367 2.534386 2.993392
1.437494 1.352878 1.320635 1.358918 1.406962 1.400099 1.380648 1.344624 1.144056 0.9798916 1.036918 1.094856 1.078853 1.138956 1.098717 1.04107 1.049302 1.153088 1.237172 1.219153 1.38392 1.475671 1.566211 1.520126 1.56282 1.712708 1.700643 1.950604 2.105271 2.094581 2.027141 2.349136 2.532569 2.553976 2.477166 2.218038 2.267233 2.321903 2.479657 2.554899 2.525424 2.164822 1.966449 1.758665 1.527559 1.502439 1.533798 1.544802 1.599691 1.630463 1.642035 1.658498 1.640221 1.703445 1.761477 1.877286 2.053448 2.108825 2.122638 2.059751 2.241448 2.553262 2.476262
1.398927 1.422432 1.39702 1.326195 1.371969 1.46187 1.412117 1.307339 1.238005 1.063509 1.013064 1.082203 1.101614 1.090746 1.088253 1.107534 1.207346 1.230266 1.294649 1.332625 1.44448 1.580903 1.657466 1.708037 1.775463 1.793283 1.873737 2.13951 2.241735 2.489485 2.255303 2.315153 2.488583 2.5333 2.214891 2.219272 2.079068 2.133944 2.345641 2.32478 2.049511 1.860791 1.782778 1.582223 1.410274 1.399778 1.466191 1.512101 1.558064 1.656255 1.727121 1.757013 1.806162 1.815007 1.905695 1.910674 1.94236 1.955726 1.717289 1.886192 1.983996 2.297026 2.321229
1.572724 1.577035 1.501738 1.376965 1.383001 1.303814 1.309859 1.234834 1.173388 1.116796 1.08401 1.113135 1.048532 1.13857 1.258047 1.24327 1.263974 1.304396 1.396784 1.407288 1.500538 1.555693 1.785137 1.937328 1.90483 1.889422 1.963121 2.130379 2.313067 2.556427 2.461625 2.294423 2.485019 2.49158 2.361768 2.319332 2.133552 2.100382 2.10651 1.954213 1.90762 1.768897 1.680608 1.491574 1.355929 1.318551 1.388309 1.468925 1.535743 1.631205 1.765751 1.823814 1.803182 2.106722 2.171618 2.148753 2.141971 1.973008 1.880638 1.696624 1.676242 2.058756 2.260918
1.916887 1.635643 1.576782 1.431261 1.45449 1.378302 1.366666 1.257573 1.135507 1.096278 1.147436 1.10477 1.075966 1.12016 1.378956 1.52897 1.485195 1.426854 1.452803 1.52337 1.58271 1.862911 1.982762 2.038974 2.057045 1.922709 2.002372 2.090176 2.400894 2.675847 2.626537 2.52871 2.344383 2.331491 2.293528 2.235364 2.248456 2.259697 2.231254 2.122565 1.857439 1.675874 1.668731 1.566871 1.41978 1.328503 1.318391 1.431974 1.427734 1.562299 1.785019 1.837678 2.093269 2.144752 2.436287 2.389886 2.262052 2.123145 1.982754 1.775329 1.732262 1.863789 2.235004
1.793173 1.63402 1.617539 1.540323 1.586841 1.502743 1.369757 1.249872 1.186172 1.141512 1.267359 1.164728 1.117031 1.225119 1.343691 1.473886 1.60779 1.555334 1.456536 1.537212 1.637334 1.936239 2.011839 1.977406 2.036713 1.944169 2.029024 2.18817 2.361989 2.609771 2.540515 2.423308 2.383473 2.328523 2.4626 2.50353 2.548128 2.530166 2.497743 2.258195 2.013743 1.793579 1.626385 1.551675 1.57817 1.534593 1.376961 1.385812 1.425967 1.411178 1.749215 1.996457 2.119636 2.146752 2.334447 2.402102 2.406938 2.245754 2.000881 1.828432 1.821208 1.778261 2.021904
1.810039 1.714744 1.728718 1.836442 1.756305 1.509598 1.419403 1.318111 1.192367 1.194892 1.220886 1.175883 1.259103 1.302089 1.465185 1.551539 1.525516 1.551529 1.623187 1.67443 1.807108 1.89545 1.840674 1.894902 1.838601 1.881175 2.103396 2.295953 2.359053 2.395597 2.546566 2.397216 2.272233 2.342704 2.484179 2.605893 2.614538 2.725278 2.464802 2.102744 2.018993 1.70699 1.724535 1.750647 1.692299 1.646523 1.693959 1.602054 1.437027 1.449723 1.60497 2.060982 2.166944 2.143126 2.252612 2.398161 2.466968 2.312974 2.084664 1.779719 2.032489 1.691708 1.807645
1.715366 1.593891 1.665181 1.754532 1.732087 1.668998 1.382251 1.407079 1.320233 1.166887 1.252839 1.227198 1.32362 1.289808 1.481504 1.582708 1.578753 1.602368 1.679329 1.773835 1.857711 1.874496 1.826408 1.785624 1.784005 1.839497 2.025273 2.211645 2.223274 2.38786 2.483675 2.292408 2.270462 2.35423 2.436882 2.588279 2.651753 2.621608 2.286026 2.059217 1.863376 1.715346 1.798189 1.785886 1.800748 1.766619 1.753417 1.75489 1.632414 1.469135 1.588701 1.890677 2.280879 2.416585 2.521646 2.416933 2.375193 2.166489 1.912761 1.81635 2.010872 1.764415 1.796895
1.744451 1.537722 1.579641 1.516791 1.651513 1.536973 1.394053 1.428433 1.402263 1.248156 1.223114 1.31979 1.350232 1.48965 1.538104 1.518497 1.635926 1.756552 1.762922 1.771052 1.689272 1.705257 1.73498 1.658449 1.767035 1.702543 1.830404 2.067929 2.241982 2.293602 2.31211 2.393199 2.195741 2.344151 2.386413 2.470726 2.558278 2.482963 2.16974 1.976757 1.831591 1.746155 1.956287 1.945655 1.897438 1.894152 1.989186 1.909967 1.715147 1.541116 1.61952 1.910114 2.101065 2.240315 2.371366 2.422447 2.158364 1.901603 1.767587 1.871998 1.75687 1.562022 1.931745
1.69134 1.513358 1.508188 1.548757 1.508313 1.500948 1.411785 1.506993 1.424464 1.396205 1.357917 1.377093 1.455715 1.45901 1.55601 1.632338 1.632958 1.641639 1.601277 1.684763 1.649448 1.575345 1.581588 1.695168 1.705971 1.646809 1.794116 1.964041 2.085985 2.152281 2.270858 2.323547 2.306892 2.346265 2.389533 2.324766 2.316176 2.366501 2.118772 2.006324 1.877817 1.862395 1.950826 2.02505 2.063251 2.128501 2.051877 2.004996 1.826282 1.813408 1.653379 1.873569 2.146618 2.192259 2.243241 2.247089 1.950567 1.801782 1.853485 1.76522 1.594778 1.577052 1.923902
1.760956 1.719814 1.73872 1.788357 1.779796 1.539472 1.516832 1.434051 1.481622 1.494722 1.553867 1.539545 1.468876 1.559447 1.513816 1.608837 1.744042 1.713206 1.615891 1.579487 1.700431 1.664723 1.575329 1.60464 1.719336 1.69279 1.790628 1.885399 1.902704 2.027163 2.243974 2.194593 2.400209 2.290029 2.324327 2.219855 2.24182 2.291691 2.021477 1.838479 1.738354 1.697437 1.78478 2.034479 2.120253 2.15201 2.119245 2.025718 1.850826 1.927763 1.876443 2.002959 2.217589 2.291366 2.235051 2.300938 2.175227 2.079021 1.886986 1.728498 1.606313 1.697922 2.016194
1.79899 1.928727 1.931947 1.858755 1.862901 1.629337 1.504275 1.418614 1.500142 1.573683 1.646623 1.506162 1.48936 1.431555 1.544744 1.503137 1.607463 1.694382 1.558913 1.621665 1.648699 1.592843 1.61987 1.727919 1.666419 1.68168 1.779064 1.91558 1.988923 2.026414 2.044729 2.061912 2.321029 2.257392 2.338259 2.249505 2.330809 2.009086 1.899816 1.80079 1.661162 1.640056 1.733289 2.018895 2.113868 2.056742 1.998085 1.9616 1.936869 1.904392 2.037591 1.925999 2.196331 2.59254 2.606312 2.431738 2.178868 2.074708 1.977437 1.736412 1.629604 1.773597 2.052073
